  7.812500000000000E-005   12.4558170345460     
  8.005468749999999E-005   12.4558170427584     
  8.203203828125000E-005   12.4558170513816     
  8.405822962679700E-005   12.4558170604359     
  8.613446789857900E-005   12.4558170742387     
  8.826198925567400E-005   12.4558170846302     
  9.044206039028900E-005   12.4558170921642     
  9.267597928192900E-005   12.4558170966525     
  9.496507597019300E-005   12.4558170980173     
  9.731071334665600E-005   12.4558170961769     
  9.971428796631900E-005   12.4558170910426     
  1.021772308790900E-004   12.4558170825199     
  1.047010084818000E-004   12.4558170705102     
  1.072871233913000E-004   12.4558170549040     
  1.099371153390700E-004   12.4558170355865     
  1.126525620879400E-004   12.4558170124393     
  1.154350803715100E-004   12.4558169853305     
  1.182863268566900E-004   12.4558169541222     
  1.212079991300500E-004   12.4558169186709     
  1.242018367085600E-004   12.4558168788219     
  1.272696220752600E-004   12.4558168344113     
  1.304131817405200E-004   12.4558167852659     
  1.336343873295100E-004   12.4558167312036     
  1.369351566965500E-004   12.4558166720304     
  1.403174550669600E-004   12.4558166075417     
  1.437832962071100E-004   12.4558165375240     
  1.473347436234300E-004   12.4558164617466     
  1.509739117909200E-004   12.4558163799729     
  1.547029674121600E-004   12.4558162919451     
  1.585241307072400E-004   12.4558161973988     
  1.624396767357100E-004   12.4558160960514     
  1.664519367510800E-004   12.4558159876067     
  1.705632995888300E-004   12.4558158717513     
  1.747762130886800E-004   12.4558157481550     
  1.790931855519700E-004   12.4558156164728     
  1.835167872351000E-004   12.4558154763391     
  1.880496518798100E-004   12.4558153273681     
  1.926944782812400E-004   12.4558151691568     
  1.974540318947900E-004   12.4558150012782     
  2.023311464825900E-004   12.4558148232859     
  2.073287258007100E-004   12.4558146347078     
  2.124497453279900E-004   12.4558144350485     
  2.176972540375900E-004   12.4558142237875     
  2.230743762123100E-004   12.4558140003773     
  2.285843133047600E-004   12.4558137642393     
  2.342303458433900E-004   12.4558135147698     
  2.400158353857200E-004   12.4558132513322     
  2.459442265197500E-004   12.4558129732563     
  2.520190489147800E-004   12.4558126798400     
  2.582439194229800E-004   12.4558123703419     
  2.646225442327300E-004   12.4558120439863     
  2.711587210752700E-004   12.4558116999575     
  2.778563414858300E-004   12.4558113373957     
  2.847193931205300E-004   12.4558109554004     
  2.917519621306100E-004   12.4558105530239     
  2.989582355952400E-004   12.4558101292714     
  3.063425040144400E-004   12.4558096830979     
  3.139091638636000E-004   12.4558092134040     
  3.216627202110300E-004   12.4558087190367     
  3.296077894002400E-004   12.4558081987837     
  3.377491017984200E-004   12.4558076513720     
  3.460915046128500E-004   12.4558070754626     
  3.546399647767800E-004   12.4558064696532     
  3.633995719067700E-004   12.4558058324662     
  3.723755413328700E-004   12.4558051623526     
  3.815732172037900E-004   12.4558044576849     
  3.909980756687200E-004   12.4558037167532     
  4.006557281377400E-004   12.4558029377614     
  4.105519246227400E-004   12.4558021188244     
  4.206925571609200E-004   12.4558012579613     
  4.310836633228000E-004   12.4558003530918     
  4.417314298068700E-004   12.4557994020322     
  4.526421961231000E-004   12.4557984024878     
  4.638224583673400E-004   12.4557973520496     
  4.752788730890100E-004   12.4557962481878     
  4.870182612543100E-004   12.4557950882450     
  4.990476123072900E-004   12.4557938694313     
  5.113740883312800E-004   12.4557925888166     
  5.240050283130700E-004   12.4557912433237     
  5.369479525124000E-004   12.4557898297221     
  5.502105669394600E-004   12.4557883446182     
  5.638007679428600E-004   12.4557867844496     
  5.777266469110500E-004   12.4557851454740     
  5.919964950897500E-004   12.4557834237631     
  6.066188085184700E-004   12.4557816151905     
  6.216022930888800E-004   12.4557797154243     
  6.369558697281700E-004   12.4557777199155     
  6.526886797104600E-004   12.4557756238864     
  6.688100900993000E-004   12.4557734223215     
  6.853296993247600E-004   12.4557711099526     
  7.022573428980800E-004   12.4557686812494     
  7.196030992676600E-004   12.4557661304038     
  7.373772958195700E-004   12.4557634513172     
  7.555905150263200E-004   12.4557606375857     
  7.742536007474700E-004   12.4557576824855     
  7.933776646859301E-004   12.4557545789557     
  8.129740930036700E-004   12.4557513195821     
  8.330545531008600E-004   12.4557478965797     
  8.536310005624500E-004   12.4557443017739     
  8.747156862763400E-004   12.4557405265813     
  8.963211637273700E-004   12.4557365619885     
  9.184602964714400E-004   12.4557323985317     
  9.411462657942800E-004   12.4557280262738     
  9.643925785594000E-004   12.4557234347798     
  9.882130752498200E-004   12.4557186130933     
  1.012621938208500E-003   12.4557135497093     
  1.037633700082200E-003   12.4557082325494     
  1.063263252474300E-003   12.4557026489248     
  1.089525854810400E-003   12.4556967855214     
  1.116437143424200E-003   12.4556906283519     
  1.144013140866800E-003   12.4556841627310     
  1.172270265446200E-003   12.4556773732407     
  1.201225341002700E-003   12.4556702436903     
  1.230895606925500E-003   12.4556627570782     
  1.261298728416500E-003   12.4556548955567     
  1.292452807008400E-003   12.4556466403792     
  1.324376391341500E-003   12.4556379718668     
  1.357088488207700E-003   12.4556288693526     
  1.390608573866400E-003   12.4556193111411     
  1.424956605640900E-003   12.4556092744460     
  1.460153033800200E-003   12.4555987353451     
  1.496218813735100E-003   12.4555876687170     
  1.533175418434300E-003   12.4555760481881     
  1.571044851269700E-003   12.4555638460596     
  1.609849659096000E-003   12.4555510332557     
  1.649612945675700E-003   12.4555375792380     
  1.690358385433900E-003   12.4555234519469     
  1.732110237554100E-003   12.4555086177174     
  1.774893360421700E-003   12.4554930412001     
  1.818733226424100E-003   12.4554766852798     
  1.863655937116800E-003   12.4554595109831     
  1.909688238763600E-003   12.4554414773895     
  1.956857538261000E-003   12.4554225415321     
  2.005191919456100E-003   12.4554026582924     
  2.054720159866600E-003   12.4553817803008     
  2.105471747815400E-003   12.4553598578128     
  2.157476899986400E-003   12.4553368386031     
  2.210766579416100E-003   12.4553126678291     
  2.265372513927600E-003   12.4552872879103     
  2.321327215021600E-003   12.4552606383828     
  2.378663997232700E-003   12.4552326557612     
  2.437416997964300E-003   12.4552032733879     
  2.497621197814000E-003   12.4551724212685     
  2.559312441400100E-003   12.4551400259096     
  2.622527458702600E-003   12.4551060101464     
  2.687303886932600E-003   12.4550702929503     
  2.753680292939800E-003   12.4550327892460     
  2.821696196175400E-003   12.4549934097013     
  2.891392092221000E-003   12.4549520605184     
  2.962809476898800E-003   12.4549086432116     
  3.035990870978200E-003   12.4548630543679     
  3.110979845491400E-003   12.4548151854057     
  3.187821047675000E-003   12.4547649223154     
  3.266560227552600E-003   12.4547121453853     
  3.347244265173200E-003   12.4546567289203     
  3.429921198522900E-003   12.4545985409420     
  3.514640252126400E-003   12.4545374428714     
  3.601451866354000E-003   12.4544732892028     
  3.690407727452900E-003   12.4544059271582     
  3.781560798321000E-003   12.4543351963195     
  3.874965350039500E-003   12.4542609282513     
  3.970676994185500E-003   12.4541829460968     
  4.068752715941900E-003   12.4541010641602     
  4.169250908025600E-003   12.4540150874632     
  4.272231405453900E-003   12.4539248112800     
  4.377755521168600E-003   12.4538300206545     
  4.485886082541500E-003   12.4537304898847     
  4.596687468780200E-003   12.4536259819897     
  4.710225649259100E-003   12.4535162481424     
  4.826568222795800E-003   12.4534010270821     
  4.945784457898900E-003   12.4532800444904     
  5.067945334009000E-003   12.4531530123412     
  5.193123583759000E-003   12.4530196282145     
  5.321393736277800E-003   12.4528795745791     
  5.452832161563900E-003   12.4527325180370     
  5.587517115954500E-003   12.4525781085331     
  5.725528788718600E-003   12.4524159785217     
  5.866949349799900E-003   12.4522457420954     
  6.011862998740000E-003   12.4520669940668     
  6.160356014808900E-003   12.4518793090088     
  6.312516808374700E-003   12.4516822402431     
  6.468435973541500E-003   12.4514753187809     
  6.628206342088000E-003   12.4512580522087     
  6.791923038737600E-003   12.4510299235222     
  6.959683537794400E-003   12.4507903898991     
  7.131587721177900E-003   12.4505388814112     
  7.307737937891000E-003   12.4502747996739     
  7.488239064956900E-003   12.4499975164284     
  7.673198569861300E-003   12.4497063720525     
  7.862726574536899E-003   12.4494006739976     
  8.056935920928000E-003   12.4490796951500     
  8.255942238174900E-003   12.4487426721085     
  8.459864011457799E-003   12.4483888033782     
  8.668822652540801E-003   12.4480172474739     
  8.882942572058600E-003   12.4476271209308     
  9.102351253588400E-003   12.4472174962163     
  9.327179329552000E-003   12.4467873995370     
  9.557560658992000E-003   12.4463358085397     
  9.793632407269100E-003   12.4458616498984     
  1.003553512772900E-002   12.4453637967794     
  1.028341284538400E-002   12.4448410661882     
  1.053741314266400E-002   12.4442922161788     
  1.079768724728800E-002   12.4437159429199     
  1.106439012229600E-002   12.4431108776422     
  1.133768055831700E-002   12.4424755834043     
  1.161772126810700E-002   12.4418085517224     
  1.190467898343000E-002   12.4411081990167     
  1.219872455432000E-002   12.4403728629098     
  1.250003305081200E-002   12.4396007983069     
  1.280878386716700E-002   12.4387901733250     
  1.312516082868600E-002   12.4379390649917     
  1.344935230115500E-002   12.4370454547510     
  1.378155130299300E-002   12.4361072237499     
  1.412195562017700E-002   12.4351221478830     
  1.447076792399600E-002   12.4340878926164     
  1.482819589171800E-002   12.4330020075507     
  1.519445233024400E-002   12.4318619207119     
  1.556975530280100E-002   12.4306649325930     
  1.595432825878000E-002   12.4294082098826     
  1.634840016677200E-002   12.4280887789078     
  1.675220565089100E-002   12.4267035187624     
  1.716598513046800E-002   12.4252491541003     
  1.758998496319100E-002   12.4237222475942     
  1.802445759178100E-002   12.4221191920349     
  1.846966169429800E-002   12.4204362020483     
  1.892586233814800E-002   12.4186693054380     
  1.939333113790000E-002   12.4168143341138     
  1.987234641700600E-002   12.4148669145892     
  2.036319337350600E-002   12.4128224580506     
  2.086616424983200E-002   12.4106761499580     
  2.138155850680300E-002   12.4084229391708     
  2.190968300192100E-002   12.4060575265716     
  2.245085217206800E-002   12.4035743531744     
  2.300538822071800E-002   12.4009675876922     
  2.357362130977000E-002   12.3982311135489     
  2.415588975612100E-002   12.3953585153085     
  2.475254023309700E-002   12.3923430644997     
  2.536392797685500E-002   12.3891777048228     
  2.599041699788300E-002   12.3858550367110     
  2.663238029773100E-002   12.3823673012181     
  2.729020009108500E-002   12.3787063632282     
  2.796426803333500E-002   12.3748636939474     
  2.865498545375800E-002   12.3708303526699     
  2.936276359446600E-002   12.3665969677879     
  3.008802385524900E-002   12.3621537170361     
  3.083119804447400E-002   12.3574903069396     
  3.159272863617200E-002   12.3525959514603     
  3.237306903348600E-002   12.3474593498117     
  3.317268383861300E-002   12.3420686634444     
  3.399204912942600E-002   12.3364114921719     
  3.483165274292300E-002   12.3304748494397     
  3.569199456567300E-002   12.3242451367316     
  3.657358683144600E-002   12.3177081170972     
  3.747695442618200E-002   12.3108488878214     
  3.840263520050900E-002   12.3036518522185     
  3.935118028996200E-002   12.2961006905890     
  4.032315444312400E-002   12.2881783303334     
  4.131913635786900E-002   12.2798669152620     
  4.233971902590800E-002   12.2711477741304     
  4.338551008584800E-002   12.2620013884432     
  4.445713218496900E-002   12.2524073595796     
  4.555522334993700E-002   12.2423443753085     
  4.668043736668100E-002   12.2317901757640     
  4.783344416963800E-002   12.2207215189900     
  4.901493024062800E-002   12.2091141461469     
  5.022559901757100E-002   12.1969427465237     
  5.146617131330500E-002   12.1841809224970     
  5.273738574474400E-002   12.1708011546164     
  5.403999917263900E-002   12.1567747670104     
  5.537478715220300E-002   12.1420718933404     
  5.674254439486300E-002   12.1266614435654     
  5.814408524141600E-002   12.1105110718061     
  5.958024414687900E-002   12.0935871456377     
  6.105187617730700E-002   12.0758547171873     
  6.255985751888600E-002   12.0572774964486     
  6.410508599960300E-002   12.0378178272784     
  6.568848162379300E-002   12.0174366665981     
  6.731098711990000E-002   11.9960935673676     
  6.897356850176201E-002   11.9737466659759     
  7.067721564375599E-002   11.9503526747500     
  7.242294287015601E-002   11.9258668803547     
  7.421178955904900E-002   11.9002431489344     
  7.604482076115800E-002   11.8734339389336     
  7.792312783395799E-002   11.8453903226044     
  7.984782909145700E-002   11.8160620173107     
  8.182007047001599E-002   11.7853974278316     
  8.384102621062500E-002   11.7533437009550     
  8.591189955802800E-002   11.7198467937616     
  8.803392347711100E-002   11.6848515571018     
  9.020836138699601E-002   11.6483018358627     
  9.243650791325500E-002   11.6101405877414     
  9.471968965871200E-002   11.5703100223314     
  9.705926599328200E-002   11.5287517624357     
  9.945662986331601E-002   11.4854070296171     
  0.101913208620940        11.4402168560808     
  0.104430464873880        11.3931223250694     
  0.107009897356260        11.3440648420178     
  0.109653041820960        11.2929864387536     
  0.112361471953940        11.2398301131008     
  0.115136800311200        11.1845402062034     
  0.117980679278890        11.1270628199063     
  0.120894802057080        11.0673462764854     
  0.123880903667890        11.0053416229027     
  0.126940761988480        10.9410031816806     
  0.130076198809600        10.8742891502854     
  0.133289080920200        10.8051622507290     
  0.136581321218930        10.7335904307722     
  0.139954879853030        10.6595476178375     
  0.143411765385400        10.5830145263027     
  0.146954035990420        10.5039795184227     
  0.150583800679390        10.4224395185648     
  0.154303220556170        10.3384009798965     
  0.158114510103900        10.2518809019783     
  0.162019938503470        10.1629078970365     
  0.166021830984510        10.0715233019250     
  0.170122570209820        9.97778233197347     
  0.174324597694010        9.88175527212687     
  0.178630415257050        9.78352869996755     
  0.183042586513900        9.68320673435620     
  0.187563738400790        9.58091230274187     
  0.192196562739290        9.47678841944361     
  0.196943817838950        9.37099946667302     
  0.201808330139570        9.26373246960302     
  0.206792995894020        9.15519835654510     
  0.211900782892600        9.04563319523495     
  0.217134732230050        8.93529939638860     
  0.222497960116130        8.82448687611755     
  0.227993659731000        8.71351416940212     
  0.233625103126350        8.60272948768102     
  0.239395643173580        8.49251171455508     
  0.245308715559960        8.38327133464226     
  0.251367840834290        8.27545129151169     
  0.257576626502900        8.16952777142420     
  0.263938769177520        8.06601091008242     
  0.270458056776210        7.96544542009635     
  0.277138370778580        7.86841113793754     
  0.283983688536810        7.77552349235651     
  0.290998085643670        7.68743390475245     
  0.298185738359070        7.60483015132062     
  0.305550926096540        7.52843675582484     
  0.313098033971120        7.45901555225969     
  0.320831555410210        7.39736666993400     
  0.328756094828840        7.34433035148069     
  0.336876370371110        7.30079019156304     
  0.345197216719280        7.26767850567188     
  0.353723587972250        7.24598447067138     
  0.362460560595160        7.23676526775083     
  0.371413336441860        7.24115964332490     
  0.380587245851970        7.26040227031895     
  0.389987750824520        7.29583653207297     
  0.399620448269880        7.34892345408851     
  0.409491073342150        7.42124570559815     
  0.419605502853700        7.51450738443835     
  0.429969758774190        7.63053164096056     
  0.440590011815910        7.77125826101100     
  0.451472585107760        7.93874215386390     
  0.462623957959920        8.13515204517332     
  0.474050769721530        8.36276732413739     
  0.485759823733660        8.62397020544516     
  0.497758091379880        8.92122998443973     
  0.510052716236960        9.25707592915258     
  0.522651018328010        9.63405510159983     
  0.535560498480720        10.0546710934548     
  0.548788842793190        10.5212993450657     
  0.562343927210180        11.0360744918914     
  0.576233822212270        11.6007451884090     
  0.590466797620920        12.2164922743151     
  0.605051327522150        12.8837071894232     
  0.619996095311950        13.6017294665284     
  0.635309998866150        14.3685452123711     
  0.651002155838150        15.1804529930028     
  0.667081909087350        16.0317096752946     
  0.683558832241810        16.9141765977650     
  0.700442735398180        17.8169957424650     
  0.717743670962520        18.7263357194095     
  0.735471939635290        19.6252570813436     
  0.753638096544280        20.4937535766998     
  0.772252957528930        21.3090270442315     
  0.791327605579890        22.0460441179757     
  0.810873397437710        22.6783978413856     
  0.830901970354420        23.1794552501321     
  0.851425249022180        23.5237225126028     
  0.872455452673030        23.6883283127699     
  0.894005102354050        23.6545420409321     
  0.916087028382190        23.4092933546073     
  0.938714377983230        22.9466659614997     
  0.961900623119420        22.2692321470600     
  0.985659568510470        21.3889373936057     
   1.01000535985270        20.3271997552227     
   1.03495249224100        19.1140285624491     
   1.06051581879940        17.7861952076772     
   1.08671055952370        16.3846789677054     
   1.11355231034400        14.9517209300220     
   1.14105705240950        13.5278600487945     
   1.16924116160400        12.1493073583456     
   1.19812141829560        10.8459422825220     
   1.22771501732750        9.64010173655669     
   1.25803957825550        8.54619673216580     
   1.28911315583840        7.57106027811014     
   1.32095425078760        6.71486779310792     
   1.35358182078210        5.97238286644355     
   1.38701529175540        5.33432272705485     
   1.42127456946170        4.78867444392142     
   1.45638005132740        4.32186697762260     
   1.49235263859520        3.91977874027927     
   1.52921374876850        3.56861439108983     
   1.56698532836310        3.25570115389947     
   1.60568986597370        2.97022940424931     
   1.64535040566320        2.70390368734425     
   1.68599056068310        2.45139838378880     
   1.72763452753200        2.21045983823140     
   1.77030710036200        1.98151070620075     
   1.81403368574100        1.76672669587232     
   1.85884031777880        1.56875034571779     
   1.90475367362790        1.38939471653931     
   1.95180108936650        1.22878702203887     
   2.00001057627390        1.08554620679600     
   2.04941083750780       0.957968951113410     
   2.10003128519430       0.844461368588495     
   2.15190205793860       0.743567498636790     
   2.20505403876970       0.653962293993888     
   2.25951887352730       0.574447834934317     
   2.31532898970340       0.503944477432397     
   2.37251761574910       0.441482050875648     
   2.43111880085810       0.386190742801906     
   2.49116743523930       0.337292042487316     
   2.55269927088970       0.294089973005357     
   2.61575094288070       0.255962775422179     
   2.68035999116980       0.222355151811579     
   2.74656488295170       0.192771128321660     
   2.81440503556060       0.166767565130848     
   2.88392083993900       0.143948314363024     
   2.95515368468540       0.123959005429202     
   3.02814598069720       0.106482423710541     
   3.10294118642040       9.123443854150326E-002
   3.17958383372500       7.796043160659756E-002
   3.25811955441800       6.643217372142464E-002
   3.33859510741210       5.644509511914952E-002
   3.42105840656520       4.781590024534547E-002
   3.50555854920740       4.038047557731368E-002
   3.59214584537280       3.399204602933584E-002
   3.68087184775350       2.851953897513067E-002
   3.77178938239300       2.384612079346165E-002
   3.86495258013810       1.986787629574977E-002
   3.96041690886750       1.649260723684672E-002
   4.05823920651650       1.363873120137648E-002
   4.15847771491750       1.123426698879057E-002
   4.26119211447600       9.215896506707977E-003
   4.36644355970350       7.528096335778698E-003
   4.47429471562820       6.122334280215819E-003
   4.58480979510420       4.956327733543875E-003
   4.69805459704330       3.993361577782202E-003
   4.81409654559020       3.201663560900504E-003
   4.93300473026630       2.553835034571998E-003
   5.05484994710390       2.026334643420519E-003
   5.17970474079740       1.599012156165261E-003
   5.30764344789510       1.254689287139104E-003
   5.43874224105810       9.787840016161084E-004
   5.57307917441220       7.589747479685904E-004
   5.71073423002020       5.849010599381127E-004
   5.85178936550170       4.478971025590607E-004
   5.99632856282960       3.407550218370295E-004
   6.14443787833150       2.575152558386721E-004
   6.29620549392630       1.932812711161162E-004
   6.45172176962620       1.440564704716546E-004
   6.61107929733600       1.066012728711372E-004
   6.77437295598020       7.830853972533816E-005
   6.94169996799290       5.709567566977948E-005
   7.11315995720230       4.131182246344688E-005
   7.28885500814520       2.965865030155578E-005
   7.46888972684640       2.112331288464821E-005
   7.65337130309950       1.492219297559833E-005
   7.84240957428610       1.045413216575647E-005
   8.03611709077090       7.261911500005845E-006
   8.23460918291300       5.000834020938286E-006
   8.43800402973090       3.413352429777846E-006
   8.64642272926530       2.308784173763903E-006
   8.85998937067810       1.547258385611197E-006
   9.07883110813390       1.027142710835284E-006
   9.30307823650480       6.752980856744547E-007
   9.53286426894650       4.396048744398547E-007
   9.76832601638940       2.832919291081662E-007
   10.0096036689940       1.806799678179415E-007
   10.2568408796180       1.140213325031341E-007
   10.5101848493450       7.117958805928780E-008
   10.7697864151240       4.394482046363268E-008
   11.0358001395770       2.682433722422509E-008
   11.3083844030250       1.618460611469793E-008
   11.5877014977800       9.649533354928062E-009
   11.8739177247750       5.683516930882591E-009
   12.1672034925770       3.306028901897110E-009
   12.4677334188430       1.898641799524643E-009
   12.7756864342890       1.076194670610943E-009
   13.0912458892160       6.018811177685963E-010
   13.4145996626790       3.320163553975766E-010
   13.7459402743480       1.805884524482246E-010
   14.0854649991240       9.681687824825738E-011
   14.4333759846020       5.114316094202004E-011
   14.7898803714220       2.660970784050539E-011
   15.1551904165960       1.363154706358677E-011
   15.5295236198860       6.872818397854386E-012
   15.9131028532970       3.409079211547771E-012
   16.3061564937740       1.662934701141576E-012
   16.7089185591700       7.973848918176483E-013
   17.1216288475810       3.756900274683838E-013
   17.5445330801170       1.738479092152980E-013
   17.9778830471950       7.897544366087148E-014
   18.4219367584610       3.520424988356711E-014
   18.8769585963950       1.539123864750237E-014
   19.3432194737260       6.596595707125121E-015
   19.8209969947270       2.770251242958301E-015
   20.3105756204970       1.139331200396466E-015
   20.8122468383230       4.586542204449077E-016
   21.3263093352300       1.806311799936074E-016
   21.8530691758100       6.955581909273050E-017
   22.3928399844530       2.617358020393198E-017
   22.9459431320680       9.619023853144907E-018
   23.5127079274310       3.450483821519835E-018
   24.0934718132380       1.207386913146941E-018
   24.6885805670250       4.118698425934490E-019
   25.2983885070310       1.368810102675703E-019
   25.9232587031540       4.429059591948163E-020
   26.5635631931220       1.394353830421272E-020
   27.2196832039920       4.268035333026570E-021
   27.8920093791310       1.269314091475253E-021
   28.5809420107950       3.664622658713805E-022
   29.2868912784620       1.026589817020432E-022
   30.0102774930400       2.787899116458906E-023
   30.7515313471180       7.333787563889939E-024
   31.5110941713920       1.867240726430446E-024
   32.2894181974250       4.597619838871429E-025
   33.0869668269020       1.093847601209441E-025
   33.9042149075260       2.512417115870523E-026
   34.7416490157420       5.566055983585682E-027
   35.5997677464310       1.188292353728506E-027
   36.4790820097680       2.442344261268667E-028
   37.3801153354090       4.828084163380349E-029
   38.3034041841940       9.170478057646544E-030
   39.2494982675430       1.671902392713846E-030
   40.2189608747520       2.922619376831522E-031
   41.2123692083580       4.893301129685481E-032
   42.2303147278040       7.838229307287259E-033
   43.2734035015810       1.199768799936716E-033
   44.3422565680700       1.752919221587306E-034
   45.4375103053020       2.438586471745052E-035
   46.5598168098420       3.220791736028848E-036
   47.7098442850460       0.000000000000000E+000
   48.8882774388860       0.000000000000000E+000
   50.0958178916270       0.000000000000000E+000
   51.3331845935500       0.000000000000000E+000
   52.6011142530110       0.000000000000000E+000
   53.9003617750600       0.000000000000000E+000
   55.2317007109040       0.000000000000000E+000
   56.5959237184630       0.000000000000000E+000
   57.9938430343090       0.000000000000000E+000
   59.4262909572570       0.000000000000000E+000
   60.8941203439010       0.000000000000000E+000
   62.3982051163950       0.000000000000000E+000
   63.9394407827700       0.000000000000000E+000
   65.5187449701050       0.000000000000000E+000
   67.1370579708660       0.000000000000000E+000
   68.7953433027470       0.000000000000000E+000
   70.4945882823240       0.000000000000000E+000
   72.2358046128980       0.000000000000000E+000
   74.0200289868360       0.000000000000000E+000
   75.8483237028110       0.000000000000000E+000
   77.7217772982710       0.000000000000000E+000
