  2.314815E-04  2.459156E-11  4.552450E-09
  2.343287E-04  2.551020E-11  4.698666E-09
  2.372109E-04  2.646315E-11  4.849573E-09
  2.401286E-04  2.745170E-11  5.005321E-09
  2.430822E-04  2.847718E-11  5.166257E-09
  2.460721E-04  2.954096E-11  5.332949E-09
  2.490988E-04  3.064449E-11  5.505482E-09
  2.521627E-04  3.178923E-11  5.684070E-09
  2.552643E-04  3.297674E-11  5.868915E-09
  2.584041E-04  3.420861E-11  6.060225E-09
  2.615825E-04  3.548650E-11  6.258215E-09
  2.647999E-04  3.681213E-11  6.463107E-09
  2.680570E-04  3.818727E-11  6.675134E-09
  2.713541E-04  3.961379E-11  6.894534E-09
  2.746917E-04  4.109359E-11  7.121555E-09
  2.780704E-04  4.262867E-11  7.356453E-09
  2.814907E-04  4.422109E-11  7.599493E-09
  2.849530E-04  4.587301E-11  7.850951E-09
  2.884580E-04  4.758663E-11  8.111111E-09
  2.920060E-04  4.936426E-11  8.380266E-09
  2.955977E-04  5.120830E-11  8.658723E-09
  2.992335E-04  5.312122E-11  8.946796E-09
  3.029141E-04  5.510561E-11  9.244812E-09
  3.066399E-04  5.716412E-11  9.553109E-09
  3.104116E-04  5.929952E-11  9.872038E-09
  3.142297E-04  6.151470E-11  1.020196E-08
  3.180947E-04  6.381263E-11  1.054325E-08
  3.220072E-04  6.619640E-11  1.089630E-08
  3.259679E-04  6.866921E-11  1.126150E-08
  3.299773E-04  7.123440E-11  1.163928E-08
  3.340361E-04  7.389542E-11  1.203006E-08
  3.381447E-04  7.665584E-11  1.243429E-08
  3.423039E-04  7.951937E-11  1.285244E-08
  3.465142E-04  8.248988E-11  1.328497E-08
  3.507764E-04  8.557135E-11  1.373239E-08
  3.550909E-04  8.876793E-11  1.419520E-08
  3.594585E-04  9.208393E-11  1.467393E-08
  3.638799E-04  9.552379E-11  1.516913E-08
  3.683556E-04  9.909215E-11  1.568138E-08
  3.728864E-04  1.027938E-10  1.621125E-08
  3.774729E-04  1.066338E-10  1.675935E-08
  3.821158E-04  1.106171E-10  1.732631E-08
  3.868158E-04  1.147493E-10  1.791279E-08
  3.915736E-04  1.190359E-10  1.851946E-08
  3.963900E-04  1.234826E-10  1.914702E-08
  4.012656E-04  1.280953E-10  1.979618E-08
  4.062011E-04  1.328804E-10  2.046769E-08
  4.111974E-04  1.378443E-10  2.116234E-08
  4.162552E-04  1.429936E-10  2.188092E-08
  4.213751E-04  1.483352E-10  2.262426E-08
  4.265580E-04  1.538764E-10  2.339321E-08
  4.318047E-04  1.596245E-10  2.418868E-08
  4.371159E-04  1.655874E-10  2.501157E-08
  4.424924E-04  1.717731E-10  2.586284E-08
  4.479350E-04  1.781898E-10  2.674348E-08
  4.534446E-04  1.848462E-10  2.765450E-08
  4.590220E-04  1.917513E-10  2.859696E-08
  4.646680E-04  1.989143E-10  2.957197E-08
  4.703834E-04  2.063449E-10  3.058064E-08
  4.761691E-04  2.140531E-10  3.162415E-08
  4.820260E-04  2.220492E-10  3.270372E-08
  4.879549E-04  2.303440E-10  3.382060E-08
  4.939568E-04  2.389487E-10  3.497610E-08
  5.000324E-04  2.478748E-10  3.617155E-08
  5.061828E-04  2.571343E-10  3.740836E-08
  5.124089E-04  2.667398E-10  3.868796E-08
  5.187115E-04  2.767041E-10  4.001186E-08
  5.250917E-04  2.870406E-10  4.138160E-08
  5.315503E-04  2.977632E-10  4.279878E-08
  5.380884E-04  3.088864E-10  4.426506E-08
  5.447068E-04  3.204251E-10  4.578216E-08
  5.514067E-04  3.323948E-10  4.735186E-08
  5.581890E-04  3.448117E-10  4.897600E-08
  5.650548E-04  3.576924E-10  5.065648E-08
  5.720049E-04  3.710542E-10  5.239528E-08
  5.790406E-04  3.849153E-10  5.419445E-08
  5.861628E-04  3.992941E-10  5.605609E-08
  5.933726E-04  4.142100E-10  5.798241E-08
  6.006711E-04  4.296832E-10  5.997567E-08
  6.080593E-04  4.457343E-10  6.203822E-08
  6.155385E-04  4.623851E-10  6.417249E-08
  6.231096E-04  4.796578E-10  6.638101E-08
  6.307738E-04  4.975758E-10  6.866638E-08
  6.385324E-04  5.161632E-10  7.103131E-08
  6.463863E-04  5.354449E-10  7.347859E-08
  6.543369E-04  5.554468E-10  7.601112E-08
  6.623852E-04  5.761960E-10  7.863190E-08
  6.705325E-04  5.977203E-10  8.134404E-08
  6.787801E-04  6.200486E-10  8.415075E-08
  6.871291E-04  6.432110E-10  8.705537E-08
  6.955808E-04  6.672387E-10  9.006135E-08
  7.041364E-04  6.921639E-10  9.317226E-08
  7.127973E-04  7.180203E-10  9.639180E-08
  7.215647E-04  7.448425E-10  9.972381E-08
  7.304399E-04  7.726667E-10  1.031723E-07
  7.394244E-04  8.015303E-10  1.067412E-07
  7.485193E-04  8.314721E-10  1.104350E-07
  7.577261E-04  8.625325E-10  1.142580E-07
  7.670461E-04  8.947531E-10  1.182148E-07
  7.764808E-04  9.281773E-10  1.223101E-07
  7.860315E-04  9.628502E-10  1.265488E-07
  7.956997E-04  9.988182E-10  1.309360E-07
  8.054868E-04  1.036130E-09  1.354769E-07
  8.153943E-04  1.074835E-09  1.401770E-07
  8.254236E-04  1.114987E-09  1.450419E-07
  8.355763E-04  1.156638E-09  1.500774E-07
  8.458539E-04  1.199845E-09  1.552896E-07
  8.562579E-04  1.244667E-09  1.606848E-07
  8.667899E-04  1.291162E-09  1.662695E-07
  8.774514E-04  1.339395E-09  1.720503E-07
  8.882440E-04  1.389429E-09  1.780343E-07
  8.991695E-04  1.441332E-09  1.842285E-07
  9.102292E-04  1.495174E-09  1.906406E-07
  9.214251E-04  1.551028E-09  1.972782E-07
  9.327586E-04  1.608968E-09  2.041494E-07
  9.442315E-04  1.669072E-09  2.112624E-07
  9.558456E-04  1.731422E-09  2.186258E-07
  9.676025E-04  1.796101E-09  2.262486E-07
  9.795040E-04  1.863196E-09  2.341400E-07
  9.915519E-04  1.932797E-09  2.423095E-07
  1.003748E-03  2.004998E-09  2.507670E-07
  1.016094E-03  2.079897E-09  2.595228E-07
  1.028592E-03  2.157593E-09  2.685874E-07
  1.041244E-03  2.238192E-09  2.779720E-07
  1.054051E-03  2.321802E-09  2.876878E-07
  1.067016E-03  2.408535E-09  2.977467E-07
  1.080140E-03  2.498508E-09  3.081610E-07
  1.093426E-03  2.591842E-09  3.189432E-07
  1.106875E-03  2.688663E-09  3.301065E-07
  1.120490E-03  2.789100E-09  3.416646E-07
  1.134272E-03  2.893290E-09  3.536314E-07
  1.148223E-03  3.001371E-09  3.660216E-07
  1.162346E-03  3.113490E-09  3.788503E-07
  1.176643E-03  3.229798E-09  3.921331E-07
  1.191116E-03  3.350450E-09  4.058863E-07
  1.205767E-03  3.475609E-09  4.201267E-07
  1.220597E-03  3.605444E-09  4.348716E-07
  1.235611E-03  3.740129E-09  4.501392E-07
  1.250809E-03  3.879845E-09  4.659481E-07
  1.266194E-03  4.024780E-09  4.823176E-07
  1.281768E-03  4.175130E-09  4.992678E-07
  1.297534E-03  4.331096E-09  5.168195E-07
  1.313493E-03  4.492889E-09  5.349941E-07
  1.329649E-03  4.660725E-09  5.538141E-07
  1.346004E-03  4.834831E-09  5.733025E-07
  1.362560E-03  5.015441E-09  5.934832E-07
  1.379319E-03  5.202798E-09  6.143811E-07
  1.396285E-03  5.397154E-09  6.360217E-07
  1.413459E-03  5.598771E-09  6.584318E-07
  1.430845E-03  5.807919E-09  6.816389E-07
  1.448444E-03  6.024880E-09  7.056716E-07
  1.466260E-03  6.249946E-09  7.305594E-07
  1.484295E-03  6.483419E-09  7.563330E-07
  1.502552E-03  6.725614E-09  7.830243E-07
  1.521033E-03  6.976857E-09  8.106661E-07
  1.539742E-03  7.237486E-09  8.392925E-07
  1.558681E-03  7.507850E-09  8.689388E-07
  1.577853E-03  7.788314E-09  8.996417E-07
  1.597260E-03  8.079256E-09  9.314391E-07
  1.616907E-03  8.381066E-09  9.643703E-07
  1.636794E-03  8.694150E-09  9.984759E-07
  1.656927E-03  9.018930E-09  1.033798E-06
  1.677307E-03  9.355843E-09  1.070381E-06
  1.697938E-03  9.705342E-09  1.108269E-06
  1.718823E-03  1.006790E-08  1.147510E-06
  1.739964E-03  1.044400E-08  1.188152E-06
  1.761366E-03  1.083414E-08  1.230246E-06
  1.783031E-03  1.123887E-08  1.273843E-06
  1.804962E-03  1.165871E-08  1.318999E-06
  1.827163E-03  1.209423E-08  1.365768E-06
  1.849637E-03  1.254603E-08  1.414208E-06
  1.872388E-03  1.301470E-08  1.464381E-06
  1.895418E-03  1.350088E-08  1.516348E-06
  1.918732E-03  1.400523E-08  1.570174E-06
  1.942332E-03  1.452841E-08  1.625926E-06
  1.966223E-03  1.507114E-08  1.683672E-06
  1.990407E-03  1.563414E-08  1.743486E-06
  2.014889E-03  1.621818E-08  1.805440E-06
  2.039672E-03  1.682403E-08  1.869613E-06
  2.064760E-03  1.745252E-08  1.936084E-06
  2.090157E-03  1.810448E-08  2.004936E-06
  2.115866E-03  1.878080E-08  2.076254E-06
  2.141891E-03  1.948239E-08  2.150128E-06
  2.168236E-03  2.021018E-08  2.226649E-06
  2.194906E-03  2.096516E-08  2.305913E-06
  2.221903E-03  2.174835E-08  2.388019E-06
  2.249232E-03  2.256079E-08  2.473068E-06
  2.276898E-03  2.340358E-08  2.561168E-06
  2.304904E-03  2.427786E-08  2.652428E-06
  2.333254E-03  2.518480E-08  2.746961E-06
  2.361953E-03  2.612562E-08  2.844886E-06
  2.391005E-03  2.710159E-08  2.946325E-06
  2.420414E-03  2.811401E-08  3.051404E-06
  2.450185E-03  2.916426E-08  3.160256E-06
  2.480323E-03  3.025374E-08  3.273015E-06
  2.510831E-03  3.138392E-08  3.389822E-06
  2.541714E-03  3.255632E-08  3.510824E-06
  2.572977E-03  3.377252E-08  3.636172E-06
  2.604625E-03  3.503416E-08  3.766022E-06
  2.636662E-03  3.634293E-08  3.900536E-06
  2.669092E-03  3.770058E-08  4.039883E-06
  2.701922E-03  3.910896E-08  4.184238E-06
  2.735156E-03  4.056995E-08  4.333779E-06
  2.768798E-03  4.208552E-08  4.488695E-06
  2.802855E-03  4.365771E-08  4.649179E-06
  2.837330E-03  4.528864E-08  4.815432E-06
  2.872229E-03  4.698049E-08  4.987662E-06
  2.907557E-03  4.873554E-08  5.166085E-06
  2.943320E-03  5.055617E-08  5.350923E-06
  2.979523E-03  5.244480E-08  5.542407E-06
  3.016171E-03  5.440399E-08  5.740778E-06
  3.053270E-03  5.643638E-08  5.946284E-06
  3.090825E-03  5.854469E-08  6.159182E-06
  3.128842E-03  6.073176E-08  6.379737E-06
  3.167327E-03  6.300054E-08  6.608228E-06
  3.206285E-03  6.535408E-08  6.844938E-06
  3.245723E-03  6.779554E-08  7.090165E-06
  3.285645E-03  7.032821E-08  7.344216E-06
  3.326059E-03  7.295550E-08  7.607407E-06
  3.366969E-03  7.568095E-08  7.880070E-06
  3.408383E-03  7.850821E-08  8.162545E-06
  3.450306E-03  8.144110E-08  8.455186E-06
  3.492745E-03  8.448355E-08  8.758358E-06
  3.535705E-03  8.763967E-08  9.072442E-06
  3.579195E-03  9.091370E-08  9.397830E-06
  3.623219E-03  9.431005E-08  9.734930E-06
  3.667784E-03  9.783328E-08  1.008416E-05
  3.712898E-03  1.014881E-07  1.044597E-05
  3.758567E-03  1.052795E-07  1.082079E-05
  3.804797E-03  1.092126E-07  1.120911E-05
  3.851596E-03  1.132926E-07  1.161141E-05
  3.898971E-03  1.175250E-07  1.202819E-05
  3.946928E-03  1.219155E-07  1.245997E-05
  3.995475E-03  1.264701E-07  1.290729E-05
  4.044620E-03  1.311948E-07  1.337071E-05
  4.094368E-03  1.360961E-07  1.385081E-05
  4.144729E-03  1.411804E-07  1.434820E-05
  4.195709E-03  1.464547E-07  1.486349E-05
  4.247316E-03  1.519261E-07  1.539732E-05
  4.299558E-03  1.576019E-07  1.595037E-05
  4.352443E-03  1.634897E-07  1.652332E-05
  4.405978E-03  1.695975E-07  1.711689E-05
  4.460172E-03  1.759335E-07  1.773182E-05
  4.515032E-03  1.825062E-07  1.836888E-05
  4.570567E-03  1.893245E-07  1.902887E-05
  4.626785E-03  1.963976E-07  1.971260E-05
  4.683694E-03  2.037349E-07  2.042093E-05
  4.741303E-03  2.113463E-07  2.115474E-05
  4.799622E-03  2.192421E-07  2.191496E-05
  4.858657E-03  2.274330E-07  2.270252E-05
  4.918418E-03  2.359298E-07  2.351841E-05
  4.978915E-03  2.447441E-07  2.436364E-05
  5.040156E-03  2.538878E-07  2.523927E-05
  5.102149E-03  2.633731E-07  2.614639E-05
  5.164906E-03  2.732127E-07  2.708613E-05
  5.228434E-03  2.834201E-07  2.805965E-05
  5.292744E-03  2.940088E-07  2.906817E-05
  5.357845E-03  3.049931E-07  3.011294E-05
  5.423746E-03  3.163879E-07  3.119526E-05
  5.490458E-03  3.282084E-07  3.231647E-05
  5.557991E-03  3.404706E-07  3.347798E-05
  5.626354E-03  3.531910E-07  3.468121E-05
  5.695558E-03  3.663867E-07  3.592767E-05
  5.765614E-03  3.800754E-07  3.721889E-05
  5.836531E-03  3.942756E-07  3.855649E-05
  5.908320E-03  4.090064E-07  3.994212E-05
  5.980992E-03  4.242877E-07  4.137750E-05
  6.054559E-03  4.401399E-07  4.286439E-05
  6.129030E-03  4.565845E-07  4.440466E-05
  6.204417E-03  4.736436E-07  4.600020E-05
  6.280731E-03  4.913402E-07  4.765298E-05
  6.357984E-03  5.096980E-07  4.936505E-05
  6.436187E-03  5.287418E-07  5.113852E-05
  6.515352E-03  5.484972E-07  5.297558E-05
  6.595491E-03  5.689908E-07  5.487851E-05
  6.676616E-03  5.902503E-07  5.684965E-05
  6.758738E-03  6.123042E-07  5.889142E-05
  6.841871E-03  6.351823E-07  6.100635E-05
  6.926026E-03  6.589153E-07  6.319704E-05
  7.011216E-03  6.835352E-07  6.546619E-05
  7.097454E-03  7.090752E-07  6.781659E-05
  7.184752E-03  7.355697E-07  7.025112E-05
  7.273125E-03  7.630542E-07  7.277278E-05
  7.362584E-03  7.915659E-07  7.538467E-05
  7.453144E-03  8.211432E-07  7.808998E-05
  7.544818E-03  8.518258E-07  8.089205E-05
  7.637619E-03  8.836551E-07  8.379429E-05
  7.731562E-03  9.166740E-07  8.680027E-05
  7.826660E-03  9.509269E-07  8.991366E-05
  7.922928E-03  9.864600E-07  9.313828E-05
  8.020380E-03  1.023321E-06  9.647805E-05
  8.119031E-03  1.061560E-06  9.993707E-05
  8.218895E-03  1.101228E-06  1.035195E-04
  8.319987E-03  1.142379E-06  1.072299E-04
  8.422323E-03  1.185067E-06  1.110725E-04
  8.525917E-03  1.229352E-06  1.150522E-04
  8.630786E-03  1.275291E-06  1.191737E-04
  8.736945E-03  1.322948E-06  1.234422E-04
  8.844409E-03  1.372386E-06  1.278626E-04
  8.953196E-03  1.423672E-06  1.324405E-04
  9.063320E-03  1.476875E-06  1.371814E-04
  9.174799E-03  1.532067E-06  1.420910E-04
  9.287649E-03  1.589322E-06  1.471753E-04
  9.401887E-03  1.648718E-06  1.524403E-04
  9.517530E-03  1.710333E-06  1.578926E-04
  9.634596E-03  1.774253E-06  1.635385E-04
  9.753101E-03  1.840561E-06  1.693850E-04
  9.873064E-03  1.909349E-06  1.754391E-04
  9.994503E-03  1.980708E-06  1.817081E-04
  1.011744E-02  2.054735E-06  1.881995E-04
  1.024188E-02  2.131530E-06  1.949211E-04
  1.036785E-02  2.211195E-06  2.018810E-04
  1.049538E-02  2.293840E-06  2.090875E-04
  1.062447E-02  2.379574E-06  2.165492E-04
  1.075515E-02  2.468514E-06  2.242751E-04
  1.088744E-02  2.560779E-06  2.322744E-04
  1.102136E-02  2.656495E-06  2.405567E-04
  1.115692E-02  2.755789E-06  2.491317E-04
  1.129415E-02  2.858796E-06  2.580098E-04
  1.143307E-02  2.965655E-06  2.672014E-04
  1.157370E-02  3.076511E-06  2.767175E-04
  1.171605E-02  3.191511E-06  2.865694E-04
  1.186016E-02  3.310812E-06  2.967688E-04
  1.200604E-02  3.434575E-06  3.073276E-04
  1.215371E-02  3.562967E-06  3.182585E-04
  1.230320E-02  3.696160E-06  3.295743E-04
  1.245453E-02  3.834334E-06  3.412883E-04
  1.260772E-02  3.977677E-06  3.534143E-04
  1.276280E-02  4.126381E-06  3.659667E-04
  1.291978E-02  4.280647E-06  3.789600E-04
  1.307870E-02  4.440684E-06  3.924096E-04
  1.323956E-02  4.606706E-06  4.063313E-04
  1.340241E-02  4.778940E-06  4.207412E-04
  1.356726E-02  4.957616E-06  4.356562E-04
  1.373414E-02  5.142976E-06  4.510937E-04
  1.390307E-02  5.335271E-06  4.670717E-04
  1.407407E-02  5.534760E-06  4.836087E-04
  1.424719E-02  5.741712E-06  5.007240E-04
  1.442243E-02  5.956408E-06  5.184373E-04
  1.459982E-02  6.179136E-06  5.367692E-04
  1.477940E-02  6.410199E-06  5.557408E-04
  1.496119E-02  6.649908E-06  5.753741E-04
  1.514521E-02  6.898586E-06  5.956915E-04
  1.533149E-02  7.156571E-06  6.167166E-04
  1.552007E-02  7.424210E-06  6.384733E-04
  1.571097E-02  7.701865E-06  6.609867E-04
  1.590421E-02  7.989913E-06  6.842825E-04
  1.609984E-02  8.288741E-06  7.083872E-04
  1.629786E-02  8.598754E-06  7.333284E-04
  1.649833E-02  8.920371E-06  7.591344E-04
  1.670126E-02  9.254028E-06  7.858346E-04
  1.690668E-02  9.600175E-06  8.134591E-04
  1.711463E-02  9.959280E-06  8.420392E-04
  1.732514E-02  1.033183E-05  8.716073E-04
  1.753824E-02  1.071833E-05  9.021966E-04
  1.775396E-02  1.111930E-05  9.338415E-04
  1.797234E-02  1.153528E-05  9.665776E-04
  1.819340E-02  1.196684E-05  1.000442E-03
  1.841718E-02  1.241456E-05  1.035471E-03
  1.864371E-02  1.287905E-05  1.071706E-03
  1.887303E-02  1.336094E-05  1.109185E-03
  1.910516E-02  1.386088E-05  1.147951E-03
  1.934016E-02  1.437954E-05  1.188047E-03
  1.957804E-02  1.491763E-05  1.229517E-03
  1.981885E-02  1.547588E-05  1.272407E-03
  2.006262E-02  1.605504E-05  1.316764E-03
  2.030939E-02  1.665590E-05  1.362637E-03
  2.055920E-02  1.727928E-05  1.410076E-03
  2.081208E-02  1.792602E-05  1.459133E-03
  2.106807E-02  1.859699E-05  1.509862E-03
  2.132720E-02  1.929311E-05  1.562317E-03
  2.158953E-02  2.001532E-05  1.616556E-03
  2.185508E-02  2.076461E-05  1.672637E-03
  2.212390E-02  2.154198E-05  1.730622E-03
  2.239602E-02  2.234849E-05  1.790572E-03
  2.267149E-02  2.318525E-05  1.852551E-03
  2.295035E-02  2.405338E-05  1.916628E-03
  2.323264E-02  2.495406E-05  1.982869E-03
  2.351840E-02  2.588853E-05  2.051346E-03
  2.380768E-02  2.685804E-05  2.122131E-03
  2.410051E-02  2.786392E-05  2.195300E-03
  2.439695E-02  2.890753E-05  2.270929E-03
  2.469703E-02  2.999030E-05  2.349099E-03
  2.500080E-02  3.111370E-05  2.429892E-03
  2.530831E-02  3.227925E-05  2.513393E-03
  2.561961E-02  3.348854E-05  2.599689E-03
  2.593473E-02  3.474323E-05  2.688869E-03
  2.625372E-02  3.604501E-05  2.781027E-03
  2.657664E-02  3.739567E-05  2.876257E-03
  2.690354E-02  3.879704E-05  2.974659E-03
  2.723445E-02  4.025104E-05  3.076334E-03
  2.756943E-02  4.175964E-05  3.181386E-03
  2.790854E-02  4.332491E-05  3.289922E-03
  2.825181E-02  4.494898E-05  3.402053E-03
  2.859931E-02  4.663407E-05  3.517894E-03
  2.895108E-02  4.838248E-05  3.637560E-03
  2.930718E-02  5.019660E-05  3.761174E-03
  2.966766E-02  5.207891E-05  3.888860E-03
  3.003257E-02  5.403198E-05  4.020745E-03
  3.040197E-02  5.605848E-05  4.156961E-03
  3.077592E-02  5.816119E-05  4.297644E-03
  3.115446E-02  6.034299E-05  4.442934E-03
  3.153766E-02  6.260686E-05  4.592973E-03
  3.192557E-02  6.495591E-05  4.747909E-03
  3.231826E-02  6.739335E-05  4.907895E-03
  3.271577E-02  6.992253E-05  5.073086E-03
  3.311818E-02  7.254691E-05  5.243644E-03
  3.352553E-02  7.527011E-05  5.419733E-03
  3.393789E-02  7.809586E-05  5.601524E-03
  3.435533E-02  8.102804E-05  5.789190E-03
  3.477790E-02  8.407068E-05  5.982913E-03
  3.520567E-02  8.722798E-05  6.182875E-03
  3.563870E-02  9.050427E-05  6.389268E-03
  3.607705E-02  9.390406E-05  6.602286E-03
  3.652080E-02  9.743204E-05  6.822129E-03
  3.697001E-02  1.010931E-04  7.049004E-03
  3.742474E-02  1.048922E-04  7.283121E-03
  3.788506E-02  1.088347E-04  7.524699E-03
  3.835105E-02  1.129260E-04  7.773960E-03
  3.882277E-02  1.171717E-04  8.031133E-03
  3.930029E-02  1.215778E-04  8.296454E-03
  3.978368E-02  1.261502E-04  8.570164E-03
  4.027302E-02  1.308954E-04  8.852512E-03
  4.076838E-02  1.358199E-04  9.143751E-03
  4.126983E-02  1.409306E-04  9.444144E-03
  4.177745E-02  1.462345E-04  9.753958E-03
  4.229131E-02  1.517390E-04  1.007347E-02
  4.281149E-02  1.574518E-04  1.040296E-02
  4.333808E-02  1.633808E-04  1.074271E-02
  4.387113E-02  1.695342E-04  1.109303E-02
  4.441075E-02  1.759206E-04  1.145422E-02
  4.495700E-02  1.825490E-04  1.182660E-02
  4.550997E-02  1.894286E-04  1.221047E-02
  4.606975E-02  1.965690E-04  1.260617E-02
  4.663640E-02  2.039801E-04  1.301403E-02
  4.721003E-02  2.116724E-04  1.343441E-02
  4.779071E-02  2.196566E-04  1.386765E-02
  4.837854E-02  2.279439E-04  1.431411E-02
  4.897360E-02  2.365460E-04  1.477416E-02
  4.957597E-02  2.454748E-04  1.524818E-02
  5.018576E-02  2.547431E-04  1.573657E-02
  5.080304E-02  2.643638E-04  1.623971E-02
  5.142792E-02  2.743504E-04  1.675802E-02
  5.206048E-02  2.847172E-04  1.729190E-02
  5.270083E-02  2.954786E-04  1.784179E-02
  5.334905E-02  3.066500E-04  1.840812E-02
  5.400524E-02  3.182471E-04  1.899134E-02
  5.466950E-02  3.302864E-04  1.959189E-02
  5.534194E-02  3.427850E-04  2.021025E-02
  5.602264E-02  3.557606E-04  2.084689E-02
  5.671172E-02  3.692316E-04  2.150230E-02
  5.740928E-02  3.832174E-04  2.217697E-02
  5.811541E-02  3.977378E-04  2.287141E-02
  5.883023E-02  4.128135E-04  2.358614E-02
  5.955384E-02  4.284662E-04  2.432169E-02
  6.028635E-02  4.447182E-04  2.507859E-02
  6.102788E-02  4.615929E-04  2.585741E-02
  6.177852E-02  4.791145E-04  2.665869E-02
  6.253839E-02  4.973082E-04  2.748302E-02
  6.330762E-02  5.162003E-04  2.833098E-02
  6.408630E-02  5.358179E-04  2.920317E-02
  6.487456E-02  5.561896E-04  3.010019E-02
  6.567252E-02  5.773447E-04  3.102267E-02
  6.648029E-02  5.993140E-04  3.197123E-02
  6.729800E-02  6.221294E-04  3.294653E-02
  6.812576E-02  6.458241E-04  3.394921E-02
  6.896371E-02  6.704327E-04  3.497995E-02
  6.981196E-02  6.959911E-04  3.603942E-02
  7.067065E-02  7.225367E-04  3.712832E-02
  7.153990E-02  7.501085E-04  3.824735E-02
  7.241984E-02  7.787470E-04  3.939722E-02
  7.331061E-02  8.084943E-04  4.057867E-02
  7.421233E-02  8.393944E-04  4.179243E-02
  7.512514E-02  8.714929E-04  4.303926E-02
  7.604918E-02  9.048374E-04  4.431991E-02
  7.698458E-02  9.394774E-04  4.563518E-02
  7.793149E-02  9.754645E-04  4.698584E-02
  7.889005E-02  1.012852E-03  4.837269E-02
  7.986040E-02  1.051697E-03  4.979654E-02
  8.084268E-02  1.092056E-03  5.125823E-02
  8.183705E-02  1.133991E-03  5.275858E-02
  8.284364E-02  1.177564E-03  5.429844E-02
  8.386262E-02  1.222842E-03  5.587866E-02
  8.489413E-02  1.269892E-03  5.750012E-02
  8.593833E-02  1.318787E-03  5.916370E-02
  8.699537E-02  1.369601E-03  6.087027E-02
  8.806541E-02  1.422410E-03  6.262075E-02
  8.914861E-02  1.477296E-03  6.441604E-02
  9.024514E-02  1.534344E-03  6.625706E-02
  9.135516E-02  1.593640E-03  6.814475E-02
  9.247883E-02  1.655277E-03  7.008003E-02
  9.361632E-02  1.719349E-03  7.206385E-02
  9.476780E-02  1.785956E-03  7.409717E-02
  9.593344E-02  1.855201E-03  7.618094E-02
  9.711342E-02  1.927193E-03  7.831614E-02
  9.830792E-02  2.002045E-03  8.050375E-02
  9.951710E-02  2.079873E-03  8.274474E-02
  1.007412E-01  2.160801E-03  8.504009E-02
  1.019803E-01  2.244956E-03  8.739081E-02
  1.032346E-01  2.332472E-03  8.979788E-02
  1.045044E-01  2.423488E-03  9.226231E-02
  1.057898E-01  2.518149E-03  9.478509E-02
  1.070910E-01  2.616608E-03  9.736724E-02
  1.084083E-01  2.719021E-03  1.000098E-01
  1.097417E-01  2.825556E-03  1.027136E-01
  1.110915E-01  2.936383E-03  1.054799E-01
  1.124579E-01  3.051684E-03  1.083096E-01
  1.138412E-01  3.171646E-03  1.112036E-01
  1.152414E-01  3.296465E-03  1.141630E-01
  1.166589E-01  3.426347E-03  1.171889E-01
  1.180938E-01  3.561507E-03  1.202821E-01
  1.195463E-01  3.702167E-03  1.234436E-01
  1.210168E-01  3.848562E-03  1.266746E-01
  1.225053E-01  4.000937E-03  1.299758E-01
  1.240121E-01  4.159546E-03  1.333484E-01
  1.255374E-01  4.324656E-03  1.367931E-01
  1.270815E-01  4.496547E-03  1.403111E-01
  1.286446E-01  4.675511E-03  1.439032E-01
  1.302270E-01  4.861852E-03  1.475704E-01
  1.318288E-01  5.055889E-03  1.513135E-01
  1.334503E-01  5.257956E-03  1.551334E-01
  1.350917E-01  5.468402E-03  1.590311E-01
  1.367533E-01  5.687591E-03  1.630073E-01
  1.384354E-01  5.915905E-03  1.670630E-01
  1.401381E-01  6.153744E-03  1.711989E-01
  1.418618E-01  6.401525E-03  1.754158E-01
  1.436067E-01  6.659686E-03  1.797145E-01
  1.453731E-01  6.928684E-03  1.840957E-01
  1.471612E-01  7.208998E-03  1.885602E-01
  1.489713E-01  7.501130E-03  1.931086E-01
  1.508036E-01  7.805605E-03  1.977416E-01
  1.526585E-01  8.122972E-03  2.024598E-01
  1.545362E-01  8.453808E-03  2.072639E-01
  1.564370E-01  8.798714E-03  2.121543E-01
  1.583612E-01  9.158323E-03  2.171316E-01
  1.603090E-01  9.533295E-03  2.221963E-01
  1.622808E-01  9.924323E-03  2.273488E-01
  1.642769E-01  1.033213E-02  2.325895E-01
  1.662975E-01  1.075749E-02  2.379188E-01
  1.683429E-01  1.120118E-02  2.433370E-01
  1.704136E-01  1.166405E-02  2.488443E-01
  1.725096E-01  1.214696E-02  2.544410E-01
  1.746315E-01  1.265085E-02  2.601271E-01
  1.767795E-01  1.317666E-02  2.659029E-01
  1.789539E-01  1.372540E-02  2.717683E-01
  1.811550E-01  1.429814E-02  2.777234E-01
  1.833832E-01  1.489598E-02  2.837680E-01
  1.856388E-01  1.552007E-02  2.899021E-01
  1.879222E-01  1.617165E-02  2.961254E-01
  1.902336E-01  1.685197E-02  3.024377E-01
  1.925735E-01  1.756239E-02  3.088387E-01
  1.949422E-01  1.830430E-02  3.153279E-01
  1.973399E-01  1.907918E-02  3.219049E-01
  1.997672E-01  1.988857E-02  3.285692E-01
  2.022244E-01  2.073408E-02  3.353200E-01
  2.047117E-01  2.161742E-02  3.421568E-01
  2.072297E-01  2.254036E-02  3.490787E-01
  2.097786E-01  2.350476E-02  3.560849E-01
  2.123589E-01  2.451258E-02  3.631745E-01
  2.149709E-01  2.556588E-02  3.703463E-01
  2.176150E-01  2.666679E-02  3.775994E-01
  2.202917E-01  2.781759E-02  3.849324E-01
  2.230013E-01  2.902061E-02  3.923441E-01
  2.257442E-01  3.027836E-02  3.998332E-01
  2.285209E-01  3.159341E-02  4.073981E-01
  2.313317E-01  3.296848E-02  4.150373E-01
  2.341770E-01  3.440644E-02  4.227491E-01
  2.370574E-01  3.591026E-02  4.305317E-01
  2.399732E-01  3.748308E-02  4.383834E-01
  2.429249E-01  3.912816E-02  4.463021E-01
  2.459129E-01  4.084894E-02  4.542858E-01
  2.489376E-01  4.264902E-02  4.623323E-01
  2.519995E-01  4.453214E-02  4.704394E-01
  2.550991E-01  4.650225E-02  4.786047E-01
  2.582368E-01  4.856346E-02  4.868258E-01
  2.614132E-01  5.072008E-02  4.951002E-01
  2.646285E-01  5.297660E-02  5.034251E-01
  2.678835E-01  5.533774E-02  5.117978E-01
  2.711784E-01  5.780840E-02  5.202155E-01
  2.745139E-01  6.039373E-02  5.286752E-01
  2.778905E-01  6.309908E-02  5.371738E-01
  2.813085E-01  6.593005E-02  5.457082E-01
  2.847686E-01  6.889246E-02  5.542752E-01
  2.882713E-01  7.199241E-02  5.628713E-01
  2.918170E-01  7.523622E-02  5.714932E-01
  2.954063E-01  7.863050E-02  5.801373E-01
  2.990398E-01  8.218212E-02  5.888000E-01
  3.027180E-01  8.589820E-02  5.974775E-01
  3.064415E-01  8.978618E-02  6.061661E-01
  3.102107E-01  9.385375E-02  6.148619E-01
  3.140263E-01  9.810891E-02  6.235608E-01
  3.178888E-01  1.025599E-01  6.322590E-01
  3.217988E-01  1.072154E-01  6.409521E-01
  3.257570E-01  1.120842E-01  6.496361E-01
  3.297638E-01  1.171755E-01  6.583068E-01
  3.338199E-01  1.224987E-01  6.669597E-01
  3.379259E-01  1.280636E-01  6.755905E-01
  3.420823E-01  1.338802E-01  6.841949E-01
  3.462900E-01  1.399589E-01  6.927683E-01
  3.505493E-01  1.463101E-01  7.013063E-01
  3.548611E-01  1.529448E-01  7.098044E-01
  3.592259E-01  1.598740E-01  7.182581E-01
  3.636443E-01  1.671089E-01  7.266627E-01
  3.681172E-01  1.746611E-01  7.350138E-01
  3.726450E-01  1.825422E-01  7.433067E-01
  3.772285E-01  1.907639E-01  7.515367E-01
  3.818685E-01  1.993383E-01  7.596993E-01
  3.865654E-01  2.082771E-01  7.677898E-01
  3.913202E-01  2.175924E-01  7.758034E-01
  3.961334E-01  2.272961E-01  7.837354E-01
  4.010059E-01  2.374001E-01  7.915808E-01
  4.059382E-01  2.479160E-01  7.993349E-01
  4.109313E-01  2.588553E-01  8.069924E-01
  4.159857E-01  2.702291E-01  8.145483E-01
  4.211024E-01  2.820481E-01  8.219973E-01
  4.262819E-01  2.943227E-01  8.293341E-01
  4.315252E-01  3.070624E-01  8.365531E-01
  4.368329E-01  3.202763E-01  8.436488E-01
  4.422060E-01  3.339726E-01  8.506154E-01
  4.476451E-01  3.481585E-01  8.574473E-01
  4.531512E-01  3.628400E-01  8.641387E-01
  4.587249E-01  3.780223E-01  8.706839E-01
  4.643672E-01  3.937089E-01  8.770771E-01
  4.700790E-01  4.099018E-01  8.833127E-01
  4.758609E-01  4.266015E-01  8.893852E-01
  4.817140E-01  4.438065E-01  8.952891E-01
  4.876391E-01  4.615136E-01  9.010191E-01
  4.936371E-01  4.797170E-01  9.065700E-01
  4.997088E-01  4.984088E-01  9.119368E-01
  5.058552E-01  5.175787E-01  9.171147E-01
  5.120772E-01  5.372133E-01  9.220988E-01
  5.183758E-01  5.572968E-01  9.268847E-01
  5.247518E-01  5.778102E-01  9.314680E-01
  5.312063E-01  5.987311E-01  9.358443E-01
  5.377401E-01  6.200341E-01  9.400098E-01
  5.443543E-01  6.416902E-01  9.439603E-01
  5.510499E-01  6.636668E-01  9.476924E-01
  5.578278E-01  6.859279E-01  9.512024E-01
  5.646890E-01  7.084335E-01  9.544870E-01
  5.716347E-01  7.311400E-01  9.575431E-01
  5.786658E-01  7.540001E-01  9.603677E-01
  5.857834E-01  7.769627E-01  9.629581E-01
  5.929886E-01  7.999733E-01  9.653117E-01
  6.002823E-01  8.229738E-01  9.674264E-01
  6.076658E-01  8.459027E-01  9.692999E-01
  6.151401E-01  8.686957E-01  9.709304E-01
  6.227063E-01  8.912855E-01  9.723164E-01
  6.303656E-01  9.136024E-01  9.734564E-01
  6.381191E-01  9.355744E-01  9.743492E-01
  6.459679E-01  9.571275E-01  9.749939E-01
  6.539134E-01  9.781863E-01  9.753899E-01
  6.619565E-01  9.986737E-01  9.755367E-01
  6.700986E-01  1.018512E+00  9.754340E-01
  6.783408E-01  1.037622E+00  9.750820E-01
  6.866844E-01  1.055924E+00  9.744809E-01
  6.951306E-01  1.073339E+00  9.736312E-01
  7.036807E-01  1.089788E+00  9.725336E-01
  7.123359E-01  1.105193E+00  9.711891E-01
  7.210977E-01  1.119479E+00  9.695988E-01
  7.299672E-01  1.132573E+00  9.677641E-01
  7.389458E-01  1.144406E+00  9.656867E-01
  7.480348E-01  1.154915E+00  9.633683E-01
  7.572356E-01  1.164041E+00  9.608111E-01
  7.665496E-01  1.171734E+00  9.580171E-01
  7.759782E-01  1.177949E+00  9.549888E-01
  7.855227E-01  1.182652E+00  9.517288E-01
  7.951847E-01  1.185815E+00  9.482399E-01
  8.049654E-01  1.187420E+00  9.445249E-01
  8.148665E-01  1.187460E+00  9.405871E-01
  8.248894E-01  1.185936E+00  9.364296E-01
  8.350355E-01  1.182860E+00  9.320560E-01
  8.453064E-01  1.178255E+00  9.274697E-01
  8.557037E-01  1.172151E+00  9.226744E-01
  8.662289E-01  1.164591E+00  9.176741E-01
  8.768835E-01  1.155628E+00  9.124726E-01
  8.876691E-01  1.145321E+00  9.070740E-01
  8.985875E-01  1.133740E+00  9.014826E-01
  9.096401E-01  1.120963E+00  8.957026E-01
  9.208287E-01  1.107075E+00  8.897385E-01
  9.321549E-01  1.092168E+00  8.835946E-01
  9.436204E-01  1.076341E+00  8.772757E-01
  9.552269E-01  1.059694E+00  8.707863E-01
  9.669762E-01  1.042335E+00  8.641312E-01
  9.788700E-01  1.024372E+00  8.573152E-01
  9.909101E-01  1.005916E+00  8.503431E-01
  1.003098E+00  9.870783E-01  8.432199E-01
  1.015436E+00  9.679702E-01  8.359505E-01
  1.027926E+00  9.487009E-01  8.285400E-01
  1.040570E+00  9.293777E-01  8.209934E-01
  1.053369E+00  9.101042E-01  8.133158E-01
  1.066325E+00  8.909800E-01  8.055123E-01
  1.079441E+00  8.720996E-01  7.975880E-01
  1.092718E+00  8.535518E-01  7.895481E-01
  1.106159E+00  8.354189E-01  7.813978E-01
  1.119764E+00  8.177764E-01  7.731423E-01
  1.133537E+00  8.006920E-01  7.647867E-01
  1.147480E+00  7.842260E-01  7.563363E-01
  1.161594E+00  7.684302E-01  7.477961E-01
  1.175882E+00  7.533479E-01  7.391713E-01
  1.190345E+00  7.390140E-01  7.304672E-01
  1.204986E+00  7.254542E-01  7.216888E-01
  1.219807E+00  7.126856E-01  7.128412E-01
  1.234811E+00  7.007164E-01  7.039294E-01
  1.249999E+00  6.895456E-01  6.949586E-01
  1.265374E+00  6.791636E-01  6.859337E-01
  1.280938E+00  6.695519E-01  6.768596E-01
  1.296694E+00  6.606830E-01  6.677413E-01
  1.312643E+00  6.525211E-01  6.585836E-01
  1.328789E+00  6.450218E-01  6.493913E-01
  1.345133E+00  6.381323E-01  6.401692E-01
  1.361678E+00  6.317920E-01  6.309220E-01
  1.378427E+00  6.259325E-01  6.216542E-01
  1.395381E+00  6.204783E-01  6.123704E-01
  1.412544E+00  6.153479E-01  6.030752E-01
  1.429919E+00  6.104542E-01  5.937730E-01
  1.447507E+00  6.057065E-01  5.844681E-01
  1.465311E+00  6.010113E-01  5.751648E-01
  1.483334E+00  5.962748E-01  5.658672E-01
  1.501579E+00  5.914041E-01  5.565797E-01
  1.520049E+00  5.863098E-01  5.473061E-01
  1.538745E+00  5.809079E-01  5.380504E-01
  1.557672E+00  5.751218E-01  5.288166E-01
  1.576831E+00  5.688847E-01  5.196085E-01
  1.596226E+00  5.621414E-01  5.104297E-01
  1.615860E+00  5.548504E-01  5.012839E-01
  1.635735E+00  5.469847E-01  4.921746E-01
  1.655855E+00  5.385339E-01  4.831052E-01
  1.676222E+00  5.295039E-01  4.740791E-01
  1.696839E+00  5.199175E-01  4.650996E-01
  1.717710E+00  5.098135E-01  4.561697E-01
  1.738838E+00  4.992460E-01  4.472925E-01
  1.760226E+00  4.882819E-01  4.384710E-01
  1.781877E+00  4.769992E-01  4.297079E-01
  1.803794E+00  4.654840E-01  4.210060E-01
  1.825980E+00  4.538276E-01  4.123678E-01
  1.848440E+00  4.421228E-01  4.037959E-01
  1.871176E+00  4.304610E-01  3.952926E-01
  1.894191E+00  4.189288E-01  3.868603E-01
  1.917490E+00  4.076046E-01  3.785011E-01
  1.941075E+00  3.965558E-01  3.702170E-01
  1.964950E+00  3.858365E-01  3.620101E-01
  1.989119E+00  3.754854E-01  3.538821E-01
  2.013585E+00  3.655248E-01  3.458350E-01
  2.038352E+00  3.559598E-01  3.378703E-01
  2.063424E+00  3.467789E-01  3.299898E-01
  2.088804E+00  3.379560E-01  3.221948E-01
  2.114496E+00  3.294527E-01  3.144870E-01
  2.140505E+00  3.212225E-01  3.068676E-01
  2.166833E+00  3.132161E-01  2.993379E-01
  2.193485E+00  3.053866E-01  2.918993E-01
  2.220465E+00  2.976956E-01  2.845528E-01
  2.247776E+00  2.901169E-01  2.772997E-01
  2.275424E+00  2.826391E-01  2.701410E-01
  2.303412E+00  2.752600E-01  2.630777E-01
  2.331744E+00  2.679806E-01  2.561107E-01
  2.360424E+00  2.608017E-01  2.492411E-01
  2.389458E+00  2.537244E-01  2.424697E-01
  2.418848E+00  2.467496E-01  2.357972E-01
  2.448600E+00  2.398782E-01  2.292246E-01
  2.478717E+00  2.331110E-01  2.227525E-01
  2.509206E+00  2.264489E-01  2.163816E-01
  2.540069E+00  2.198926E-01  2.101126E-01
  2.571312E+00  2.134429E-01  2.039460E-01
  2.602939E+00  2.071003E-01  1.978825E-01
  2.634955E+00  2.008654E-01  1.919226E-01
  2.667365E+00  1.947390E-01  1.860667E-01
  2.700174E+00  1.887214E-01  1.803153E-01
  2.733386E+00  1.828131E-01  1.746687E-01
  2.767006E+00  1.770145E-01  1.691273E-01
  2.801041E+00  1.713261E-01  1.636914E-01
  2.835493E+00  1.657480E-01  1.583612E-01
  2.870370E+00  1.602806E-01  1.531369E-01
  2.905675E+00  1.549240E-01  1.480188E-01
  2.941415E+00  1.496784E-01  1.430068E-01
  2.977595E+00  1.445439E-01  1.381010E-01
  3.014219E+00  1.395204E-01  1.333015E-01
  3.051294E+00  1.346079E-01  1.286080E-01
  3.088825E+00  1.298064E-01  1.240207E-01
  3.126817E+00  1.251156E-01  1.195391E-01
  3.165277E+00  1.205353E-01  1.151632E-01
  3.204210E+00  1.160652E-01  1.108926E-01
  3.243622E+00  1.117050E-01  1.067269E-01
  3.283519E+00  1.074541E-01  1.026658E-01
  3.323906E+00  1.033122E-01  9.870862E-02
  3.364790E+00  9.927853E-02  9.485494E-02
  3.406177E+00  9.535251E-02  9.110408E-02
  3.448073E+00  9.153340E-02  8.745535E-02
  3.490484E+00  8.782040E-02  8.390798E-02
  3.533417E+00  8.421262E-02  8.046112E-02
  3.576878E+00  8.070912E-02  7.711387E-02
  3.620874E+00  7.730887E-02  7.386525E-02
  3.665410E+00  7.401077E-02  7.071421E-02
  3.710495E+00  7.081366E-02  6.765964E-02
  3.756134E+00  6.771629E-02  6.470036E-02
  3.802334E+00  6.471736E-02  6.183512E-02
  3.849103E+00  6.181552E-02  5.906263E-02
  3.896447E+00  5.900932E-02  5.638150E-02
  3.944373E+00  5.629727E-02  5.379034E-02
  3.992889E+00  5.367785E-02  5.128766E-02
  4.042002E+00  5.114944E-02  4.887193E-02
  4.091718E+00  4.871042E-02  4.654160E-02
  4.142046E+00  4.635908E-02  4.429505E-02
  4.192994E+00  4.409371E-02  4.213064E-02
  4.244567E+00  4.191255E-02  4.004667E-02
  4.296776E+00  3.981379E-02  3.804145E-02
  4.349626E+00  3.779563E-02  3.611322E-02
  4.403126E+00  3.585622E-02  3.426023E-02
  4.457285E+00  3.399369E-02  3.248071E-02
  4.512109E+00  3.220618E-02  3.077285E-02
  4.567608E+00  3.049178E-02  2.913485E-02
  4.623790E+00  2.884862E-02  2.756491E-02
  4.680663E+00  2.727479E-02  2.606122E-02
  4.738235E+00  2.576840E-02  2.462195E-02
  4.796515E+00  2.432755E-02  2.324531E-02
  4.855512E+00  2.295035E-02  2.192948E-02
  4.915235E+00  2.163494E-02  2.067267E-02
  4.975692E+00  2.037943E-02  1.947311E-02
  5.036893E+00  1.918198E-02  1.832901E-02
  5.098847E+00  1.804076E-02  1.723863E-02
  5.161563E+00  1.695394E-02  1.620023E-02
  5.225050E+00  1.591973E-02  1.521209E-02
  5.289318E+00  1.493635E-02  1.427251E-02
  5.354377E+00  1.400205E-02  1.337981E-02
  5.420236E+00  1.311509E-02  1.253235E-02
  5.486905E+00  1.227378E-02  1.172850E-02
  5.554394E+00  1.147643E-02  1.096665E-02
  5.622713E+00  1.072139E-02  1.024522E-02
  5.691872E+00  1.000705E-02  9.562676E-03
  5.761882E+00  9.331807E-03  8.917481E-03
  5.832753E+00  8.694098E-03  8.308146E-03
  5.904496E+00  8.092390E-03  7.733206E-03
  5.977121E+00  7.525182E-03  7.191227E-03
  6.050640E+00  6.991004E-03  6.680805E-03
  6.125063E+00  6.488418E-03  6.200565E-03
  6.200401E+00  6.016020E-03  5.749167E-03
  6.276666E+00  5.572439E-03  5.325302E-03
  6.353869E+00  5.156339E-03  4.927692E-03
  6.432022E+00  4.766417E-03  4.555094E-03
  6.511135E+00  4.401408E-03  4.206298E-03
  6.591222E+00  4.060080E-03  3.880129E-03
  6.672294E+00  3.741239E-03  3.575446E-03
  6.754364E+00  3.443727E-03  3.291142E-03
  6.837442E+00  3.166422E-03  3.026145E-03
  6.921543E+00  2.908239E-03  2.779419E-03
  7.006678E+00  2.668131E-03  2.549964E-03
  7.092860E+00  2.445086E-03  2.336813E-03
  7.180102E+00  2.238132E-03  2.139038E-03
  7.268417E+00  2.046332E-03  1.955743E-03
  7.357819E+00  1.868786E-03  1.786068E-03
  7.448320E+00  1.704632E-03  1.629190E-03
  7.539935E+00  1.553042E-03  1.484319E-03
  7.632676E+00  1.413226E-03  1.350698E-03
  7.726558E+00  1.284429E-03  1.227607E-03
  7.821594E+00  1.165931E-03  1.114358E-03
  7.917800E+00  1.057045E-03  1.010294E-03
  8.015189E+00  9.571196E-04  9.147934E-04
  8.113776E+00  8.655357E-04  8.272642E-04
  8.213575E+00  7.817062E-04  7.471456E-04
  8.314602E+00  7.050756E-04  6.739066E-04
  8.416872E+00  6.351189E-04  6.070457E-04
  8.520399E+00  5.713408E-04  5.460896E-04
  8.625200E+00  5.132747E-04  4.905923E-04
  8.731290E+00  4.604815E-04  4.401344E-04
  8.838685E+00  4.125492E-04  3.943220E-04
  8.947401E+00  3.690911E-04  3.527857E-04
  9.057454E+00  3.297456E-04  3.151799E-04
  9.168860E+00  2.941744E-04  2.811814E-04
  9.281637E+00  2.620622E-04  2.504887E-04
  9.395802E+00  2.331150E-04  2.228209E-04
  9.511370E+00  2.070596E-04  1.979170E-04
  9.628360E+00  1.836421E-04  1.755342E-04
  9.746789E+00  1.626272E-04  1.554479E-04
  9.866674E+00  1.437975E-04  1.374500E-04
  9.988034E+00  1.269516E-04  1.213483E-04
  1.011089E+01  1.119042E-04  1.069655E-04
  1.023525E+01  9.848451E-05  9.413847E-05
  1.036114E+01  8.653560E-05  8.271721E-05
  1.048859E+01  7.591347E-05  7.256409E-05
  1.061760E+01  6.648624E-05  6.355307E-05
  1.074819E+01  5.813333E-05  5.556890E-05
  1.088040E+01  5.074469E-05  4.850640E-05
  1.101422E+01  4.422006E-05  4.226974E-05
  1.114970E+01  3.846827E-05  3.677178E-05
  1.128684E+01  3.340655E-05  3.193342E-05
  1.142567E+01  2.895991E-05  2.768298E-05
  1.156620E+01  2.506053E-05  2.395563E-05
  1.170847E+01  2.164718E-05  2.069287E-05
  1.185248E+01  1.866471E-05  1.784195E-05
  1.199827E+01  1.606351E-05  1.535548E-05
  1.214585E+01  1.379905E-05  1.319088E-05
  1.229524E+01  1.183143E-05  1.131003E-05
  1.244647E+01  1.012500E-05  9.678847E-06
  1.259956E+01  8.647941E-06  8.266905E-06
  1.275454E+01  7.371901E-06  7.047118E-06
  1.291142E+01  6.271698E-06  5.995413E-06
  1.307023E+01  5.324995E-06  5.090436E-06
  1.323099E+01  4.512018E-06  4.313289E-06
  1.339374E+01  3.815306E-06  3.647279E-06
  1.355848E+01  3.219465E-06  3.077693E-06
  1.372525E+01  2.710958E-06  2.591590E-06
  1.389407E+01  2.277903E-06  2.177614E-06
  1.406496E+01  1.909896E-06  1.825818E-06
  1.423796E+01  1.597845E-06  1.527511E-06
  1.441309E+01  1.333823E-06  1.275118E-06
  1.459037E+01  1.110935E-06  1.062045E-06
  1.476983E+01  9.231952E-07  8.825725E-07
  1.495150E+01  7.654222E-07  7.317465E-07
  1.513541E+01  6.331384E-07  6.052871E-07
  1.532157E+01  5.224851E-07  4.995055E-07
  1.551003E+01  4.301441E-07  4.112300E-07
  1.570080E+01  3.532695E-07  3.377400E-07
  1.589392E+01  2.894258E-07  2.767075E-07
  1.608942E+01  2.365343E-07  2.261455E-07
  1.628732E+01  1.928251E-07  1.843620E-07
  1.648765E+01  1.567949E-07  1.499202E-07
  1.669045E+01  1.271702E-07  1.395304E-08
  1.689574E+01  1.028751E-07  1.200753E-03
  1.710356E+01  8.300269E-08  1.096642E-03
  1.731393E+01  6.679090E-08  1.000249E-03
  1.752689E+01  5.360076E-08  9.111209E-04
  1.774247E+01  4.289816E-08  8.288247E-04
  1.796071E+01  3.423778E-08  7.529425E-04
  1.818162E+01  2.724939E-08  6.830735E-04
  1.840526E+01  2.162605E-08  6.188341E-04
  1.863164E+01  1.711399E-08  5.598570E-04
  1.886081E+01  1.350403E-08  5.057919E-04
  1.909280E+01  1.062424E-08  4.563050E-04
  1.932764E+01  8.333723E-09  4.110788E-04
  1.956537E+01  6.517335E-09  3.698120E-04
  1.980602E+01  5.081300E-09  3.322191E-04
  2.004964E+01  3.949457E-09  2.980299E-04
  2.029625E+01  3.060138E-09  2.669907E-04
  2.054589E+01  2.363572E-09  0.000000E+00
  2.079861E+01  1.819716E-09  0.000000E+00
  2.105443E+01  1.396459E-09  0.000000E+00
  2.131340E+01  1.068132E-09  0.000000E+00
  2.157555E+01  8.142835E-10  0.000000E+00
  2.184093E+01  6.186753E-10  0.000000E+00
  2.210958E+01  4.684551E-10  0.000000E+00
  2.238152E+01  3.534864E-10  0.000000E+00
  2.265682E+01  2.658021E-10  0.000000E+00
  2.293550E+01  1.991618E-10  0.000000E+00
  2.321760E+01  1.486951E-10  0.000000E+00
  2.350318E+01  1.106141E-10  0.000000E+00
  2.379227E+01  8.198385E-11  0.000000E+00
  2.408491E+01  6.053828E-11  0.000000E+00
  2.438116E+01  4.453443E-11  0.000000E+00
  2.468105E+01  3.263663E-11  0.000000E+00
  2.498462E+01  2.382527E-11  0.000000E+00
  2.529193E+01  1.732499E-11  0.000000E+00
  2.560302E+01  1.254845E-11  0.000000E+00
  2.591794E+01  9.052501E-12  0.000000E+00
  2.623673E+01  6.504121E-12  0.000000E+00
  2.655944E+01  4.654076E-12  0.000000E+00
  2.688612E+01  0.000000E+00  0.000000E+00
  2.721682E+01  0.000000E+00  0.000000E+00
  2.755159E+01  0.000000E+00  0.000000E+00
  2.789048E+01  0.000000E+00  0.000000E+00
  2.823353E+01  0.000000E+00  0.000000E+00
  2.858080E+01  0.000000E+00  0.000000E+00
  2.893234E+01  0.000000E+00  0.000000E+00
  2.928821E+01  0.000000E+00  0.000000E+00
  2.964846E+01  0.000000E+00  0.000000E+00
  3.001313E+01  0.000000E+00  0.000000E+00
  3.038229E+01  0.000000E+00  0.000000E+00
  3.075600E+01  0.000000E+00  0.000000E+00
  3.113430E+01  0.000000E+00  0.000000E+00
  3.151725E+01  0.000000E+00  0.000000E+00
  3.190491E+01  0.000000E+00  0.000000E+00
  3.229734E+01  0.000000E+00  0.000000E+00
  3.269460E+01  0.000000E+00  0.000000E+00
  3.309674E+01  0.000000E+00  0.000000E+00
  3.350383E+01  0.000000E+00  0.000000E+00
  3.391593E+01  0.000000E+00  0.000000E+00
  3.433309E+01  0.000000E+00  0.000000E+00
  3.475539E+01  0.000000E+00  0.000000E+00
  3.518288E+01  0.000000E+00  0.000000E+00
  3.561563E+01  0.000000E+00  0.000000E+00
  3.605370E+01  0.000000E+00  0.000000E+00
  3.649716E+01  0.000000E+00  0.000000E+00
  3.694608E+01  0.000000E+00  0.000000E+00
  3.740052E+01  0.000000E+00  0.000000E+00
  3.786054E+01  0.000000E+00  0.000000E+00
  3.832623E+01  0.000000E+00  0.000000E+00
  3.879764E+01  0.000000E+00  0.000000E+00
  3.927485E+01  0.000000E+00  0.000000E+00
  3.975793E+01  0.000000E+00  0.000000E+00
  4.024695E+01  0.000000E+00  0.000000E+00
  4.074199E+01  0.000000E+00  0.000000E+00
  4.124312E+01  0.000000E+00  0.000000E+00
  4.175041E+01  0.000000E+00  0.000000E+00
  4.226394E+01  0.000000E+00  0.000000E+00
  4.278379E+01  0.000000E+00  0.000000E+00
  4.331003E+01  0.000000E+00  0.000000E+00
  4.384274E+01  0.000000E+00  0.000000E+00
  4.438200E+01  0.000000E+00  0.000000E+00
  4.492790E+01  0.000000E+00  0.000000E+00
  4.548052E+01  0.000000E+00  0.000000E+00
  4.603993E+01  0.000000E+00  0.000000E+00
  4.660622E+01  0.000000E+00  0.000000E+00
  4.717947E+01  0.000000E+00  0.000000E+00
  4.775978E+01  0.000000E+00  0.000000E+00
  4.834723E+01  0.000000E+00  0.000000E+00
  4.894190E+01  0.000000E+00  0.000000E+00
  4.954388E+01  0.000000E+00  0.000000E+00
  5.015327E+01  0.000000E+00  0.000000E+00
  5.077016E+01  0.000000E+00  0.000000E+00
  5.139463E+01  0.000000E+00  0.000000E+00
  5.202679E+01  0.000000E+00  0.000000E+00
  5.266672E+01  0.000000E+00  0.000000E+00
  5.331452E+01  0.000000E+00  0.000000E+00
  5.397028E+01  0.000000E+00  0.000000E+00
  5.463412E+01  0.000000E+00  0.000000E+00
  5.530612E+01  0.000000E+00  0.000000E+00
  5.598638E+01  0.000000E+00  0.000000E+00
  5.667502E+01  0.000000E+00  0.000000E+00
  5.737212E+01  0.000000E+00  0.000000E+00
  5.807780E+01  0.000000E+00  0.000000E+00
  5.879215E+01  0.000000E+00  0.000000E+00
  5.951530E+01  0.000000E+00  0.000000E+00
  6.024733E+01  0.000000E+00  0.000000E+00
  6.098838E+01  0.000000E+00  0.000000E+00
  6.173853E+01  0.000000E+00  0.000000E+00
  6.249792E+01  0.000000E+00  0.000000E+00
  6.326664E+01  0.000000E+00  0.000000E+00
  6.404482E+01  0.000000E+00  0.000000E+00
  6.483257E+01  0.000000E+00  0.000000E+00
  6.563001E+01  0.000000E+00  0.000000E+00
  6.643726E+01  0.000000E+00  0.000000E+00
  6.725444E+01  0.000000E+00  0.000000E+00
  6.808167E+01  0.000000E+00  0.000000E+00
  6.891908E+01  0.000000E+00  0.000000E+00
  6.976678E+01  0.000000E+00  0.000000E+00
  7.062491E+01  0.000000E+00  0.000000E+00
  7.149360E+01  0.000000E+00  0.000000E+00
  7.237297E+01  0.000000E+00  0.000000E+00
  7.326316E+01  0.000000E+00  0.000000E+00
  7.416429E+01  0.000000E+00  0.000000E+00
  7.507651E+01  0.000000E+00  0.000000E+00
  7.599996E+01  0.000000E+00  0.000000E+00
  7.693476E+01  0.000000E+00  0.000000E+00
  7.788105E+01  0.000000E+00  0.000000E+00
  7.883899E+01  0.000000E+00  0.000000E+00
