  2.314815E-04  1.508796E-05  2.263051E-03
  2.343287E-04  1.527354E-05  2.290162E-03
  2.372109E-04  1.546140E-05  2.317595E-03
  2.401286E-04  1.565158E-05  2.345355E-03
  2.430822E-04  1.584409E-05  2.373444E-03
  2.460721E-04  1.603898E-05  2.401868E-03
  2.490988E-04  1.623626E-05  2.430629E-03
  2.521627E-04  1.643596E-05  2.459732E-03
  2.552643E-04  1.663812E-05  2.489181E-03
  2.584041E-04  1.684277E-05  2.518980E-03
  2.615825E-04  1.704994E-05  2.549132E-03
  2.647999E-04  1.725965E-05  2.579643E-03
  2.680570E-04  1.747195E-05  2.610516E-03
  2.713541E-04  1.768685E-05  2.641755E-03
  2.746917E-04  1.790440E-05  2.673365E-03
  2.780704E-04  1.812463E-05  2.705350E-03
  2.814907E-04  1.834756E-05  2.737715E-03
  2.849530E-04  1.857323E-05  2.770464E-03
  2.884580E-04  1.880169E-05  2.803600E-03
  2.920060E-04  1.903295E-05  2.837130E-03
  2.955977E-04  1.926705E-05  2.871057E-03
  2.992335E-04  1.950404E-05  2.905387E-03
  3.029141E-04  1.974394E-05  2.940123E-03
  3.066399E-04  1.998679E-05  2.975270E-03
  3.104116E-04  2.023263E-05  3.010834E-03
  3.142297E-04  2.048149E-05  3.046819E-03
  3.180947E-04  2.073341E-05  3.083230E-03
  3.220072E-04  2.098843E-05  3.120072E-03
  3.259679E-04  2.124659E-05  3.157349E-03
  3.299773E-04  2.150792E-05  3.195068E-03
  3.340361E-04  2.177247E-05  3.233233E-03
  3.381447E-04  2.204027E-05  3.271849E-03
  3.423039E-04  2.231137E-05  3.310922E-03
  3.465142E-04  2.258580E-05  3.350457E-03
  3.507764E-04  2.286361E-05  3.390459E-03
  3.550909E-04  2.314483E-05  3.430933E-03
  3.594585E-04  2.342951E-05  3.471885E-03
  3.638799E-04  2.371769E-05  3.513321E-03
  3.683556E-04  2.400942E-05  3.555246E-03
  3.728864E-04  2.430474E-05  3.597666E-03
  3.774729E-04  2.460369E-05  3.640586E-03
  3.821158E-04  2.490632E-05  3.684013E-03
  3.868158E-04  2.521266E-05  3.727951E-03
  3.915736E-04  2.552278E-05  3.772408E-03
  3.963900E-04  2.583671E-05  3.817389E-03
  4.012656E-04  2.615451E-05  3.862899E-03
  4.062011E-04  2.647621E-05  3.908946E-03
  4.111974E-04  2.680187E-05  3.955534E-03
  4.162552E-04  2.713153E-05  4.002671E-03
  4.213751E-04  2.746525E-05  4.050363E-03
  4.265580E-04  2.780307E-05  4.098616E-03
  4.318047E-04  2.814505E-05  4.147437E-03
  4.371159E-04  2.849124E-05  4.196831E-03
  4.424924E-04  2.884168E-05  4.246806E-03
  4.479350E-04  2.919644E-05  4.297368E-03
  4.534446E-04  2.955555E-05  4.348524E-03
  4.590220E-04  2.991909E-05  4.400281E-03
  4.646680E-04  3.028710E-05  4.452646E-03
  4.703834E-04  3.065963E-05  4.505625E-03
  4.761691E-04  3.103675E-05  4.559225E-03
  4.820260E-04  3.141850E-05  4.613454E-03
  4.879549E-04  3.180495E-05  4.668318E-03
  4.939568E-04  3.219615E-05  4.723826E-03
  5.000324E-04  3.259217E-05  4.779983E-03
  5.061828E-04  3.299305E-05  4.836799E-03
  5.124089E-04  3.339887E-05  4.894279E-03
  5.187115E-04  3.380968E-05  4.952432E-03
  5.250917E-04  3.422554E-05  5.011265E-03
  5.315503E-04  3.464652E-05  5.070786E-03
  5.380884E-04  3.507268E-05  5.131003E-03
  5.447068E-04  3.550407E-05  5.191923E-03
  5.514067E-04  3.594078E-05  5.253555E-03
  5.581890E-04  3.638285E-05  5.315906E-03
  5.650548E-04  3.683037E-05  5.378985E-03
  5.720049E-04  3.728338E-05  5.442799E-03
  5.790406E-04  3.774197E-05  5.507358E-03
  5.861628E-04  3.820620E-05  5.572669E-03
  5.933726E-04  3.867614E-05  5.638741E-03
  6.006711E-04  3.915187E-05  5.705582E-03
  6.080593E-04  3.963344E-05  5.773201E-03
  6.155385E-04  4.012094E-05  5.841607E-03
  6.231096E-04  4.061443E-05  5.910808E-03
  6.307738E-04  4.111399E-05  5.980814E-03
  6.385324E-04  4.161970E-05  6.051633E-03
  6.463863E-04  4.213163E-05  6.123275E-03
  6.543369E-04  4.264985E-05  6.195748E-03
  6.623852E-04  4.317445E-05  6.269062E-03
  6.705325E-04  4.370550E-05  6.343226E-03
  6.787801E-04  4.424309E-05  6.418249E-03
  6.871291E-04  4.478729E-05  6.494142E-03
  6.955808E-04  4.533818E-05  6.570913E-03
  7.041364E-04  4.589584E-05  6.648573E-03
  7.127973E-04  4.646037E-05  6.727131E-03
  7.215647E-04  4.703184E-05  6.806597E-03
  7.304399E-04  4.761034E-05  6.886982E-03
  7.394244E-04  4.819596E-05  6.968294E-03
  7.485193E-04  4.878878E-05  7.050545E-03
  7.577261E-04  4.938889E-05  7.133745E-03
  7.670461E-04  4.999639E-05  7.217904E-03
  7.764808E-04  5.061135E-05  7.303033E-03
  7.860315E-04  5.123388E-05  7.389142E-03
  7.956997E-04  5.186407E-05  7.476242E-03
  8.054868E-04  5.250201E-05  7.564343E-03
  8.153943E-04  5.314780E-05  7.653458E-03
  8.254236E-04  5.380153E-05  7.743596E-03
  8.355763E-04  5.446330E-05  7.834769E-03
  8.458539E-04  5.513321E-05  7.926988E-03
  8.562579E-04  5.581137E-05  8.020264E-03
  8.667899E-04  5.649786E-05  8.114609E-03
  8.774514E-04  5.719280E-05  8.210035E-03
  8.882440E-04  5.789629E-05  8.306552E-03
  8.991695E-04  5.860843E-05  8.404174E-03
  9.102292E-04  5.932933E-05  8.502910E-03
  9.214251E-04  6.005910E-05  8.602775E-03
  9.327586E-04  6.079784E-05  8.703779E-03
  9.442315E-04  6.154568E-05  8.805935E-03
  9.558456E-04  6.230271E-05  8.909255E-03
  9.676025E-04  6.306905E-05  9.013751E-03
  9.795040E-04  6.384482E-05  9.119437E-03
  9.915519E-04  6.463014E-05  9.226324E-03
  1.003748E-03  6.542511E-05  9.334425E-03
  1.016094E-03  6.622986E-05  9.443754E-03
  1.028592E-03  6.704452E-05  9.554323E-03
  1.041244E-03  6.786919E-05  9.666146E-03
  1.054051E-03  6.870401E-05  9.779235E-03
  1.067016E-03  6.954910E-05  9.893604E-03
  1.080140E-03  7.040458E-05  1.000927E-02
  1.093426E-03  7.127059E-05  1.012623E-02
  1.106875E-03  7.214725E-05  1.024452E-02
  1.120490E-03  7.303469E-05  1.036415E-02
  1.134272E-03  7.393305E-05  1.048512E-02
  1.148223E-03  7.484246E-05  1.060745E-02
  1.162346E-03  7.576306E-05  1.073116E-02
  1.176643E-03  7.669498E-05  1.085626E-02
  1.191116E-03  7.763837E-05  1.098276E-02
  1.205767E-03  7.859336E-05  1.111069E-02
  1.220597E-03  7.956010E-05  1.124004E-02
  1.235611E-03  8.053874E-05  1.137085E-02
  1.250809E-03  8.152941E-05  1.150312E-02
  1.266194E-03  8.253227E-05  1.163686E-02
  1.281768E-03  8.354746E-05  1.177210E-02
  1.297534E-03  8.457515E-05  1.190885E-02
  1.313493E-03  8.561548E-05  1.204712E-02
  1.329649E-03  8.666860E-05  1.218693E-02
  1.346004E-03  8.773468E-05  1.232830E-02
  1.362560E-03  8.881388E-05  1.247123E-02
  1.379319E-03  8.990635E-05  1.261575E-02
  1.396285E-03  9.101226E-05  1.276187E-02
  1.413459E-03  9.213178E-05  1.290961E-02
  1.430845E-03  9.326507E-05  1.305898E-02
  1.448444E-03  9.441230E-05  1.321000E-02
  1.466260E-03  9.557364E-05  1.336269E-02
  1.484295E-03  9.674928E-05  1.351705E-02
  1.502552E-03  9.793937E-05  1.367312E-02
  1.521033E-03  9.914411E-05  1.383090E-02
  1.539742E-03  1.003637E-04  1.399042E-02
  1.558681E-03  1.015982E-04  1.415168E-02
  1.577853E-03  1.028480E-04  1.431471E-02
  1.597260E-03  1.041131E-04  1.447952E-02
  1.616907E-03  1.053938E-04  1.464613E-02
  1.636794E-03  1.066902E-04  1.481456E-02
  1.656927E-03  1.080026E-04  1.498482E-02
  1.677307E-03  1.093312E-04  1.515693E-02
  1.697938E-03  1.106761E-04  1.533092E-02
  1.718823E-03  1.120375E-04  1.550679E-02
  1.739964E-03  1.134157E-04  1.568456E-02
  1.761366E-03  1.148108E-04  1.586426E-02
  1.783031E-03  1.162231E-04  1.604590E-02
  1.804962E-03  1.176528E-04  1.622949E-02
  1.827163E-03  1.191001E-04  1.641506E-02
  1.849637E-03  1.205652E-04  1.660263E-02
  1.872388E-03  1.220483E-04  1.679221E-02
  1.895418E-03  1.235496E-04  1.698382E-02
  1.918732E-03  1.250695E-04  1.717748E-02
  1.942332E-03  1.266080E-04  1.737321E-02
  1.966223E-03  1.281654E-04  1.757103E-02
  1.990407E-03  1.297421E-04  1.777095E-02
  2.014889E-03  1.313381E-04  1.797299E-02
  2.039672E-03  1.329537E-04  1.817718E-02
  2.064760E-03  1.345893E-04  1.838353E-02
  2.090157E-03  1.362449E-04  1.859206E-02
  2.115866E-03  1.379210E-04  1.880279E-02
  2.141891E-03  1.396176E-04  1.901575E-02
  2.168236E-03  1.413352E-04  1.923093E-02
  2.194906E-03  1.430738E-04  1.944838E-02
  2.221903E-03  1.448339E-04  1.966810E-02
  2.249232E-03  1.466156E-04  1.989012E-02
  2.276898E-03  1.484193E-04  2.011446E-02
  2.304904E-03  1.502451E-04  2.034113E-02
  2.333254E-03  1.520935E-04  2.057015E-02
  2.361953E-03  1.539645E-04  2.080155E-02
  2.391005E-03  1.558586E-04  2.103534E-02
  2.420414E-03  1.577760E-04  2.127154E-02
  2.450185E-03  1.597170E-04  2.151017E-02
  2.480323E-03  1.616819E-04  2.175126E-02
  2.510831E-03  1.636709E-04  2.199482E-02
  2.541714E-03  1.656845E-04  2.224086E-02
  2.572977E-03  1.677228E-04  2.248942E-02
  2.604625E-03  1.697862E-04  2.274051E-02
  2.636662E-03  1.718750E-04  2.299415E-02
  2.669092E-03  1.739895E-04  2.325035E-02
  2.701922E-03  1.761301E-04  2.350915E-02
  2.735156E-03  1.782969E-04  2.377055E-02
  2.768798E-03  1.804905E-04  2.403458E-02
  2.802855E-03  1.827111E-04  2.430125E-02
  2.837330E-03  1.849589E-04  2.457060E-02
  2.872229E-03  1.872345E-04  2.484262E-02
  2.907557E-03  1.895381E-04  2.511735E-02
  2.943320E-03  1.918700E-04  2.539481E-02
  2.979523E-03  1.942306E-04  2.567501E-02
  3.016171E-03  1.966203E-04  2.595797E-02
  3.053270E-03  1.990394E-04  2.624371E-02
  3.090825E-03  2.014883E-04  2.653225E-02
  3.128842E-03  2.039673E-04  2.682361E-02
  3.167327E-03  2.064769E-04  2.711780E-02
  3.206285E-03  2.090173E-04  2.741485E-02
  3.245723E-03  2.115891E-04  2.771478E-02
  3.285645E-03  2.141925E-04  2.801760E-02
  3.326059E-03  2.168279E-04  2.832332E-02
  3.366969E-03  2.194958E-04  2.863198E-02
  3.408383E-03  2.221966E-04  2.894358E-02
  3.450306E-03  2.249306E-04  2.925814E-02
  3.492745E-03  2.276982E-04  2.957568E-02
  3.535705E-03  2.305000E-04  2.989623E-02
  3.579195E-03  2.333362E-04  3.021978E-02
  3.623219E-03  2.362074E-04  3.054637E-02
  3.667784E-03  2.391139E-04  3.087601E-02
  3.712898E-03  2.420563E-04  3.120871E-02
  3.758567E-03  2.450348E-04  3.154449E-02
  3.804797E-03  2.480501E-04  3.188336E-02
  3.851596E-03  2.511025E-04  3.222535E-02
  3.898971E-03  2.541924E-04  3.257046E-02
  3.946928E-03  2.573205E-04  3.291872E-02
  3.995475E-03  2.604871E-04  3.327013E-02
  4.044620E-03  2.636927E-04  3.362471E-02
  4.094368E-03  2.669377E-04  3.398247E-02
  4.144729E-03  2.702228E-04  3.434343E-02
  4.195709E-03  2.735483E-04  3.470760E-02
  4.247316E-03  2.769148E-04  3.507499E-02
  4.299558E-03  2.803228E-04  3.544562E-02
  4.352443E-03  2.837727E-04  3.581950E-02
  4.405978E-03  2.872652E-04  3.619663E-02
  4.460172E-03  2.908007E-04  3.657703E-02
  4.515032E-03  2.943798E-04  3.696071E-02
  4.570567E-03  2.980030E-04  3.734768E-02
  4.626785E-03  3.016708E-04  3.773794E-02
  4.683694E-03  3.053839E-04  3.813152E-02
  4.741303E-03  3.091427E-04  3.852841E-02
  4.799622E-03  3.129479E-04  3.892862E-02
  4.858657E-03  3.167999E-04  3.933216E-02
  4.918418E-03  3.206995E-04  3.973904E-02
  4.978915E-03  3.246471E-04  4.014926E-02
  5.040156E-03  3.286434E-04  4.056283E-02
  5.102149E-03  3.326889E-04  4.097975E-02
  5.164906E-03  3.367844E-04  4.140003E-02
  5.228434E-03  3.409303E-04  4.182366E-02
  5.292744E-03  3.451274E-04  4.225065E-02
  5.357845E-03  3.493762E-04  4.268101E-02
  5.423746E-03  3.536775E-04  4.311473E-02
  5.490458E-03  3.580318E-04  4.355181E-02
  5.557991E-03  3.624398E-04  4.399225E-02
  5.626354E-03  3.669022E-04  4.443605E-02
  5.695558E-03  3.714197E-04  4.488320E-02
  5.765614E-03  3.759929E-04  4.533371E-02
  5.836531E-03  3.806225E-04  4.578757E-02
  5.908320E-03  3.853093E-04  4.624477E-02
  5.980992E-03  3.900539E-04  4.670530E-02
  6.054559E-03  3.948570E-04  4.716916E-02
  6.129030E-03  3.997195E-04  4.763634E-02
  6.204417E-03  4.046420E-04  4.810682E-02
  6.280731E-03  4.096252E-04  4.858060E-02
  6.357984E-03  4.146700E-04  4.905767E-02
  6.436187E-03  4.197771E-04  4.953800E-02
  6.515352E-03  4.249473E-04  5.002160E-02
  6.595491E-03  4.301813E-04  5.050843E-02
  6.676616E-03  4.354799E-04  5.099848E-02
  6.758738E-03  4.408441E-04  5.149174E-02
  6.841871E-03  4.462745E-04  5.198817E-02
  6.926026E-03  4.517720E-04  5.248777E-02
  7.011216E-03  4.573375E-04  5.299051E-02
  7.097454E-03  4.629717E-04  5.349636E-02
  7.184752E-03  4.686756E-04  5.400529E-02
  7.273125E-03  4.744500E-04  5.451729E-02
  7.362584E-03  4.802958E-04  5.503231E-02
  7.453144E-03  4.862139E-04  5.555033E-02
  7.544818E-03  4.922052E-04  5.607132E-02
  7.637619E-03  4.982706E-04  5.659524E-02
  7.731562E-03  5.044110E-04  5.712205E-02
  7.826660E-03  5.106274E-04  5.765172E-02
  7.922928E-03  5.169208E-04  5.818421E-02
  8.020380E-03  5.232920E-04  5.871947E-02
  8.119031E-03  5.297421E-04  5.925746E-02
  8.218895E-03  5.362721E-04  5.979813E-02
  8.319987E-03  5.428829E-04  6.034144E-02
  8.422323E-03  5.495756E-04  6.088734E-02
  8.525917E-03  5.563512E-04  6.143577E-02
  8.630786E-03  5.632107E-04  6.198668E-02
  8.736945E-03  5.701553E-04  6.254001E-02
  8.844409E-03  5.771859E-04  6.309571E-02
  8.953196E-03  5.843037E-04  6.365370E-02
  9.063320E-03  5.915097E-04  6.421394E-02
  9.174799E-03  5.988051E-04  6.477635E-02
  9.287649E-03  6.061910E-04  6.534086E-02
  9.401887E-03  6.136685E-04  6.590740E-02
  9.517530E-03  6.212388E-04  6.647590E-02
  9.634596E-03  6.289030E-04  6.704628E-02
  9.753101E-03  6.366624E-04  6.761846E-02
  9.873064E-03  6.445182E-04  6.819237E-02
  9.994503E-03  6.524715E-04  6.876790E-02
  1.011744E-02  6.605236E-04  6.934498E-02
  1.024188E-02  6.686758E-04  6.992352E-02
  1.036785E-02  6.769293E-04  7.050342E-02
  1.049538E-02  6.852854E-04  7.108458E-02
  1.062447E-02  6.937454E-04  7.166691E-02
  1.075515E-02  7.023107E-04  7.225030E-02
  1.088744E-02  7.109825E-04  7.283464E-02
  1.102136E-02  7.197622E-04  7.341983E-02
  1.115692E-02  7.286513E-04  7.400575E-02
  1.129415E-02  7.376510E-04  7.459228E-02
  1.143307E-02  7.467628E-04  7.517931E-02
  1.157370E-02  7.559881E-04  7.576670E-02
  1.171605E-02  7.653284E-04  7.635434E-02
  1.186016E-02  7.747852E-04  7.694209E-02
  1.200604E-02  7.843599E-04  7.752982E-02
  1.215371E-02  7.940540E-04  7.811739E-02
  1.230320E-02  8.038691E-04  7.870465E-02
  1.245453E-02  8.138067E-04  7.929146E-02
  1.260772E-02  8.238684E-04  7.987767E-02
  1.276280E-02  8.340558E-04  8.046312E-02
  1.291978E-02  8.443705E-04  8.104766E-02
  1.307870E-02  8.548142E-04  8.163112E-02
  1.323956E-02  8.653884E-04  8.221334E-02
  1.340241E-02  8.760949E-04  8.279414E-02
  1.356726E-02  8.869354E-04  8.337334E-02
  1.373414E-02  8.979117E-04  8.395078E-02
  1.390307E-02  9.090254E-04  8.452626E-02
  1.407407E-02  9.202784E-04  8.509959E-02
  1.424719E-02  9.316724E-04  8.567058E-02
  1.442243E-02  9.432093E-04  8.623903E-02
  1.459982E-02  9.548909E-04  8.680474E-02
  1.477940E-02  9.667192E-04  8.736750E-02
  1.496119E-02  9.786960E-04  8.792709E-02
  1.514521E-02  9.908233E-04  8.848330E-02
  1.533149E-02  1.003103E-03  8.903590E-02
  1.552007E-02  1.015537E-03  8.958467E-02
  1.571097E-02  1.028128E-03  9.012938E-02
  1.590421E-02  1.040877E-03  9.066978E-02
  1.609984E-02  1.053786E-03  9.120563E-02
  1.629786E-02  1.066859E-03  9.173668E-02
  1.649833E-02  1.080096E-03  9.226268E-02
  1.670126E-02  1.093500E-03  9.278337E-02
  1.690668E-02  1.107073E-03  9.329848E-02
  1.711463E-02  1.120818E-03  9.380775E-02
  1.732514E-02  1.134737E-03  9.431089E-02
  1.753824E-02  1.148831E-03  9.480763E-02
  1.775396E-02  1.163104E-03  9.529768E-02
  1.797234E-02  1.177557E-03  9.578075E-02
  1.819340E-02  1.192194E-03  9.625653E-02
  1.841718E-02  1.207016E-03  9.672473E-02
  1.864371E-02  1.222027E-03  9.718503E-02
  1.887303E-02  1.237227E-03  9.763712E-02
  1.910516E-02  1.252621E-03  9.808068E-02
  1.934016E-02  1.268211E-03  9.851538E-02
  1.957804E-02  1.283999E-03  9.894089E-02
  1.981885E-02  1.299988E-03  9.935687E-02
  2.006262E-02  1.316181E-03  9.976297E-02
  2.030939E-02  1.332580E-03  1.001589E-01
  2.055920E-02  1.349189E-03  1.005442E-01
  2.081208E-02  1.366010E-03  1.009185E-01
  2.106807E-02  1.383046E-03  1.012816E-01
  2.132720E-02  1.400300E-03  1.016329E-01
  2.158953E-02  1.417774E-03  1.019722E-01
  2.185508E-02  1.435473E-03  1.022991E-01
  2.212390E-02  1.453399E-03  1.026131E-01
  2.239602E-02  1.471556E-03  1.029139E-01
  2.267149E-02  1.489946E-03  1.032010E-01
  2.295035E-02  1.508572E-03  1.034741E-01
  2.323264E-02  1.527439E-03  1.037327E-01
  2.351840E-02  1.546548E-03  1.039765E-01
  2.380768E-02  1.565905E-03  1.042049E-01
  2.410051E-02  1.585512E-03  1.044177E-01
  2.439695E-02  1.605372E-03  1.046142E-01
  2.469703E-02  1.625490E-03  1.047942E-01
  2.500080E-02  1.645868E-03  1.049571E-01
  2.530831E-02  1.666512E-03  1.051024E-01
  2.561961E-02  1.687423E-03  1.052299E-01
  2.593473E-02  1.708608E-03  1.053389E-01
  2.625372E-02  1.730068E-03  1.054290E-01
  2.657664E-02  1.751808E-03  1.054997E-01
  2.690354E-02  1.773832E-03  1.055506E-01
  2.723445E-02  1.796145E-03  1.055812E-01
  2.756943E-02  1.818750E-03  1.055910E-01
  2.790854E-02  1.841652E-03  1.055796E-01
  2.825181E-02  1.864856E-03  1.055463E-01
  2.859931E-02  1.888364E-03  1.054908E-01
  2.895108E-02  1.912183E-03  1.054125E-01
  2.930718E-02  1.936316E-03  1.053109E-01
  2.966766E-02  1.960768E-03  1.051856E-01
  3.003257E-02  1.985545E-03  1.050360E-01
  3.040197E-02  2.010650E-03  1.048616E-01
  3.077592E-02  2.036089E-03  1.046618E-01
  3.115446E-02  2.061868E-03  1.044363E-01
  3.153766E-02  2.087990E-03  1.041844E-01
  3.192557E-02  2.114461E-03  1.039056E-01
  3.231826E-02  2.141287E-03  1.035995E-01
  3.271577E-02  2.168473E-03  1.032655E-01
  3.311818E-02  2.196024E-03  1.029030E-01
  3.352553E-02  2.223947E-03  1.025116E-01
  3.393789E-02  2.252247E-03  1.020907E-01
  3.435533E-02  2.280929E-03  1.016399E-01
  3.477790E-02  2.310001E-03  1.011585E-01
  3.520567E-02  2.339467E-03  1.006461E-01
  3.563870E-02  2.369335E-03  1.001022E-01
  3.607705E-02  2.399611E-03  9.952618E-02
  3.652080E-02  2.430301E-03  9.891760E-02
  3.697001E-02  2.461411E-03  9.827593E-02
  3.742474E-02  2.492950E-03  9.760066E-02
  3.788506E-02  2.524923E-03  9.689130E-02
  3.835105E-02  2.557338E-03  9.614734E-02
  3.882277E-02  2.590202E-03  9.536828E-02
  3.930029E-02  2.623522E-03  9.455364E-02
  3.978368E-02  2.657307E-03  9.370294E-02
  4.027302E-02  2.691563E-03  9.281569E-02
  4.076838E-02  2.726299E-03  9.189143E-02
  4.126983E-02  2.761523E-03  9.092969E-02
  4.177745E-02  2.797243E-03  8.993002E-02
  4.229131E-02  2.833467E-03  8.889198E-02
  4.281149E-02  2.870205E-03  8.781514E-02
  4.333808E-02  2.907465E-03  8.669905E-02
  4.387113E-02  2.945256E-03  8.554332E-02
  4.441075E-02  2.983587E-03  8.434753E-02
  4.495700E-02  3.022469E-03  8.311131E-02
  4.550997E-02  3.061910E-03  8.183426E-02
  4.606975E-02  3.101921E-03  8.051603E-02
  4.663640E-02  3.142512E-03  7.915627E-02
  4.721003E-02  3.183693E-03  7.775465E-02
  4.779071E-02  3.225476E-03  7.631084E-02
  4.837854E-02  3.267870E-03  7.482455E-02
  4.897360E-02  3.310888E-03  7.329550E-02
  4.957597E-02  3.354541E-03  7.172342E-02
  5.018576E-02  3.398840E-03  7.010806E-02
  5.080304E-02  3.443798E-03  6.844921E-02
  5.142792E-02  3.489427E-03  6.674666E-02
  5.206048E-02  3.535741E-03  6.500023E-02
  5.270083E-02  3.582751E-03  6.320977E-02
  5.334905E-02  3.630472E-03  6.137514E-02
  5.400524E-02  3.678918E-03  5.949623E-02
  5.466950E-02  3.728102E-03  5.757297E-02
  5.534194E-02  3.778038E-03  5.560529E-02
  5.602264E-02  3.828743E-03  5.359318E-02
  5.671172E-02  3.880231E-03  5.153663E-02
  5.740928E-02  3.932518E-03  4.943568E-02
  5.811541E-02  3.985620E-03  4.729039E-02
  5.883023E-02  4.039553E-03  4.510085E-02
  5.955384E-02  4.094336E-03  4.286720E-02
  6.028635E-02  4.149984E-03  4.058960E-02
  6.102788E-02  4.206517E-03  3.826824E-02
  6.177852E-02  4.263952E-03  3.590337E-02
  6.253839E-02  4.322310E-03  3.349524E-02
  6.330762E-02  4.381609E-03  3.104418E-02
  6.408630E-02  4.441869E-03  2.855053E-02
  6.487456E-02  4.503112E-03  2.601468E-02
  6.567252E-02  4.565359E-03  2.343706E-02
  6.648029E-02  4.628631E-03  2.081815E-02
  6.729800E-02  4.692952E-03  1.815846E-02
  6.812576E-02  4.758344E-03  1.545856E-02
  6.896371E-02  4.824832E-03  1.271905E-02
  6.981196E-02  4.892440E-03  9.940589E-03
  7.067065E-02  4.961193E-03  7.123877E-03
  7.153990E-02  5.031119E-03  4.269665E-03
  7.241984E-02  5.102243E-03  1.378752E-03
  7.331061E-02  5.174595E-03 -1.548010E-03
  7.421233E-02  5.248201E-03 -4.509720E-03
  7.512514E-02  5.323093E-03 -7.505424E-03
  7.604918E-02  5.399300E-03 -1.053411E-02
  7.698458E-02  5.476854E-03 -1.359473E-02
  7.793149E-02  5.555787E-03 -1.668615E-02
  7.889005E-02  5.636134E-03 -1.980721E-02
  7.986040E-02  5.717927E-03 -2.295668E-02
  8.084268E-02  5.801204E-03 -2.613327E-02
  8.183705E-02  5.886000E-03 -2.933564E-02
  8.284364E-02  5.972354E-03 -3.256238E-02
  8.386262E-02  6.060305E-03 -3.581205E-02
  8.489413E-02  6.149893E-03 -3.908310E-02
  8.593833E-02  6.241160E-03 -4.237397E-02
  8.699537E-02  6.334150E-03 -4.568301E-02
  8.806541E-02  6.428906E-03 -4.900852E-02
  8.914861E-02  6.525476E-03 -5.234873E-02
  9.024514E-02  6.623905E-03 -5.570182E-02
  9.135516E-02  6.724245E-03 -5.906590E-02
  9.247883E-02  6.826545E-03 -6.243902E-02
  9.361632E-02  6.930859E-03 -6.581915E-02
  9.476780E-02  7.037239E-03 -6.920424E-02
  9.593344E-02  7.145744E-03 -7.259212E-02
  9.711342E-02  7.256430E-03 -7.598061E-02
  9.830792E-02  7.369358E-03 -7.936744E-02
  9.951710E-02  7.484591E-03 -8.275028E-02
  1.007412E-01  7.602192E-03 -8.612674E-02
  1.019803E-01  7.722228E-03 -8.949437E-02
  1.032346E-01  7.844768E-03 -9.285065E-02
  1.045044E-01  7.969883E-03 -9.619302E-02
  1.057898E-01  8.097648E-03 -9.951883E-02
  1.070910E-01  8.228138E-03 -1.028254E-01
  1.084083E-01  8.361433E-03 -1.061100E-01
  1.097417E-01  8.497615E-03 -1.093697E-01
  1.110915E-01  8.636769E-03 -1.126018E-01
  1.124579E-01  8.778982E-03 -1.158034E-01
  1.138412E-01  8.924347E-03 -1.189713E-01
  1.152414E-01  9.072957E-03 -1.221027E-01
  1.166589E-01  9.224909E-03 -1.251944E-01
  1.180938E-01  9.380307E-03 -1.282433E-01
  1.195463E-01  9.539254E-03 -1.312463E-01
  1.210168E-01  9.701859E-03 -1.342001E-01
  1.225053E-01  9.868236E-03 -1.371015E-01
  1.240121E-01  1.003850E-02 -1.399472E-01
  1.255374E-01  1.021278E-02 -1.427338E-01
  1.270815E-01  1.039119E-02 -1.454581E-01
  1.286446E-01  1.057386E-02 -1.481165E-01
  1.302270E-01  1.076094E-02 -1.507056E-01
  1.318288E-01  1.095256E-02 -1.532221E-01
  1.334503E-01  1.114887E-02 -1.556625E-01
  1.350917E-01  1.135002E-02 -1.580231E-01
  1.367533E-01  1.155616E-02 -1.603006E-01
  1.384354E-01  1.176747E-02 -1.624915E-01
  1.401381E-01  1.198410E-02 -1.645921E-01
  1.418618E-01  1.220623E-02 -1.665989E-01
  1.436067E-01  1.243404E-02 -1.685085E-01
  1.453731E-01  1.266773E-02 -1.703173E-01
  1.471612E-01  1.290749E-02 -1.720218E-01
  1.489713E-01  1.315352E-02 -1.736184E-01
  1.508036E-01  1.340603E-02 -1.751037E-01
  1.526585E-01  1.366524E-02 -1.764741E-01
  1.545362E-01  1.393139E-02 -1.777264E-01
  1.564370E-01  1.420470E-02 -1.788570E-01
  1.583612E-01  1.448541E-02 -1.798626E-01
  1.603090E-01  1.477380E-02 -1.807399E-01
  1.622808E-01  1.507011E-02 -1.814856E-01
  1.642769E-01  1.537463E-02 -1.820964E-01
  1.662975E-01  1.568763E-02 -1.825692E-01
  1.683429E-01  1.600942E-02 -1.829008E-01
  1.704136E-01  1.634030E-02 -1.830884E-01
  1.725096E-01  1.668059E-02 -1.831288E-01
  1.746315E-01  1.703062E-02 -1.830193E-01
  1.767795E-01  1.739073E-02 -1.827569E-01
  1.789539E-01  1.776128E-02 -1.823392E-01
  1.811550E-01  1.814264E-02 -1.817633E-01
  1.833832E-01  1.853520E-02 -1.810270E-01
  1.856388E-01  1.893934E-02 -1.801277E-01
  1.879222E-01  1.935550E-02 -1.790633E-01
  1.902336E-01  1.978409E-02 -1.778316E-01
  1.925735E-01  2.022556E-02 -1.764306E-01
  1.949422E-01  2.068037E-02 -1.748584E-01
  1.973399E-01  2.114900E-02 -1.731134E-01
  1.997672E-01  2.163196E-02 -1.711940E-01
  2.022244E-01  2.212975E-02 -1.690988E-01
  2.047117E-01  2.264291E-02 -1.668265E-01
  2.072297E-01  2.317199E-02 -1.643760E-01
  2.097786E-01  2.371757E-02 -1.617465E-01
  2.123589E-01  2.428024E-02 -1.589372E-01
  2.149709E-01  2.486062E-02 -1.559477E-01
  2.176150E-01  2.545935E-02 -1.527775E-01
  2.202917E-01  2.607709E-02 -1.494265E-01
  2.230013E-01  2.671452E-02 -1.458949E-01
  2.257442E-01  2.737235E-02 -1.421828E-01
  2.285209E-01  2.805132E-02 -1.382908E-01
  2.313317E-01  2.875217E-02 -1.342196E-01
  2.341770E-01  2.947570E-02 -1.299701E-01
  2.370574E-01  3.022270E-02 -1.255434E-01
  2.399732E-01  3.099403E-02 -1.209411E-01
  2.429249E-01  3.179052E-02 -1.161647E-01
  2.459129E-01  3.261309E-02 -1.112161E-01
  2.489376E-01  3.346263E-02 -1.060975E-01
  2.519995E-01  3.434009E-02 -1.008112E-01
  2.550991E-01  3.524645E-02 -9.535986E-02
  2.582368E-01  3.618270E-02 -8.974638E-02
  2.614132E-01  3.714987E-02 -8.397390E-02
  2.646285E-01  3.814901E-02 -7.804584E-02
  2.678835E-01  3.918121E-02 -7.196586E-02
  2.711784E-01  4.024757E-02 -6.573790E-02
  2.745139E-01  4.134923E-02 -5.936616E-02
  2.778905E-01  4.248735E-02 -5.285509E-02
  2.813085E-01  4.366311E-02 -4.620944E-02
  2.847686E-01  4.487772E-02 -3.943419E-02
  2.882713E-01  4.613243E-02 -3.253460E-02
  2.918170E-01  4.742846E-02 -2.551618E-02
  2.954063E-01  4.876711E-02 -1.838472E-02
  2.990398E-01  5.014966E-02 -1.114625E-02
  3.027180E-01  5.157740E-02 -3.807056E-03
  3.064415E-01  5.305165E-02  3.626310E-03
  3.102107E-01  5.457373E-02  1.114706E-02
  3.140263E-01  5.614497E-02  1.874816E-02
  3.178888E-01  5.776669E-02  2.642234E-02
  3.217988E-01  5.944020E-02  3.416209E-02
  3.257570E-01  6.116682E-02  4.195968E-02
  3.297638E-01  6.294784E-02  4.980717E-02
  3.338199E-01  6.478453E-02  5.769638E-02
  3.379259E-01  6.667811E-02  6.561895E-02
  3.420823E-01  6.862981E-02  7.356631E-02
  3.462900E-01  7.064075E-02  8.152973E-02
  3.505493E-01  7.271205E-02  8.950028E-02
  3.548611E-01  7.484472E-02  9.746886E-02
  3.592259E-01  7.703972E-02  1.054262E-01
  3.636443E-01  7.929789E-02  1.133630E-01
  3.681172E-01  8.161999E-02  1.212697E-01
  3.726450E-01  8.400664E-02  1.291366E-01
  3.772285E-01  8.645834E-02  1.369539E-01
  3.818685E-01  8.897543E-02  1.447119E-01
  3.865654E-01  9.155806E-02  1.524006E-01
  3.913202E-01  9.420622E-02  1.600099E-01
  3.961334E-01  9.691966E-02  1.675298E-01
  4.010059E-01  9.969791E-02  1.749501E-01
  4.059382E-01  1.025402E-01  1.822606E-01
  4.109313E-01  1.054456E-01  1.894510E-01
  4.159857E-01  1.084128E-01  1.965110E-01
  4.211024E-01  1.114400E-01  2.034303E-01
  4.262819E-01  1.145253E-01  2.101986E-01
  4.315252E-01  1.176663E-01  2.168055E-01
  4.368329E-01  1.208602E-01  2.232406E-01
  4.422060E-01  1.241036E-01  2.294938E-01
  4.476451E-01  1.273929E-01  2.355547E-01
  4.531512E-01  1.307237E-01  2.414131E-01
  4.587249E-01  1.340913E-01  2.470591E-01
  4.643672E-01  1.374904E-01  2.524826E-01
  4.700790E-01  1.409150E-01  2.576738E-01
  4.758609E-01  1.443585E-01  2.626230E-01
  4.817140E-01  1.478137E-01  2.673209E-01
  4.876391E-01  1.512727E-01  2.717582E-01
  4.936371E-01  1.547271E-01  2.759258E-01
  4.997088E-01  1.581675E-01  2.798150E-01
  5.058552E-01  1.615839E-01  2.834172E-01
  5.120772E-01  1.649657E-01  2.867243E-01
  5.183758E-01  1.683015E-01  2.897283E-01
  5.247518E-01  1.715790E-01  2.924216E-01
  5.312063E-01  1.747854E-01  2.947968E-01
  5.377401E-01  1.779071E-01  2.968471E-01
  5.443543E-01  1.809299E-01  2.985657E-01
  5.510499E-01  1.838388E-01  2.999465E-01
  5.578278E-01  1.866183E-01  3.009835E-01
  5.646890E-01  1.892523E-01  3.016714E-01
  5.716347E-01  1.917242E-01  3.020049E-01
  5.786658E-01  1.940170E-01  3.019795E-01
  5.857834E-01  1.961133E-01  3.015908E-01
  5.929886E-01  1.979953E-01  3.008352E-01
  6.002823E-01  1.996453E-01  2.997092E-01
  6.076658E-01  2.010453E-01  2.982099E-01
  6.151401E-01  2.021776E-01  2.963349E-01
  6.227063E-01  2.030245E-01  2.940822E-01
  6.303656E-01  2.035686E-01  2.914504E-01
  6.381191E-01  2.037931E-01  2.884382E-01
  6.459679E-01  2.036816E-01  2.850453E-01
  6.539134E-01  2.032185E-01  2.812716E-01
  6.619565E-01  2.023888E-01  2.771174E-01
  6.700986E-01  2.011786E-01  2.725837E-01
  6.783408E-01  1.995747E-01  2.676719E-01
  6.866844E-01  1.975653E-01  2.623838E-01
  6.951306E-01  1.951394E-01  2.567219E-01
  7.036807E-01  1.922876E-01  2.506888E-01
  7.123359E-01  1.890019E-01  2.442881E-01
  7.210977E-01  1.852759E-01  2.375233E-01
  7.299672E-01  1.811051E-01  2.303988E-01
  7.389458E-01  1.764866E-01  2.229193E-01
  7.480348E-01  1.714198E-01  2.150899E-01
  7.572356E-01  1.659062E-01  2.069162E-01
  7.665496E-01  1.599492E-01  1.984041E-01
  7.759782E-01  1.535547E-01  1.895602E-01
  7.855227E-01  1.467304E-01  1.803913E-01
  7.951847E-01  1.394864E-01  1.709046E-01
  8.049654E-01  1.318345E-01  1.611078E-01
  8.148665E-01  1.237885E-01  1.510088E-01
  8.248894E-01  1.153640E-01  1.406161E-01
  8.350355E-01  1.065781E-01  1.299383E-01
  8.453064E-01  9.744919E-02  1.189846E-01
  8.557037E-01  8.799675E-02  1.077643E-01
  8.662289E-01  7.824116E-02  9.628718E-02
  8.768835E-01  6.820340E-02  8.456315E-02
  8.876691E-01  5.790471E-02  7.260252E-02
  8.985875E-01  4.736636E-02  6.041585E-02
  9.096401E-01  3.660928E-02  4.801393E-02
  9.208287E-01  2.565382E-02  3.540780E-02
  9.321549E-01  1.451938E-02  2.260872E-02
  9.436204E-01  3.224181E-03  9.628144E-03
  9.552269E-01 -8.215078E-03 -3.522266E-03
  9.669762E-01 -1.978345E-02 -1.683069E-02
  9.788700E-01 -3.146799E-02 -3.028513E-02
  9.909101E-01 -4.325796E-02 -4.387347E-02
  1.003098E+00 -5.514504E-02 -5.758344E-02
  1.015436E+00 -6.712340E-02 -7.140270E-02
  1.027926E+00 -7.918987E-02 -8.531877E-02
  1.040570E+00 -9.134396E-02 -9.931911E-02
  1.053369E+00 -1.035879E-01 -1.133911E-01
  1.066325E+00 -1.159265E-01 -1.275222E-01
  1.079441E+00 -1.283671E-01 -1.416996E-01
  1.092718E+00 -1.409196E-01 -1.559107E-01
  1.106159E+00 -1.535960E-01 -1.701427E-01
  1.119764E+00 -1.664101E-01 -1.843830E-01
  1.133537E+00 -1.793774E-01 -1.986190E-01
  1.147480E+00 -1.925148E-01 -2.128380E-01
  1.161594E+00 -2.058396E-01 -2.270275E-01
  1.175882E+00 -2.193698E-01 -2.411750E-01
  1.190345E+00 -2.331227E-01 -2.552682E-01
  1.204986E+00 -2.471151E-01 -2.692947E-01
  1.219807E+00 -2.613621E-01 -2.832425E-01
  1.234811E+00 -2.758765E-01 -2.970993E-01
  1.249999E+00 -2.906682E-01 -3.108534E-01
  1.265374E+00 -3.057434E-01 -3.244931E-01
  1.280938E+00 -3.211036E-01 -3.380066E-01
  1.296694E+00 -3.367450E-01 -3.513827E-01
  1.312643E+00 -3.526576E-01 -3.646100E-01
  1.328789E+00 -3.688242E-01 -3.776776E-01
  1.345133E+00 -3.852201E-01 -3.905746E-01
  1.361678E+00 -4.018115E-01 -4.032904E-01
  1.378427E+00 -4.185559E-01 -4.158147E-01
  1.395381E+00 -4.354009E-01 -4.281374E-01
  1.412544E+00 -4.522845E-01 -4.402484E-01
  1.429919E+00 -4.691349E-01 -4.521382E-01
  1.447507E+00 -4.858710E-01 -4.637975E-01
  1.465311E+00 -5.024037E-01 -4.752170E-01
  1.483334E+00 -5.186366E-01 -4.863879E-01
  1.501579E+00 -5.344680E-01 -4.973018E-01
  1.520049E+00 -5.497932E-01 -5.079502E-01
  1.538745E+00 -5.645065E-01 -5.183254E-01
  1.557672E+00 -5.785043E-01 -5.284195E-01
  1.576831E+00 -5.916880E-01 -5.382252E-01
  1.596226E+00 -6.039672E-01 -5.477355E-01
  1.615860E+00 -6.152631E-01 -5.569436E-01
  1.635735E+00 -6.255112E-01 -5.658431E-01
  1.655855E+00 -6.346647E-01 -5.744278E-01
  1.676222E+00 -6.426967E-01 -5.826920E-01
  1.696839E+00 -6.496018E-01 -5.906301E-01
  1.717710E+00 -6.553976E-01 -5.982369E-01
  1.738838E+00 -6.601245E-01 -6.055075E-01
  1.760226E+00 -6.638454E-01 -6.124375E-01
  1.781877E+00 -6.666438E-01 -6.190224E-01
  1.803794E+00 -6.686209E-01 -6.252584E-01
  1.825980E+00 -6.698932E-01 -6.311418E-01
  1.848440E+00 -6.705870E-01 -6.366692E-01
  1.871176E+00 -6.708347E-01 -6.418376E-01
  1.894191E+00 -6.707689E-01 -6.466441E-01
  1.917490E+00 -6.705169E-01 -6.510863E-01
  1.941075E+00 -6.701954E-01 -6.551620E-01
  1.964950E+00 -6.699046E-01 -6.588693E-01
  1.989119E+00 -6.697229E-01 -6.622066E-01
  2.013585E+00 -6.697035E-01 -6.651727E-01
  2.038352E+00 -6.698699E-01 -6.677666E-01
  2.063424E+00 -6.702156E-01 -6.699876E-01
  2.088804E+00 -6.707037E-01 -6.718354E-01
  2.114496E+00 -6.712709E-01 -6.733100E-01
  2.140505E+00 -6.718333E-01 -6.744116E-01
  2.166833E+00 -6.722959E-01 -6.751411E-01
  2.193485E+00 -6.725642E-01 -6.754993E-01
  2.220465E+00 -6.725570E-01 -6.754876E-01
  2.247776E+00 -6.722168E-01 -6.751077E-01
  2.275424E+00 -6.715157E-01 -6.743618E-01
  2.303412E+00 -6.704493E-01 -6.732522E-01
  2.331744E+00 -6.690212E-01 -6.717818E-01
  2.360424E+00 -6.672342E-01 -6.699538E-01
  2.389458E+00 -6.650916E-01 -6.677718E-01
  2.418848E+00 -6.625976E-01 -6.652397E-01
  2.448600E+00 -6.597564E-01 -6.623618E-01
  2.478717E+00 -6.565730E-01 -6.591430E-01
  2.509206E+00 -6.530526E-01 -6.555883E-01
  2.540069E+00 -6.492008E-01 -6.517032E-01
  2.571312E+00 -6.450236E-01 -6.474937E-01
  2.602939E+00 -6.405273E-01 -6.429660E-01
  2.634955E+00 -6.357188E-01 -6.381267E-01
  2.667365E+00 -6.306052E-01 -6.329828E-01
  2.700174E+00 -6.251940E-01 -6.275418E-01
  2.733386E+00 -6.194931E-01 -6.218115E-01
  2.767006E+00 -6.135107E-01 -6.157998E-01
  2.801041E+00 -6.072553E-01 -6.095154E-01
  2.835493E+00 -6.007358E-01 -6.029669E-01
  2.870370E+00 -5.939615E-01 -5.961634E-01
  2.905675E+00 -5.869418E-01 -5.891145E-01
  2.941415E+00 -5.796865E-01 -5.818298E-01
  2.977595E+00 -5.722058E-01 -5.743194E-01
  3.014219E+00 -5.645098E-01 -5.665934E-01
  3.051294E+00 -5.566093E-01 -5.586624E-01
  3.088825E+00 -5.485149E-01 -5.505373E-01
  3.126817E+00 -5.402377E-01 -5.422288E-01
  3.165277E+00 -5.317887E-01 -5.337481E-01
  3.204210E+00 -5.231794E-01 -5.251066E-01
  3.243622E+00 -5.144209E-01 -5.163156E-01
  3.283519E+00 -5.055250E-01 -5.073866E-01
  3.323906E+00 -4.965031E-01 -4.983312E-01
  3.364790E+00 -4.873669E-01 -4.891610E-01
  3.406177E+00 -4.781279E-01 -4.798878E-01
  3.448073E+00 -4.687978E-01 -4.705230E-01
  3.490484E+00 -4.593882E-01 -4.610783E-01
  3.533417E+00 -4.499104E-01 -4.515653E-01
  3.576878E+00 -4.403758E-01 -4.419952E-01
  3.620874E+00 -4.307957E-01 -4.323794E-01
  3.665410E+00 -4.211811E-01 -4.227290E-01
  3.710495E+00 -4.115430E-01 -4.130549E-01
  3.756134E+00 -4.018919E-01 -4.033678E-01
  3.802334E+00 -3.922384E-01 -3.936783E-01
  3.849103E+00 -3.825925E-01 -3.839964E-01
  3.896447E+00 -3.729643E-01 -3.743323E-01
  3.944373E+00 -3.633633E-01 -3.646956E-01
  3.992889E+00 -3.537989E-01 -3.550956E-01
  4.042002E+00 -3.442801E-01 -3.455414E-01
  4.091718E+00 -3.348156E-01 -3.360418E-01
  4.142046E+00 -3.254138E-01 -3.266052E-01
  4.192994E+00 -3.160828E-01 -3.172396E-01
  4.244567E+00 -3.068302E-01 -3.079528E-01
  4.296776E+00 -2.976634E-01 -2.987522E-01
  4.349626E+00 -2.885894E-01 -2.896449E-01
  4.403126E+00 -2.796150E-01 -2.806375E-01
  4.457285E+00 -2.707465E-01 -2.717365E-01
  4.512109E+00 -2.619900E-01 -2.629480E-01
  4.567608E+00 -2.533512E-01 -2.542776E-01
  4.623790E+00 -2.448355E-01 -2.457309E-01
  4.680663E+00 -2.364480E-01 -2.373128E-01
  4.738235E+00 -2.281935E-01 -2.290283E-01
  4.796515E+00 -2.200764E-01 -2.208818E-01
  4.855512E+00 -2.121011E-01 -2.128775E-01
  4.915235E+00 -2.042712E-01 -2.050194E-01
  4.975692E+00 -1.965906E-01 -1.973110E-01
  5.036893E+00 -1.890626E-01 -1.897557E-01
  5.098847E+00 -1.816902E-01 -1.823567E-01
  5.161563E+00 -1.744761E-01 -1.751166E-01
  5.225050E+00 -1.674231E-01 -1.680381E-01
  5.289318E+00 -1.605332E-01 -1.611233E-01
  5.354377E+00 -1.538086E-01 -1.543744E-01
  5.420236E+00 -1.472509E-01 -1.477930E-01
  5.486905E+00 -1.408616E-01 -1.413806E-01
  5.554394E+00 -1.346419E-01 -1.351384E-01
  5.622713E+00 -1.285927E-01 -1.290674E-01
  5.691872E+00 -1.227148E-01 -1.231682E-01
  5.761882E+00 -1.170086E-01 -1.174412E-01
  5.832753E+00 -1.114741E-01 -1.118867E-01
  5.904496E+00 -1.061114E-01 -1.065044E-01
  5.977121E+00 -1.009200E-01 -1.012941E-01
  6.050640E+00 -9.589926E-02 -9.625506E-02
  6.125063E+00 -9.104840E-02 -9.138648E-02
  6.200401E+00 -8.636627E-02 -8.668721E-02
  6.276666E+00 -8.185151E-02 -8.215590E-02
  6.353869E+00 -7.750253E-02 -7.779095E-02
  6.432022E+00 -7.331750E-02 -7.359053E-02
  6.511135E+00 -6.929437E-02 -6.955259E-02
  6.591222E+00 -6.543090E-02 -6.567486E-02
  6.672294E+00 -6.172463E-02 -6.195489E-02
  6.754364E+00 -5.817290E-02 -5.839001E-02
  6.837442E+00 -5.477289E-02 -5.497741E-02
  6.921543E+00 -5.152161E-02 -5.171405E-02
  7.006678E+00 -4.841590E-02 -4.859680E-02
  7.092860E+00 -4.545247E-02 -4.562234E-02
  7.180102E+00 -4.262790E-02 -4.278725E-02
  7.268417E+00 -3.993864E-02 -4.008796E-02
  7.357819E+00 -3.738106E-02 -3.752083E-02
  7.448320E+00 -3.495143E-02 -3.508211E-02
  7.539935E+00 -3.264593E-02 -3.276799E-02
  7.632676E+00 -3.046071E-02 -3.057459E-02
  7.726558E+00 -2.839185E-02 -2.849797E-02
  7.821594E+00 -2.643539E-02 -2.653418E-02
  7.917800E+00 -2.458738E-02 -2.467923E-02
  8.015189E+00 -2.284381E-02 -2.292912E-02
  8.113776E+00 -2.120072E-02 -2.127986E-02
  8.213575E+00 -1.965414E-02 -1.972747E-02
  8.314602E+00 -1.820011E-02 -1.826799E-02
  8.416872E+00 -1.683475E-02 -1.689749E-02
  8.520399E+00 -1.555417E-02 -1.561210E-02
  8.625200E+00 -1.435456E-02 -1.440799E-02
  8.731290E+00 -1.323218E-02 -1.328139E-02
  8.838685E+00 -1.218334E-02 -1.222861E-02
  8.947401E+00 -1.120443E-02 -1.124603E-02
  9.057454E+00 -1.029194E-02 -1.033011E-02
  9.168860E+00 -9.442407E-03 -9.477395E-03
  9.281637E+00 -8.652501E-03 -8.684529E-03
  9.395802E+00 -7.918971E-03 -7.948251E-03
  9.511370E+00 -7.238667E-03 -7.265401E-03
  9.628360E+00 -6.608543E-03 -6.632920E-03
  9.746789E+00 -6.025659E-03 -6.047859E-03
  9.866674E+00 -5.487185E-03 -5.507374E-03
  9.988034E+00 -4.990396E-03 -5.008732E-03
  1.011089E+01 -4.532679E-03 -4.549310E-03
  1.023525E+01 -4.111530E-03 -4.126595E-03
  1.036114E+01 -3.724557E-03 -3.738183E-03
  1.048859E+01 -3.369474E-03 -3.381782E-03
  1.061760E+01 -3.044106E-03 -3.055208E-03
  1.074819E+01 -2.746384E-03 -2.756384E-03
  1.088040E+01 -2.474343E-03 -2.483338E-03
  1.101422E+01 -2.226124E-03 -2.234202E-03
  1.114970E+01 -1.999967E-03 -2.007212E-03
  1.128684E+01 -1.794211E-03 -1.800698E-03
  1.142567E+01 -1.607291E-03 -1.613091E-03
  1.156620E+01 -1.437734E-03 -1.442913E-03
  1.170847E+01 -1.284159E-03 -1.288776E-03
  1.185248E+01 -1.145269E-03 -1.149379E-03
  1.199827E+01 -1.019854E-03 -1.023506E-03
  1.214585E+01 -9.067804E-04 -9.100209E-04
  1.229524E+01 -8.049939E-04 -8.078646E-04
  1.244647E+01 -7.135123E-04 -7.160514E-04
  1.259956E+01 -6.314239E-04 -6.336659E-04
  1.275454E+01 -5.578830E-04 -5.598595E-04
  1.291142E+01 -4.921072E-04 -4.938468E-04
  1.307023E+01 -4.333738E-04 -4.349022E-04
  1.323099E+01 -3.810161E-04 -3.823567E-04
  1.339374E+01 -3.344210E-04 -3.355948E-04
  1.355848E+01 -2.930248E-04 -2.940508E-04
  1.372525E+01 -2.563110E-04 -2.572063E-04
  1.389407E+01 -2.238068E-04 -2.245866E-04
  1.406496E+01 -1.950803E-04 -1.957583E-04
  1.423796E+01 -1.697378E-04 -1.703262E-04
  1.441309E+01 -1.474211E-04 -1.479308E-04
  1.459037E+01 -1.278047E-04 -1.282454E-04
  1.476983E+01 -1.105939E-04 -1.109741E-04
  1.495150E+01 -9.552175E-05 -9.584931E-05
  1.513541E+01 -8.234760E-05 -8.262918E-05
  1.532157E+01 -7.085443E-05 -7.109603E-05
  1.551003E+01 -6.084719E-05 -6.105406E-05
  1.570080E+01 -5.215082E-05 -5.232761E-05
  1.589392E+01 -4.460861E-05 -4.475937E-05
  1.608942E+01 -3.808049E-05 -3.820880E-05
  1.628732E+01 -3.244159E-05 -3.255057E-05
  1.648765E+01 -2.758079E-05 -2.767315E-05
  1.669045E+01 -2.339944E-05 -2.347755E-05
  1.689574E+01 -1.981012E-05 -1.987604E-05
  1.710356E+01 -1.673558E-05 -1.679108E-05
  1.731393E+01 -1.410766E-05 -1.415429E-05
  1.752689E+01 -1.186637E-05 -1.190547E-05
  1.774247E+01 -9.959066E-06 -9.991762E-06
  1.796071E+01 -8.339592E-06 -8.366875E-06
  1.818162E+01 -6.967623E-06 -6.990338E-06
  1.840526E+01 -5.807992E-06 -5.826859E-06
  1.863164E+01 -4.830107E-06 -4.845740E-06
  1.886081E+01 -4.007415E-06 -4.020337E-06
  1.909280E+01 -3.316929E-06 -3.327584E-06
  1.932764E+01 -2.738795E-06 -2.747560E-06
  1.956537E+01 -2.255907E-06 -2.263098E-06
  1.980602E+01 -1.853566E-06 -1.859452E-06
  2.004964E+01 -1.519175E-06 -1.523980E-06
  2.029625E+01 -1.241959E-06 -1.245870E-06
  2.054589E+01 -1.012727E-06 -1.015904E-06
  2.079861E+01 -8.236634E-07 -8.262361E-07
  2.105443E+01 -6.681370E-07 -6.702151E-07
  2.131340E+01 -5.405372E-07 -5.422111E-07
  2.157555E+01 -4.361297E-07 -4.374743E-07
  2.184093E+01 -3.509307E-07 -3.520078E-07
  2.210958E+01 -2.815970E-07 -2.824574E-07
  2.238152E+01 -2.253311E-07 -2.260164E-07
  2.265682E+01 -1.797983E-07 -1.803425E-07
  2.293550E+01 -1.430560E-07 -1.434869E-07
  2.321760E+01 -1.134926E-07 -1.138328E-07
  2.350318E+01 -8.977476E-08 -9.004257E-08
  2.379227E+01 -7.080285E-08 -7.101300E-08
  2.408491E+01 -5.567253E-08 -5.583694E-08
  2.438116E+01 -4.364243E-08 -4.377064E-08
  2.468105E+01 -3.410659E-08 -3.420625E-08
  2.498462E+01 -2.657128E-08 -2.664851E-08
  2.529193E+01 -2.063550E-08 -2.069515E-08
  2.560302E+01 -1.597455E-08 -1.602047E-08
  2.591794E+01 -1.232641E-08 -1.236164E-08
  2.623673E+01 -9.480286E-09 -9.507228E-09
  2.655944E+01 -7.267175E-09 -7.287706E-09
  2.688612E+01 -5.552024E-09 -5.567616E-09
  2.721682E+01 -4.227277E-09 -4.239077E-09
  2.755159E+01 -3.207565E-09 -3.216463E-09
  2.789048E+01 -2.425366E-09 -2.432052E-09
  2.823353E+01 -1.827458E-09 -1.832463E-09
  2.858080E+01 -1.372041E-09 -1.375774E-09
  2.893234E+01 -1.026401E-09 -1.029175E-09
  2.928821E+01 -7.650291E-10 -7.670830E-10
  2.964846E+01 -5.681072E-10 -5.696219E-10
  3.001313E+01 -4.202950E-10 -4.214077E-10
  3.038229E+01 -3.097631E-10 -3.105773E-10
  3.075600E+01 -2.274240E-10 -2.280174E-10
  3.113430E+01 -1.663234E-10 -1.667542E-10
  3.151725E+01 -1.211603E-10 -1.214717E-10
  3.190491E+01 -8.790948E-11 -8.813369E-11
  3.229734E+01 -6.352702E-11 -6.368776E-11
  3.269460E+01 -4.572007E-11 -4.583482E-11
  3.309674E+01 -3.276868E-11 -3.285025E-11
  3.350383E+01 -2.338798E-11 -2.344571E-11
  3.391593E+01 -1.662208E-11 -1.666276E-11
  3.433309E+01 -1.176290E-11 -1.179144E-11
  3.475539E+01 -8.288139E-12 -8.308067E-12
  3.518288E+01 -5.814194E-12 -5.828047E-12
  3.561563E+01 -4.060584E-12 -4.070169E-12
  3.605370E+01 -2.823125E-12 -2.829725E-12
  3.649716E+01 -1.953844E-12 -1.958368E-12
  3.694608E+01 -1.345996E-12 -1.349081E-12
  3.740052E+01 -9.229251E-13 -9.250194E-13
  3.786054E+01 -6.298443E-13 -6.312587E-13
  3.832623E+01 -4.277780E-13 -4.287285E-13
  3.879764E+01 -2.891322E-13 -2.897676E-13
  3.927485E+01 -1.944648E-13 -1.948875E-13
  3.975793E+01 -1.301445E-13 -1.304242E-13
  4.024695E+01 -8.666111E-14 -8.684517E-14
  4.074199E+01 -5.741284E-14 -5.753333E-14
  4.124312E+01 -3.784015E-14 -3.791859E-14
  4.175041E+01 -2.481006E-14 -2.486085E-14
  4.226394E+01 -1.618102E-14 -1.621372E-14
  4.278379E+01 -1.049684E-14 -1.051777E-14
  4.331003E+01 -6.772623E-15 -6.785949E-15
  4.384274E+01 -4.345821E-15 -4.354254E-15
  4.438200E+01 -2.773152E-15 -2.778457E-15
  4.492790E+01 -1.759675E-15 -1.762992E-15
  4.548052E+01 -1.110242E-15 -1.112304E-15
  4.603993E+01 -6.964644E-16 -6.977380E-16
  4.660622E+01 -4.343550E-16 -4.351367E-16
  4.717947E+01 -2.692923E-16 -2.697691E-16
  4.775978E+01 -1.659603E-16 -1.662492E-16
  4.834723E+01 -1.016609E-16 -1.018348E-16
  4.894190E+01 -6.189247E-17 -6.199646E-17
  4.954388E+01 -3.744871E-17 -3.751042E-17
  5.015327E+01  0.000000E+00 -1.379206E-12
  5.077016E+01  0.000000E+00 -9.344470E-13
  5.139463E+01  0.000000E+00 -6.299377E-13
  5.202679E+01  0.000000E+00 -4.225040E-13
  5.266672E+01  0.000000E+00 -2.819208E-13
  5.331452E+01  0.000000E+00 -1.871365E-13
  5.397028E+01  0.000000E+00 -1.235656E-13
  5.463412E+01  0.000000E+00 -8.115498E-14
  5.530612E+01  0.000000E+00 -5.301308E-14
  5.598638E+01  0.000000E+00 -3.444069E-14
  5.667502E+01  0.000000E+00 -2.225114E-14
  5.737212E+01  0.000000E+00 -1.429533E-14
  5.807780E+01  0.000000E+00 -9.132034E-15
  5.879215E+01  0.000000E+00 -5.800181E-15
  5.951530E+01  0.000000E+00 -3.662565E-15
  6.024733E+01  0.000000E+00 -2.299150E-15
  6.098838E+01  0.000000E+00 -1.434682E-15
  6.173853E+01  0.000000E+00 -8.898528E-16
  6.249792E+01  0.000000E+00 -5.485575E-16
  6.326664E+01  0.000000E+00 -3.360737E-16
  6.404482E+01  0.000000E+00 -2.046077E-16
  6.483257E+01  0.000000E+00 -1.237800E-16
  6.563001E+01  0.000000E+00 -7.440223E-17
  6.643726E+01  0.000000E+00 -4.443200E-17
  6.725444E+01  0.000000E+00 -2.635997E-17
  6.808167E+01  0.000000E+00 -1.553562E-17
  6.891908E+01  0.000000E+00  0.000000E+00
  6.976678E+01  0.000000E+00  0.000000E+00
  7.062491E+01  0.000000E+00  0.000000E+00
  7.149360E+01  0.000000E+00  0.000000E+00
  7.237297E+01  0.000000E+00  0.000000E+00
  7.326316E+01  0.000000E+00  0.000000E+00
  7.416429E+01  0.000000E+00  0.000000E+00
  7.507651E+01  0.000000E+00  0.000000E+00
  7.599996E+01  0.000000E+00  0.000000E+00
  7.693476E+01  0.000000E+00  0.000000E+00
  7.788105E+01  0.000000E+00  0.000000E+00
  7.883899E+01  0.000000E+00  0.000000E+00
