  2.232143E-04  1.323862E-04  8.569866E-03
  2.259598E-04  1.340145E-04  8.672372E-03
  2.287391E-04  1.356629E-04  8.776095E-03
  2.315526E-04  1.373316E-04  8.881050E-03
  2.344007E-04  1.390208E-04  8.987252E-03
  2.372838E-04  1.407307E-04  9.094714E-03
  2.402024E-04  1.424617E-04  9.203451E-03
  2.431569E-04  1.442140E-04  9.313478E-03
  2.461478E-04  1.459878E-04  9.424810E-03
  2.491754E-04  1.477835E-04  9.537462E-03
  2.522402E-04  1.496012E-04  9.651451E-03
  2.553428E-04  1.514413E-04  9.766791E-03
  2.584835E-04  1.533040E-04  9.883498E-03
  2.616628E-04  1.551897E-04  1.000159E-02
  2.648813E-04  1.570985E-04  1.012108E-02
  2.681393E-04  1.590308E-04  1.024198E-02
  2.714375E-04  1.609869E-04  1.036432E-02
  2.747761E-04  1.629670E-04  1.048810E-02
  2.781559E-04  1.649715E-04  1.061336E-02
  2.815772E-04  1.670007E-04  1.074009E-02
  2.850406E-04  1.690548E-04  1.086832E-02
  2.885466E-04  1.711342E-04  1.099807E-02
  2.920957E-04  1.732391E-04  1.112936E-02
  2.956885E-04  1.753700E-04  1.126220E-02
  2.993255E-04  1.775270E-04  1.139661E-02
  3.030072E-04  1.797106E-04  1.153261E-02
  3.067342E-04  1.819210E-04  1.167021E-02
  3.105070E-04  1.841587E-04  1.180944E-02
  3.143262E-04  1.864238E-04  1.195032E-02
  3.181924E-04  1.887168E-04  1.209286E-02
  3.221062E-04  1.910381E-04  1.223709E-02
  3.260681E-04  1.933878E-04  1.238301E-02
  3.300787E-04  1.957665E-04  1.253066E-02
  3.341387E-04  1.981744E-04  1.268005E-02
  3.382486E-04  2.006120E-04  1.283121E-02
  3.424091E-04  2.030795E-04  1.298414E-02
  3.466207E-04  2.055774E-04  1.313888E-02
  3.508841E-04  2.081060E-04  1.329545E-02
  3.552000E-04  2.106657E-04  1.345386E-02
  3.595690E-04  2.132569E-04  1.361413E-02
  3.639917E-04  2.158800E-04  1.377630E-02
  3.684688E-04  2.185353E-04  1.394037E-02
  3.730009E-04  2.212233E-04  1.410638E-02
  3.775889E-04  2.239444E-04  1.427433E-02
  3.822332E-04  2.266989E-04  1.444427E-02
  3.869347E-04  2.294873E-04  1.461620E-02
  3.916940E-04  2.323100E-04  1.479016E-02
  3.965118E-04  2.351674E-04  1.496616E-02
  4.013889E-04  2.380600E-04  1.514423E-02
  4.063260E-04  2.409881E-04  1.532439E-02
  4.113238E-04  2.439523E-04  1.550667E-02
  4.163831E-04  2.469529E-04  1.569109E-02
  4.215046E-04  2.499904E-04  1.587767E-02
  4.266891E-04  2.530653E-04  1.606644E-02
  4.319374E-04  2.561780E-04  1.625743E-02
  4.372502E-04  2.593290E-04  1.645065E-02
  4.426284E-04  2.625188E-04  1.664615E-02
  4.480727E-04  2.657478E-04  1.684393E-02
  4.535840E-04  2.690165E-04  1.704403E-02
  4.591631E-04  2.723254E-04  1.724647E-02
  4.648108E-04  2.756750E-04  1.745128E-02
  4.705280E-04  2.790659E-04  1.765849E-02
  4.763155E-04  2.824984E-04  1.786813E-02
  4.821741E-04  2.859731E-04  1.808022E-02
  4.881049E-04  2.894906E-04  1.829478E-02
  4.941086E-04  2.930514E-04  1.851185E-02
  5.001861E-04  2.966559E-04  1.873146E-02
  5.063384E-04  3.003048E-04  1.895364E-02
  5.125664E-04  3.039986E-04  1.917840E-02
  5.188709E-04  3.077378E-04  1.940579E-02
  5.252530E-04  3.115230E-04  1.963584E-02
  5.317136E-04  3.153547E-04  1.986856E-02
  5.382537E-04  3.192336E-04  2.010400E-02
  5.448742E-04  3.231602E-04  2.034218E-02
  5.515762E-04  3.271351E-04  2.058313E-02
  5.583606E-04  3.311589E-04  2.082689E-02
  5.652284E-04  3.352322E-04  2.107348E-02
  5.721807E-04  3.393556E-04  2.132294E-02
  5.792185E-04  3.435297E-04  2.157530E-02
  5.863429E-04  3.477551E-04  2.183060E-02
  5.935550E-04  3.520326E-04  2.208886E-02
  6.008557E-04  3.563626E-04  2.235012E-02
  6.082462E-04  3.607459E-04  2.261441E-02
  6.157276E-04  3.651831E-04  2.288176E-02
  6.233011E-04  3.696749E-04  2.315222E-02
  6.309677E-04  3.742219E-04  2.342580E-02
  6.387286E-04  3.788249E-04  2.370256E-02
  6.465850E-04  3.834845E-04  2.398252E-02
  6.545379E-04  3.882014E-04  2.426573E-02
  6.625888E-04  3.929763E-04  2.455220E-02
  6.707386E-04  3.978100E-04  2.484199E-02
  6.789887E-04  4.027031E-04  2.513512E-02
  6.873402E-04  4.076564E-04  2.543164E-02
  6.957945E-04  4.126706E-04  2.573159E-02
  7.043528E-04  4.177465E-04  2.603499E-02
  7.130163E-04  4.228849E-04  2.634189E-02
  7.217864E-04  4.280864E-04  2.665233E-02
  7.306644E-04  4.333520E-04  2.696634E-02
  7.396516E-04  4.386823E-04  2.728396E-02
  7.487493E-04  4.440781E-04  2.760524E-02
  7.579589E-04  4.495403E-04  2.793021E-02
  7.672818E-04  4.550698E-04  2.825892E-02
  7.767194E-04  4.606672E-04  2.859140E-02
  7.862730E-04  4.663335E-04  2.892769E-02
  7.959442E-04  4.720695E-04  2.926784E-02
  8.057343E-04  4.778760E-04  2.961189E-02
  8.156448E-04  4.837540E-04  2.995989E-02
  8.256773E-04  4.897042E-04  3.031186E-02
  8.358331E-04  4.957277E-04  3.066786E-02
  8.461138E-04  5.018253E-04  3.102793E-02
  8.565210E-04  5.079978E-04  3.139211E-02
  8.670563E-04  5.142463E-04  3.176045E-02
  8.777210E-04  5.205716E-04  3.213300E-02
  8.885170E-04  5.269748E-04  3.250979E-02
  8.994458E-04  5.334567E-04  3.289087E-02
  9.105090E-04  5.400183E-04  3.327629E-02
  9.217082E-04  5.466607E-04  3.366610E-02
  9.330452E-04  5.533848E-04  3.406033E-02
  9.445217E-04  5.601915E-04  3.445905E-02
  9.561393E-04  5.670820E-04  3.486229E-02
  9.678998E-04  5.740573E-04  3.527010E-02
  9.798050E-04  5.811184E-04  3.568254E-02
  9.918566E-04  5.882663E-04  3.609965E-02
  1.004056E-03  5.955021E-04  3.652147E-02
  1.016406E-03  6.028270E-04  3.694807E-02
  1.028908E-03  6.102419E-04  3.737948E-02
  1.041564E-03  6.177481E-04  3.781577E-02
  1.054375E-03  6.253466E-04  3.825697E-02
  1.067344E-03  6.330386E-04  3.870315E-02
  1.080472E-03  6.408251E-04  3.915435E-02
  1.093762E-03  6.487075E-04  3.961062E-02
  1.107215E-03  6.566868E-04  4.007203E-02
  1.120834E-03  6.647643E-04  4.053861E-02
  1.134620E-03  6.729412E-04  4.101043E-02
  1.148576E-03  6.812186E-04  4.148754E-02
  1.162703E-03  6.895979E-04  4.196999E-02
  1.177005E-03  6.980802E-04  4.245784E-02
  1.191482E-03  7.066669E-04  4.295114E-02
  1.206137E-03  7.153592E-04  4.344995E-02
  1.220973E-03  7.241584E-04  4.395432E-02
  1.235991E-03  7.330659E-04  4.446431E-02
  1.251193E-03  7.420829E-04  4.497998E-02
  1.266583E-03  7.512109E-04  4.550139E-02
  1.282162E-03  7.604511E-04  4.602858E-02
  1.297932E-03  7.698050E-04  4.656163E-02
  1.313897E-03  7.792740E-04  4.710058E-02
  1.330058E-03  7.888595E-04  4.764551E-02
  1.346418E-03  7.985629E-04  4.819646E-02
  1.362979E-03  8.083856E-04  4.875349E-02
  1.379743E-03  8.183292E-04  4.931668E-02
  1.396714E-03  8.283951E-04  4.988607E-02
  1.413894E-03  8.385849E-04  5.046173E-02
  1.431285E-03  8.488999E-04  5.104372E-02
  1.448889E-03  8.593419E-04  5.163210E-02
  1.466711E-03  8.699124E-04  5.222694E-02
  1.484751E-03  8.806128E-04  5.282829E-02
  1.503014E-03  8.914450E-04  5.343623E-02
  1.521501E-03  9.024103E-04  5.405081E-02
  1.540215E-03  9.135106E-04  5.467209E-02
  1.559160E-03  9.247474E-04  5.530015E-02
  1.578338E-03  9.361225E-04  5.593504E-02
  1.597751E-03  9.476375E-04  5.657684E-02
  1.617403E-03  9.592941E-04  5.722560E-02
  1.637297E-03  9.710942E-04  5.788140E-02
  1.657436E-03  9.830394E-04  5.854429E-02
  1.677823E-03  9.951316E-04  5.921435E-02
  1.698460E-03  1.007373E-03  5.989164E-02
  1.719351E-03  1.019764E-03  6.057623E-02
  1.740499E-03  1.032308E-03  6.126819E-02
  1.761907E-03  1.045006E-03  6.196758E-02
  1.783579E-03  1.057861E-03  6.267448E-02
  1.805517E-03  1.070874E-03  6.338895E-02
  1.827724E-03  1.084046E-03  6.411105E-02
  1.850205E-03  1.097381E-03  6.484087E-02
  1.872963E-03  1.110880E-03  6.557847E-02
  1.896000E-03  1.124545E-03  6.632392E-02
  1.919321E-03  1.138378E-03  6.707728E-02
  1.942929E-03  1.152382E-03  6.783864E-02
  1.966827E-03  1.166557E-03  6.860805E-02
  1.991019E-03  1.180907E-03  6.938560E-02
  2.015508E-03  1.195434E-03  7.017134E-02
  2.040299E-03  1.210139E-03  7.096536E-02
  2.065395E-03  1.225025E-03  7.176773E-02
  2.090799E-03  1.240095E-03  7.257851E-02
  2.116516E-03  1.255349E-03  7.339778E-02
  2.142549E-03  1.270792E-03  7.422561E-02
  2.168903E-03  1.286424E-03  7.506208E-02
  2.195580E-03  1.302249E-03  7.590725E-02
  2.222586E-03  1.318269E-03  7.676119E-02
  2.249923E-03  1.334485E-03  7.762399E-02
  2.277598E-03  1.350901E-03  7.849571E-02
  2.305612E-03  1.367520E-03  7.937643E-02
  2.333971E-03  1.384342E-03  8.026622E-02
  2.362679E-03  1.401372E-03  8.116515E-02
  2.391740E-03  1.418611E-03  8.207330E-02
  2.421158E-03  1.436062E-03  8.299074E-02
  2.450938E-03  1.453729E-03  8.391753E-02
  2.481085E-03  1.471612E-03  8.485377E-02
  2.511602E-03  1.489716E-03  8.579951E-02
  2.542495E-03  1.508042E-03  8.675484E-02
  2.573768E-03  1.526594E-03  8.771982E-02
  2.605425E-03  1.545374E-03  8.869453E-02
  2.637472E-03  1.564385E-03  8.967904E-02
  2.669913E-03  1.583630E-03  9.067342E-02
  2.702753E-03  1.603112E-03  9.167775E-02
  2.735997E-03  1.622834E-03  9.269210E-02
  2.769649E-03  1.642798E-03  9.371653E-02
  2.803716E-03  1.663009E-03  9.475114E-02
  2.838202E-03  1.683467E-03  9.579597E-02
  2.873112E-03  1.704178E-03  9.685111E-02
  2.908451E-03  1.725144E-03  9.791663E-02
  2.944225E-03  1.746367E-03  9.899260E-02
  2.980439E-03  1.767852E-03  1.000791E-01
  3.017098E-03  1.789601E-03  1.011762E-01
  3.054208E-03  1.811618E-03  1.022839E-01
  3.091775E-03  1.833906E-03  1.034023E-01
  3.129804E-03  1.856469E-03  1.045316E-01
  3.168301E-03  1.879309E-03  1.056717E-01
  3.207271E-03  1.902430E-03  1.068228E-01
  3.246720E-03  1.925836E-03  1.079848E-01
  3.286655E-03  1.949529E-03  1.091579E-01
  3.327081E-03  1.973515E-03  1.103422E-01
  3.368004E-03  1.997796E-03  1.115376E-01
  3.409430E-03  2.022375E-03  1.127443E-01
  3.451366E-03  2.047257E-03  1.139623E-01
  3.493818E-03  2.072446E-03  1.151917E-01
  3.536792E-03  2.097945E-03  1.164325E-01
  3.580294E-03  2.123757E-03  1.176849E-01
  3.624332E-03  2.149888E-03  1.189488E-01
  3.668911E-03  2.176340E-03  1.202243E-01
  3.714039E-03  2.203117E-03  1.215116E-01
  3.759722E-03  2.230225E-03  1.228105E-01
  3.805966E-03  2.257666E-03  1.241213E-01
  3.852780E-03  2.285445E-03  1.254439E-01
  3.900169E-03  2.313566E-03  1.267784E-01
  3.948141E-03  2.342034E-03  1.281248E-01
  3.996703E-03  2.370852E-03  1.294833E-01
  4.045863E-03  2.400024E-03  1.308538E-01
  4.095627E-03  2.429556E-03  1.322363E-01
  4.146003E-03  2.459452E-03  1.336311E-01
  4.196999E-03  2.489716E-03  1.350380E-01
  4.248622E-03  2.520353E-03  1.364571E-01
  4.300880E-03  2.551367E-03  1.378886E-01
  4.353781E-03  2.582763E-03  1.393323E-01
  4.407332E-03  2.614545E-03  1.407883E-01
  4.461542E-03  2.646720E-03  1.422568E-01
  4.516419E-03  2.679290E-03  1.437376E-01
  4.571971E-03  2.712262E-03  1.452309E-01
  4.628206E-03  2.745639E-03  1.467366E-01
  4.685133E-03  2.779428E-03  1.482549E-01
  4.742761E-03  2.813634E-03  1.497856E-01
  4.801096E-03  2.848260E-03  1.513289E-01
  4.860150E-03  2.883314E-03  1.528847E-01
  4.919930E-03  2.918799E-03  1.544532E-01
  4.980445E-03  2.954722E-03  1.560341E-01
  5.041704E-03  2.991087E-03  1.576277E-01
  5.103717E-03  3.027900E-03  1.592339E-01
  5.166493E-03  3.065167E-03  1.608527E-01
  5.230041E-03  3.102893E-03  1.624841E-01
  5.294370E-03  3.141084E-03  1.641281E-01
  5.359491E-03  3.179746E-03  1.657848E-01
  5.425413E-03  3.218884E-03  1.674540E-01
  5.492146E-03  3.258505E-03  1.691357E-01
  5.559699E-03  3.298614E-03  1.708301E-01
  5.628083E-03  3.339218E-03  1.725370E-01
  5.697309E-03  3.380322E-03  1.742564E-01
  5.767386E-03  3.421933E-03  1.759883E-01
  5.838324E-03  3.464058E-03  1.777327E-01
  5.910136E-03  3.506701E-03  1.794895E-01
  5.982830E-03  3.549871E-03  1.812587E-01
  6.056419E-03  3.593572E-03  1.830403E-01
  6.130913E-03  3.637813E-03  1.848342E-01
  6.206323E-03  3.682600E-03  1.866403E-01
  6.282661E-03  3.727938E-03  1.884586E-01
  6.359938E-03  3.773837E-03  1.902890E-01
  6.438165E-03  3.820301E-03  1.921315E-01
  6.517355E-03  3.867339E-03  1.939860E-01
  6.597518E-03  3.914957E-03  1.958524E-01
  6.678668E-03  3.963162E-03  1.977306E-01
  6.760815E-03  4.011963E-03  1.996206E-01
  6.843973E-03  4.061366E-03  2.015222E-01
  6.928154E-03  4.111378E-03  2.034354E-01
  7.013370E-03  4.162008E-03  2.053600E-01
  7.099635E-03  4.213263E-03  2.072960E-01
  7.186960E-03  4.265151E-03  2.092432E-01
  7.275360E-03  4.317679E-03  2.112014E-01
  7.364847E-03  4.370856E-03  2.131707E-01
  7.455435E-03  4.424690E-03  2.151507E-01
  7.547136E-03  4.479188E-03  2.171414E-01
  7.639966E-03  4.534360E-03  2.191427E-01
  7.733938E-03  4.590213E-03  2.211543E-01
  7.829065E-03  4.646757E-03  2.231761E-01
  7.925363E-03  4.703999E-03  2.252080E-01
  8.022845E-03  4.761948E-03  2.272497E-01
  8.121526E-03  4.820614E-03  2.293010E-01
  8.221420E-03  4.880004E-03  2.313619E-01
  8.322544E-03  4.940129E-03  2.334319E-01
  8.424911E-03  5.000997E-03  2.355110E-01
  8.528538E-03  5.062618E-03  2.375989E-01
  8.633439E-03  5.125001E-03  2.396955E-01
  8.739630E-03  5.188156E-03  2.418003E-01
  8.847127E-03  5.252092E-03  2.439133E-01
  8.955947E-03  5.316819E-03  2.460340E-01
  9.066105E-03  5.382346E-03  2.481624E-01
  9.177618E-03  5.448685E-03  2.502980E-01
  9.290503E-03  5.515845E-03  2.524406E-01
  9.404776E-03  5.583836E-03  2.545899E-01
  9.520455E-03  5.652670E-03  2.567457E-01
  9.637556E-03  5.722355E-03  2.589074E-01
  9.756098E-03  5.792904E-03  2.610749E-01
  9.876098E-03  5.864327E-03  2.632478E-01
  9.997574E-03  5.936634E-03  2.654258E-01
  1.012054E-02  6.009838E-03  2.676084E-01
  1.024503E-02  6.083949E-03  2.697953E-01
  1.037104E-02  6.158979E-03  2.719861E-01
  1.049860E-02  6.234940E-03  2.741804E-01
  1.062774E-02  6.311842E-03  2.763778E-01
  1.075846E-02  6.389699E-03  2.785779E-01
  1.089079E-02  6.468521E-03  2.807802E-01
  1.102474E-02  6.548322E-03  2.829843E-01
  1.116035E-02  6.629114E-03  2.851896E-01
  1.129762E-02  6.710908E-03  2.873959E-01
  1.143658E-02  6.793718E-03  2.896024E-01
  1.157725E-02  6.877558E-03  2.918088E-01
  1.171965E-02  6.962438E-03  2.940144E-01
  1.186380E-02  7.048374E-03  2.962189E-01
  1.200973E-02  7.135378E-03  2.984215E-01
  1.215745E-02  7.223465E-03  3.006218E-01
  1.230699E-02  7.312646E-03  3.028192E-01
  1.245836E-02  7.402938E-03  3.050130E-01
  1.261160E-02  7.494353E-03  3.072028E-01
  1.276672E-02  7.586906E-03  3.093877E-01
  1.292375E-02  7.680612E-03  3.115672E-01
  1.308271E-02  7.775485E-03  3.137407E-01
  1.324363E-02  7.871541E-03  3.159074E-01
  1.340653E-02  7.968793E-03  3.180666E-01
  1.357143E-02  8.067259E-03  3.202177E-01
  1.373836E-02  8.166953E-03  3.223600E-01
  1.390734E-02  8.267890E-03  3.244925E-01
  1.407840E-02  8.370088E-03  3.266147E-01
  1.425156E-02  8.473562E-03  3.287257E-01
  1.442686E-02  8.578329E-03  3.308247E-01
  1.460431E-02  8.684404E-03  3.329109E-01
  1.478394E-02  8.791806E-03  3.349835E-01
  1.496578E-02  8.900551E-03  3.370416E-01
  1.514986E-02  9.010657E-03  3.390843E-01
  1.533621E-02  9.122141E-03  3.411108E-01
  1.552484E-02  9.235021E-03  3.431200E-01
  1.571580E-02  9.349315E-03  3.451112E-01
  1.590910E-02  9.465041E-03  3.470833E-01
  1.610478E-02  9.582219E-03  3.490353E-01
  1.630287E-02  9.700867E-03  3.509663E-01
  1.650340E-02  9.821004E-03  3.528752E-01
  1.670639E-02  9.942650E-03  3.547611E-01
  1.691188E-02  1.006582E-02  3.566228E-01
  1.711989E-02  1.019055E-02  3.584593E-01
  1.733047E-02  1.031684E-02  3.602694E-01
  1.754363E-02  1.044472E-02  3.620522E-01
  1.775942E-02  1.057421E-02  3.638063E-01
  1.797786E-02  1.070533E-02  3.655307E-01
  1.819899E-02  1.083811E-02  3.672242E-01
  1.842284E-02  1.097256E-02  3.688856E-01
  1.864944E-02  1.110870E-02  3.705136E-01
  1.887883E-02  1.124657E-02  3.721070E-01
  1.911103E-02  1.138618E-02  3.736645E-01
  1.934610E-02  1.152755E-02  3.751849E-01
  1.958406E-02  1.167071E-02  3.766667E-01
  1.982494E-02  1.181569E-02  3.781088E-01
  2.006879E-02  1.196250E-02  3.795097E-01
  2.031563E-02  1.211117E-02  3.808681E-01
  2.056552E-02  1.226173E-02  3.821825E-01
  2.081847E-02  1.241420E-02  3.834515E-01
  2.107454E-02  1.256861E-02  3.846738E-01
  2.133376E-02  1.272498E-02  3.858477E-01
  2.159616E-02  1.288334E-02  3.869719E-01
  2.186179E-02  1.304372E-02  3.880448E-01
  2.213069E-02  1.320615E-02  3.890650E-01
  2.240290E-02  1.337064E-02  3.900307E-01
  2.267846E-02  1.353724E-02  3.909406E-01
  2.295740E-02  1.370597E-02  3.917930E-01
  2.323978E-02  1.387685E-02  3.925862E-01
  2.352563E-02  1.404992E-02  3.933187E-01
  2.381499E-02  1.422521E-02  3.939888E-01
  2.410792E-02  1.440275E-02  3.945948E-01
  2.440445E-02  1.458257E-02  3.951350E-01
  2.470462E-02  1.476470E-02  3.956078E-01
  2.500849E-02  1.494917E-02  3.960114E-01
  2.531609E-02  1.513602E-02  3.963441E-01
  2.562748E-02  1.532528E-02  3.966040E-01
  2.594270E-02  1.551698E-02  3.967895E-01
  2.626179E-02  1.571115E-02  3.968988E-01
  2.658481E-02  1.590784E-02  3.969299E-01
  2.691181E-02  1.610708E-02  3.968811E-01
  2.724282E-02  1.630890E-02  3.967506E-01
  2.757791E-02  1.651333E-02  3.965366E-01
  2.791712E-02  1.672043E-02  3.962370E-01
  2.826050E-02  1.693022E-02  3.958501E-01
  2.860810E-02  1.714274E-02  3.953740E-01
  2.895998E-02  1.735804E-02  3.948068E-01
  2.931619E-02  1.757615E-02  3.941465E-01
  2.967678E-02  1.779711E-02  3.933913E-01
  3.004180E-02  1.802097E-02  3.925392E-01
  3.041131E-02  1.824776E-02  3.915882E-01
  3.078537E-02  1.847753E-02  3.905366E-01
  3.116403E-02  1.871033E-02  3.893822E-01
  3.154735E-02  1.894619E-02  3.881231E-01
  3.193538E-02  1.918516E-02  3.867575E-01
  3.232819E-02  1.942730E-02  3.852833E-01
  3.272583E-02  1.967263E-02  3.836987E-01
  3.312835E-02  1.992123E-02  3.820016E-01
  3.353583E-02  2.017312E-02  3.801900E-01
  3.394832E-02  2.042836E-02  3.782622E-01
  3.436589E-02  2.068701E-02  3.762161E-01
  3.478859E-02  2.094911E-02  3.740498E-01
  3.521649E-02  2.121471E-02  3.717613E-01
  3.564965E-02  2.148387E-02  3.693488E-01
  3.608814E-02  2.175665E-02  3.668105E-01
  3.653203E-02  2.203310E-02  3.641443E-01
  3.698137E-02  2.231327E-02  3.613484E-01
  3.743624E-02  2.259722E-02  3.584210E-01
  3.789671E-02  2.288502E-02  3.553603E-01
  3.836284E-02  2.317672E-02  3.521645E-01
  3.883470E-02  2.347238E-02  3.488317E-01
  3.931237E-02  2.377207E-02  3.453602E-01
  3.979591E-02  2.407585E-02  3.417483E-01
  4.028540E-02  2.438379E-02  3.379944E-01
  4.078091E-02  2.469594E-02  3.340967E-01
  4.128251E-02  2.501239E-02  3.300536E-01
  4.179029E-02  2.533320E-02  3.258635E-01
  4.230431E-02  2.565843E-02  3.215249E-01
  4.282465E-02  2.598817E-02  3.170363E-01
  4.335139E-02  2.632249E-02  3.123962E-01
  4.388462E-02  2.666146E-02  3.076033E-01
  4.442440E-02  2.700515E-02  3.026561E-01
  4.497082E-02  2.735366E-02  2.975534E-01
  4.552396E-02  2.770705E-02  2.922940E-01
  4.608390E-02  2.806542E-02  2.868765E-01
  4.665073E-02  2.842884E-02  2.813000E-01
  4.722454E-02  2.879740E-02  2.755634E-01
  4.780540E-02  2.917119E-02  2.696657E-01
  4.839341E-02  2.955031E-02  2.636059E-01
  4.898865E-02  2.993483E-02  2.573833E-01
  4.959121E-02  3.032487E-02  2.509970E-01
  5.020118E-02  3.072050E-02  2.444465E-01
  5.081865E-02  3.112184E-02  2.377312E-01
  5.144372E-02  3.152899E-02  2.308504E-01
  5.207648E-02  3.194204E-02  2.238039E-01
  5.271702E-02  3.236111E-02  2.165914E-01
  5.336544E-02  3.278630E-02  2.092125E-01
  5.402183E-02  3.321773E-02  2.016673E-01
  5.468630E-02  3.365550E-02  1.939557E-01
  5.535894E-02  3.409975E-02  1.860779E-01
  5.603986E-02  3.455057E-02  1.780341E-01
  5.672915E-02  3.500811E-02  1.698246E-01
  5.742692E-02  3.547249E-02  1.614499E-01
  5.813327E-02  3.594383E-02  1.529106E-01
  5.884831E-02  3.642227E-02  1.442075E-01
  5.957214E-02  3.690794E-02  1.353414E-01
  6.030488E-02  3.740099E-02  1.263133E-01
  6.104663E-02  3.790156E-02  1.171244E-01
  6.179750E-02  3.840979E-02  1.077759E-01
  6.255761E-02  3.892584E-02  9.826936E-02
  6.332707E-02  3.944986E-02  8.860631E-02
  6.410600E-02  3.998201E-02  7.878851E-02
  6.489450E-02  4.052246E-02  6.881788E-02
  6.569270E-02  4.107137E-02  5.869649E-02
  6.650072E-02  4.162891E-02  4.842659E-02
  6.731868E-02  4.219527E-02  3.801061E-02
  6.814670E-02  4.277063E-02  2.745113E-02
  6.898490E-02  4.335517E-02  1.675093E-02
  6.983342E-02  4.394909E-02  5.912962E-03
  7.069237E-02  4.455258E-02 -5.059623E-03
  7.156189E-02  4.516585E-02 -1.616350E-02
  7.244210E-02  4.578911E-02 -2.739513E-02
  7.333314E-02  4.642257E-02 -3.875081E-02
  7.423513E-02  4.706646E-02 -5.022662E-02
  7.514822E-02  4.772101E-02 -6.181843E-02
  7.607255E-02  4.838645E-02 -7.352191E-02
  7.700824E-02  4.906302E-02 -8.533254E-02
  7.795544E-02  4.975097E-02 -9.724557E-02
  7.891429E-02  5.045056E-02 -1.092560E-01
  7.988494E-02  5.116206E-02 -1.213588E-01
  8.086752E-02  5.188573E-02 -1.335484E-01
  8.186219E-02  5.262186E-02 -1.458193E-01
  8.286910E-02  5.337074E-02 -1.581657E-01
  8.388839E-02  5.413265E-02 -1.705815E-01
  8.492022E-02  5.490792E-02 -1.830604E-01
  8.596474E-02  5.569686E-02 -1.955960E-01
  8.702210E-02  5.649979E-02 -2.081815E-01
  8.809247E-02  5.731705E-02 -2.208099E-01
  8.917601E-02  5.814899E-02 -2.334741E-01
  9.027288E-02  5.899597E-02 -2.461667E-01
  9.138323E-02  5.985835E-02 -2.588800E-01
  9.250725E-02  6.073652E-02 -2.716062E-01
  9.364509E-02  6.163087E-02 -2.843371E-01
  9.479692E-02  6.254180E-02 -2.970645E-01
  9.596292E-02  6.346974E-02 -3.097799E-01
  9.714327E-02  6.441512E-02 -3.224743E-01
  9.833813E-02  6.537838E-02 -3.351389E-01
  9.954769E-02  6.635998E-02 -3.477644E-01
  1.007721E-01  6.736040E-02 -3.603413E-01
  1.020116E-01  6.838014E-02 -3.728601E-01
  1.032664E-01  6.941970E-02 -3.853108E-01
  1.045365E-01  7.047960E-02 -3.976834E-01
  1.058223E-01  7.156039E-02 -4.099675E-01
  1.071240E-01  7.266262E-02 -4.221527E-01
  1.084416E-01  7.378689E-02 -4.342283E-01
  1.097754E-01  7.493377E-02 -4.461834E-01
  1.111256E-01  7.610390E-02 -4.580070E-01
  1.124925E-01  7.729791E-02 -4.696878E-01
  1.138762E-01  7.851647E-02 -4.812144E-01
  1.152768E-01  7.976025E-02 -4.925751E-01
  1.166947E-01  8.102997E-02 -5.037584E-01
  1.181301E-01  8.232635E-02 -5.147522E-01
  1.195831E-01  8.365015E-02 -5.255446E-01
  1.210539E-01  8.500216E-02 -5.361234E-01
  1.225429E-01  8.638317E-02 -5.464764E-01
  1.240502E-01  8.779404E-02 -5.565910E-01
  1.255760E-01  8.923562E-02 -5.664549E-01
  1.271206E-01  9.070882E-02 -5.760555E-01
  1.286842E-01  9.221455E-02 -5.853800E-01
  1.302670E-01  9.375379E-02 -5.944158E-01
  1.318693E-01  9.532751E-02 -6.031502E-01
  1.334913E-01  9.693676E-02 -6.115702E-01
  1.351332E-01  9.858260E-02 -6.196631E-01
  1.367953E-01  1.002661E-01 -6.274159E-01
  1.384779E-01  1.019885E-01 -6.348159E-01
  1.401812E-01  1.037508E-01 -6.418503E-01
  1.419054E-01  1.055544E-01 -6.485062E-01
  1.436509E-01  1.074005E-01 -6.547708E-01
  1.454178E-01  1.092904E-01 -6.606316E-01
  1.472064E-01  1.112255E-01 -6.660759E-01
  1.490171E-01  1.132071E-01 -6.710912E-01
  1.508500E-01  1.152368E-01 -6.756651E-01
  1.527054E-01  1.173160E-01 -6.797855E-01
  1.545837E-01  1.194463E-01 -6.834401E-01
  1.564851E-01  1.216293E-01 -6.866172E-01
  1.584098E-01  1.238667E-01 -6.893050E-01
  1.603583E-01  1.261602E-01 -6.914919E-01
  1.623307E-01  1.285116E-01 -6.931668E-01
  1.643274E-01  1.309228E-01 -6.943186E-01
  1.663486E-01  1.333957E-01 -6.949366E-01
  1.683947E-01  1.359323E-01 -6.950102E-01
  1.704659E-01  1.385347E-01 -6.945294E-01
  1.725627E-01  1.412049E-01 -6.934843E-01
  1.746852E-01  1.439453E-01 -6.918656E-01
  1.768338E-01  1.467580E-01 -6.896641E-01
  1.790089E-01  1.496455E-01 -6.868711E-01
  1.812107E-01  1.526103E-01 -6.834784E-01
  1.834396E-01  1.556548E-01 -6.794782E-01
  1.856959E-01  1.587817E-01 -6.748631E-01
  1.879799E-01  1.619937E-01 -6.696263E-01
  1.902921E-01  1.652936E-01 -6.637613E-01
  1.926327E-01  1.686843E-01 -6.572624E-01
  1.950021E-01  1.721689E-01 -6.501242E-01
  1.974006E-01  1.757505E-01 -6.423420E-01
  1.998286E-01  1.794323E-01 -6.339116E-01
  2.022865E-01  1.832175E-01 -6.248295E-01
  2.047746E-01  1.871097E-01 -6.150928E-01
  2.072934E-01  1.911124E-01 -6.046992E-01
  2.098431E-01  1.952293E-01 -5.936470E-01
  2.124241E-01  1.994642E-01 -5.819354E-01
  2.150370E-01  2.038209E-01 -5.695641E-01
  2.176819E-01  2.083036E-01 -5.565335E-01
  2.203594E-01  2.129163E-01 -5.428449E-01
  2.230698E-01  2.176634E-01 -5.285002E-01
  2.258136E-01  2.225494E-01 -5.135021E-01
  2.285911E-01  2.275788E-01 -4.978541E-01
  2.314028E-01  2.327562E-01 -4.815605E-01
  2.342490E-01  2.380866E-01 -4.646263E-01
  2.371303E-01  2.435749E-01 -4.470574E-01
  2.400470E-01  2.492263E-01 -4.288604E-01
  2.429995E-01  2.550460E-01 -4.100429E-01
  2.459884E-01  2.610395E-01 -3.906133E-01
  2.490141E-01  2.672122E-01 -3.705807E-01
  2.520770E-01  2.735700E-01 -3.499550E-01
  2.551775E-01  2.801185E-01 -3.287473E-01
  2.583162E-01  2.868639E-01 -3.069693E-01
  2.614935E-01  2.938123E-01 -2.846334E-01
  2.647099E-01  3.009699E-01 -2.617531E-01
  2.679658E-01  3.083430E-01 -2.383426E-01
  2.712618E-01  3.159383E-01 -2.144172E-01
  2.745983E-01  3.237623E-01 -1.899926E-01
  2.779759E-01  3.318217E-01 -1.650857E-01
  2.813950E-01  3.401236E-01 -1.397140E-01
  2.848561E-01  3.486747E-01 -1.138959E-01
  2.883598E-01  3.574822E-01 -8.765064E-02
  2.919067E-01  3.665532E-01 -6.099814E-02
  2.954971E-01  3.758948E-01 -3.395912E-02
  2.991317E-01  3.855143E-01 -6.555061E-03
  3.028111E-01  3.954189E-01  2.119186E-02
  3.065356E-01  4.056158E-01  4.925873E-02
  3.103060E-01  4.161123E-01  7.762199E-02
  3.141228E-01  4.269156E-01  1.062574E-01
  3.179865E-01  4.380329E-01  1.351401E-01
  3.218977E-01  4.494711E-01  1.642447E-01
  3.258571E-01  4.612371E-01  1.935451E-01
  3.298651E-01  4.733378E-01  2.230148E-01
  3.339225E-01  4.857796E-01  2.526268E-01
  3.380297E-01  4.985688E-01  2.823535E-01
  3.421875E-01  5.117114E-01  3.121671E-01
  3.463964E-01  5.252131E-01  3.420393E-01
  3.506570E-01  5.390790E-01  3.719415E-01
  3.549701E-01  5.533141E-01  4.018446E-01
  3.593363E-01  5.679225E-01  4.317196E-01
  3.637561E-01  5.829081E-01  4.615369E-01
  3.682303E-01  5.982737E-01  4.912671E-01
  3.727595E-01  6.140218E-01  5.208802E-01
  3.773445E-01  6.301538E-01  5.503465E-01
  3.819858E-01  6.466705E-01  5.796359E-01
  3.866842E-01  6.635713E-01  6.087184E-01
  3.914404E-01  6.808550E-01  6.375639E-01
  3.962552E-01  6.985189E-01  6.661424E-01
  4.011291E-01  7.165592E-01  6.944237E-01
  4.060630E-01  7.349708E-01  7.223781E-01
  4.110576E-01  7.537469E-01  7.499755E-01
  4.161136E-01  7.728793E-01  7.771863E-01
  4.212318E-01  7.923581E-01  8.039810E-01
  4.264129E-01  8.121716E-01  8.303305E-01
  4.316578E-01  8.323062E-01  8.562059E-01
  4.369672E-01  8.527463E-01  8.815788E-01
  4.423419E-01  8.734742E-01  9.064213E-01
  4.477827E-01  8.944697E-01  9.307060E-01
  4.532904E-01  9.157108E-01  9.544062E-01
  4.588659E-01  9.371725E-01  9.774957E-01
  4.645099E-01  9.588276E-01  9.999494E-01
  4.702234E-01  9.806463E-01  1.021743E+00
  4.760072E-01  1.002596E+00  1.042852E+00
  4.818621E-01  1.024641E+00  1.063255E+00
  4.877890E-01  1.046744E+00  1.082929E+00
  4.937888E-01  1.068863E+00  1.101854E+00
  4.998624E-01  1.090955E+00  1.120010E+00
  5.060107E-01  1.112974E+00  1.137378E+00
  5.122346E-01  1.134868E+00  1.153941E+00
  5.185351E-01  1.156587E+00  1.169683E+00
  5.249131E-01  1.178075E+00  1.184587E+00
  5.313695E-01  1.199275E+00  1.198641E+00
  5.379053E-01  1.220126E+00  1.211832E+00
  5.445216E-01  1.240567E+00  1.224147E+00
  5.512192E-01  1.260533E+00  1.235577E+00
  5.579992E-01  1.279958E+00  1.246113E+00
  5.648626E-01  1.298774E+00  1.255747E+00
  5.718104E-01  1.316912E+00  1.264474E+00
  5.788437E-01  1.334303E+00  1.272287E+00
  5.859634E-01  1.350876E+00  1.279184E+00
  5.931708E-01  1.366560E+00  1.285163E+00
  6.004668E-01  1.381285E+00  1.290222E+00
  6.078525E-01  1.394981E+00  1.294363E+00
  6.153291E-01  1.407577E+00  1.297588E+00
  6.228977E-01  1.419006E+00  1.299899E+00
  6.305593E-01  1.429200E+00  1.301302E+00
  6.383152E-01  1.438095E+00  1.301803E+00
  6.461665E-01  1.445627E+00  1.301410E+00
  6.541143E-01  1.451736E+00  1.300130E+00
  6.621599E-01  1.456364E+00  1.297973E+00
  6.703045E-01  1.459459E+00  1.294952E+00
  6.785492E-01  1.460971E+00  1.291079E+00
  6.868954E-01  1.460858E+00  1.286367E+00
  6.953442E-01  1.459082E+00  1.280831E+00
  7.038969E-01  1.455612E+00  1.274486E+00
  7.125549E-01  1.450426E+00  1.267351E+00
  7.213193E-01  1.443507E+00  1.259442E+00
  7.301915E-01  1.434848E+00  1.250780E+00
  7.391729E-01  1.424451E+00  1.241382E+00
  7.482647E-01  1.412327E+00  1.231272E+00
  7.574683E-01  1.398494E+00  1.220469E+00
  7.667852E-01  1.382983E+00  1.208997E+00
  7.762167E-01  1.365831E+00  1.196878E+00
  7.857641E-01  1.347084E+00  1.184136E+00
  7.954290E-01  1.326801E+00  1.170797E+00
  8.052128E-01  1.305045E+00  1.156883E+00
  8.151169E-01  1.281889E+00  1.142422E+00
  8.251429E-01  1.257414E+00  1.127439E+00
  8.352921E-01  1.231707E+00  1.111959E+00
  8.455662E-01  1.204864E+00  1.096011E+00
  8.559667E-01  1.176984E+00  1.079620E+00
  8.664951E-01  1.148171E+00  1.062814E+00
  8.771530E-01  1.118535E+00  1.045620E+00
  8.879419E-01  1.088188E+00  1.028066E+00
  8.988636E-01  1.057243E+00  1.010179E+00
  9.099196E-01  1.025816E+00  9.919853E-01
  9.211117E-01  9.940219E-01  9.735138E-01
  9.324413E-01  9.619759E-01  9.547914E-01
  9.439104E-01  9.297905E-01  9.358451E-01
  9.555205E-01  8.975759E-01  9.167018E-01
  9.672734E-01  8.654387E-01  8.973883E-01
  9.791708E-01  8.334812E-01  8.779309E-01
  9.912146E-01  8.018004E-01  8.583557E-01
  1.003407E+00  7.704878E-01  8.386883E-01
  1.015748E+00  7.396285E-01  8.189540E-01
  1.028242E+00  7.093007E-01  7.991774E-01
  1.040890E+00  6.795755E-01  7.793828E-01
  1.053692E+00  6.505164E-01  7.595940E-01
  1.066653E+00  6.221795E-01  7.398340E-01
  1.079773E+00  5.946131E-01  7.201254E-01
  1.093054E+00  5.678575E-01  7.004900E-01
  1.106499E+00  5.419457E-01  6.809490E-01
  1.120108E+00  5.169032E-01  6.615228E-01
  1.133886E+00  4.927483E-01  6.422314E-01
  1.147833E+00  4.694922E-01  6.230937E-01
  1.161951E+00  4.471400E-01  6.041279E-01
  1.176243E+00  4.256903E-01  5.853516E-01
  1.190711E+00  4.051364E-01  5.667814E-01
  1.205356E+00  3.854664E-01  5.484333E-01
  1.220182E+00  3.666637E-01  5.303221E-01
  1.235191E+00  3.487076E-01  5.124623E-01
  1.250383E+00  3.315739E-01  4.948671E-01
  1.265763E+00  3.152353E-01  4.775491E-01
  1.281332E+00  2.996620E-01  4.605199E-01
  1.297092E+00  2.848221E-01  4.437905E-01
  1.313047E+00  2.706824E-01  4.273708E-01
  1.329197E+00  2.572082E-01  4.112700E-01
  1.345546E+00  2.443646E-01  3.954964E-01
  1.362096E+00  2.321164E-01  3.800574E-01
  1.378850E+00  2.204285E-01  3.649599E-01
  1.395810E+00  2.092668E-01  3.502096E-01
  1.412979E+00  1.985981E-01  3.358117E-01
  1.430358E+00  1.883908E-01  3.217704E-01
  1.447952E+00  1.786151E-01  3.080892E-01
  1.465761E+00  1.692432E-01  2.947710E-01
  1.483790E+00  1.602500E-01  2.818179E-01
  1.502041E+00  1.516127E-01  2.692311E-01
  1.520516E+00  1.433112E-01  2.570113E-01
  1.539218E+00  1.353283E-01  2.451586E-01
  1.558151E+00  1.276495E-01  2.336723E-01
  1.577316E+00  1.202628E-01  2.225512E-01
  1.596717E+00  1.131590E-01  2.117933E-01
  1.616357E+00  1.063310E-01  2.013963E-01
  1.636238E+00  9.977367E-02  1.913572E-01
  1.656363E+00  9.348369E-02  1.816726E-01
  1.676737E+00  8.745900E-02  1.723384E-01
  1.697361E+00  8.169845E-02  1.633503E-01
  1.718238E+00  7.620142E-02  1.547034E-01
  1.739372E+00  7.096743E-02  1.463924E-01
  1.760767E+00  6.599574E-02  1.384117E-01
  1.782424E+00  6.128503E-02  1.307553E-01
  1.804348E+00  5.683313E-02  1.234169E-01
  1.826541E+00  5.263679E-02  1.163899E-01
  1.849008E+00  4.869154E-02  1.096674E-01
  1.871751E+00  4.499156E-02  1.032424E-01
  1.894773E+00  4.152972E-02  9.710760E-02
  1.918079E+00  3.829759E-02  9.125546E-02
  1.941671E+00  3.528560E-02  8.567838E-02
  1.965554E+00  3.248318E-02  8.036859E-02
  1.989730E+00  2.987904E-02  7.531823E-02
  2.014204E+00  2.746140E-02  7.051936E-02
  2.038979E+00  2.521832E-02  6.596399E-02
  2.064058E+00  2.313799E-02  6.164408E-02
  2.089446E+00  2.120909E-02  5.755160E-02
  2.115146E+00  1.942099E-02  5.367850E-02
  2.141162E+00  1.776399E-02  5.001679E-02
  2.167499E+00  1.622938E-02  4.655850E-02
  2.194159E+00  1.480944E-02  4.329573E-02
  2.221147E+00  1.349714E-02  4.022067E-02
  2.248467E+00  1.228583E-02  3.732560E-02
  2.276123E+00  1.116917E-02  3.460289E-02
  2.304120E+00  1.014108E-02  3.204505E-02
  2.332460E+00  9.195780E-03  2.964473E-02
  2.361150E+00  8.327737E-03  2.739470E-02
  2.390192E+00  7.531700E-03  2.528791E-02
  2.419591E+00  6.802677E-03  2.331744E-02
  2.449352E+00  6.135934E-03  2.147659E-02
  2.479479E+00  5.526990E-03  1.975878E-02
  2.509977E+00  4.971607E-03  1.815767E-02
  2.540849E+00  4.465785E-03  1.666707E-02
  2.572102E+00  4.005759E-03  1.528100E-02
  2.603739E+00  3.587982E-03  1.399367E-02
  2.635765E+00  3.209126E-03  1.279949E-02
  2.668185E+00  2.866072E-03  1.169308E-02
  2.701003E+00  2.555897E-03  1.066927E-02
  2.734226E+00  2.275873E-03  9.723061E-03
  2.767857E+00  2.023454E-03  8.849687E-03
  2.801901E+00  1.796270E-03  8.044571E-03
  2.836365E+00  1.592115E-03  7.303341E-03
  2.871252E+00  1.408946E-03  6.621819E-03
  2.906568E+00  1.244866E-03  5.996026E-03
  2.942319E+00  1.098124E-03  5.422175E-03
  2.978510E+00  9.671013E-04  4.896666E-03
  3.015145E+00  8.503082E-04  4.416088E-03
  3.052232E+00  7.463730E-04  3.977208E-03
  3.089774E+00  6.540365E-04  3.576969E-03
  3.127778E+00  5.721448E-04  3.212487E-03
  3.166250E+00  4.996420E-04  2.881045E-03
  3.205195E+00  4.355642E-04  2.580083E-03
  3.244619E+00  3.790327E-04  2.307200E-03
  3.284528E+00  3.292482E-04  2.060143E-03
  3.324927E+00  2.854849E-04  1.836805E-03
  3.365824E+00  2.470853E-04  1.635214E-03
  3.407224E+00  2.134544E-04  1.453532E-03
  3.449132E+00  1.840554E-04  1.290047E-03
  3.491557E+00  1.584045E-04  1.143167E-03
  3.534503E+00  1.360669E-04  1.011415E-03
  3.577977E+00  1.166525E-04  8.934226E-04
  3.621986E+00  9.981176E-05  7.879244E-04
  3.666537E+00  8.523265E-05  6.937519E-04
  3.711635E+00  7.263680E-05  6.098286E-04
  3.757288E+00  6.177655E-05  5.351643E-04
  3.803503E+00  5.243202E-05  4.688502E-04
  3.850286E+00  4.440838E-05  4.100533E-04
  3.897645E+00  3.753342E-05  3.580117E-04
  3.945586E+00  3.165524E-05  3.120299E-04
  3.994116E+00  2.664012E-05  2.714742E-04
  4.043244E+00  2.237067E-05  2.357682E-04
  4.092976E+00  1.874402E-05  2.043890E-04
  4.143319E+00  1.567026E-05  1.768626E-04
  4.194282E+00  1.307096E-05  1.527606E-04
  4.245872E+00  1.087791E-05  1.316965E-04
  4.298096E+00  9.031868E-06  1.133222E-04
  4.350963E+00  7.481559E-06  9.732484E-05
  4.404480E+00  6.182678E-06  8.342389E-05
  4.458655E+00  5.097048E-06  7.136825E-05
  4.513496E+00  4.191850E-06  6.093366E-05
  4.569012E+00  3.438941E-06  5.192022E-05
  4.625211E+00  2.814250E-06  4.415014E-05
  4.682101E+00  2.297240E-06  3.746565E-05
  4.739691E+00  1.870433E-06  3.172700E-05
  4.797989E+00  1.518996E-06  2.681069E-05
  4.857004E+00  1.230370E-06  2.260783E-05
  4.916745E+00  9.939524E-07  1.902262E-05
  4.977221E+00  8.008141E-07  1.597093E-05
  5.038441E+00  6.434573E-07  1.337910E-05
  5.100414E+00  5.156024E-07  1.118275E-05
  5.163149E+00  4.120051E-07  9.325725E-06
  5.226656E+00  3.282975E-07  7.759198E-06
  5.290944E+00  2.608523E-07  6.440783E-06
  5.356022E+00  2.066657E-07  5.333786E-06
  5.421901E+00  1.632575E-07  4.406508E-06
  5.488591E+00  1.285859E-07  3.631640E-06
  5.556101E+00  1.009748E-07  2.985706E-06
  5.624441E+00  7.905249E-08  2.448579E-06
  5.693621E+00  6.169998E-08  2.003045E-06
  5.763653E+00  4.800703E-08  1.634418E-06
  5.834546E+00  3.723559E-08  1.330202E-06
  5.906311E+00  2.878911E-08  1.079793E-06
  5.978958E+00  2.218697E-08  8.742147E-07
  6.052499E+00  1.704316E-08  7.058881E-07
  6.126945E+00  1.304870E-08  5.684336E-07
  6.202307E+00  9.957071E-09  4.564942E-07
  6.278595E+00  7.572259E-09  3.655847E-07
  6.355822E+00  5.738928E-09  2.919599E-07
  6.433998E+00  4.334403E-09  2.325017E-07
  6.513136E+00  3.262140E-09  1.846213E-07
  6.593248E+00  2.446427E-09  1.461756E-07
  6.674345E+00  1.828096E-09  1.153959E-07
  6.756439E+00  1.361082E-09  9.082645E-08
  6.839544E+00  1.009645E-09  7.127309E-08
  6.923670E+00  7.461607E-10  5.575889E-08
  7.008831E+00  5.493587E-10  4.348726E-08
  7.095040E+00  4.029206E-10  3.381062E-08
  7.182309E+00  2.943762E-10  2.620421E-08
  7.270651E+00  2.142325E-10  2.024413E-08
  7.360080E+00  1.552910E-10  1.558910E-08
  7.450609E+00  1.121154E-10  1.196518E-08
  7.542252E+00  8.061591E-11  9.153288E-09
  7.635021E+00  5.772864E-11  6.978742E-09
  7.728932E+00  4.116759E-11  5.302758E-09
  7.823998E+00  2.923418E-11  4.015442E-09
  7.920233E+00  2.067168E-11  3.030078E-09
  8.017652E+00  1.455417E-11  2.278479E-09
  8.116269E+00  1.020242E-11  1.707216E-09
  8.216099E+00  7.120324E-12  1.274576E-09
  8.317157E+00  4.947138E-12  9.481075E-10
  8.419458E+00  3.421702E-12  7.026599E-10
  8.523018E+00  2.355810E-12  5.188109E-10
  8.627851E+00  1.614449E-12  3.816188E-10
  8.733973E+00  1.101208E-12  2.796323E-10
  8.841401E+00  7.475680E-13  2.041087E-10
  8.950150E+00  5.050603E-13  1.483995E-10
  9.060237E+00  3.395638E-13  1.074679E-10
  9.171678E+00  2.271743E-13  7.751403E-11
  9.284490E+00  1.512274E-13  5.568210E-11
  9.398689E+00  1.001634E-13  3.983485E-11
  9.514293E+00  6.600362E-14  2.837928E-11
  9.631319E+00  4.326925E-14  2.013299E-11
  9.749784E+00  2.821736E-14  1.422203E-11
  9.869706E+00  1.830421E-14  1.000320E-11
  9.991104E+00  1.181013E-14  7.005146E-12
  1.011399E+01  7.578773E-15  4.883974E-12
  1.023840E+01  4.836762E-15  3.389877E-12
  1.036433E+01  3.069676E-15  2.342207E-12
  1.049181E+01  1.937237E-15  1.610918E-12
  1.062086E+01  1.215613E-15  1.102818E-12
  1.075150E+01  7.584013E-16  7.514354E-13
  1.088374E+01  4.703959E-16  5.095799E-13
  1.101761E+01  2.900395E-16  3.439064E-13
  1.115313E+01  1.777658E-16  2.309670E-13
  1.129031E+01  1.082940E-16  1.543530E-13
  1.142918E+01  6.556815E-17  1.026384E-13
  1.156976E+01  3.945308E-17  6.790585E-14
  1.171207E+01  2.359038E-17  4.469719E-14
  1.185613E+01  1.401589E-17  2.926858E-14
  1.200196E+01  8.273784E-18  1.906530E-14
  1.214958E+01  4.852329E-18  1.235316E-14
  1.229902E+01  2.826985E-18  7.961162E-15
  1.245030E+01  1.636019E-18  5.102819E-15
  1.260344E+01  9.403904E-19  3.252744E-15
  1.275846E+01  5.368417E-19  2.061893E-15
  1.291539E+01  3.043435E-19  1.299657E-15
  1.307425E+01  1.713260E-19  8.145298E-16
  1.323506E+01  9.575726E-20  5.075398E-16
  1.339785E+01  5.313455E-20  3.144025E-16
  1.356264E+01  0.000000E+00  1.936061E-16
  1.372947E+01  0.000000E+00  1.185055E-16
  1.389834E+01  0.000000E+00  7.092991E-17
  1.406929E+01  0.000000E+00  3.604058E-16
  1.424234E+01  0.000000E+00  2.228370E-16
  1.441752E+01  0.000000E+00  1.369575E-16
  1.459486E+01  0.000000E+00  0.000000E+00
  1.477437E+01  0.000000E+00  0.000000E+00
  1.495610E+01  0.000000E+00  0.000000E+00
  1.514006E+01  0.000000E+00  0.000000E+00
  1.532628E+01  0.000000E+00  0.000000E+00
  1.551479E+01  0.000000E+00  0.000000E+00
  1.570563E+01  0.000000E+00  0.000000E+00
  1.589880E+01  0.000000E+00  0.000000E+00
  1.609436E+01  0.000000E+00  0.000000E+00
  1.629232E+01  0.000000E+00  0.000000E+00
  1.649272E+01  0.000000E+00  0.000000E+00
  1.669558E+01  0.000000E+00  0.000000E+00
  1.690093E+01  0.000000E+00  0.000000E+00
  1.710881E+01  0.000000E+00  0.000000E+00
  1.731925E+01  0.000000E+00  0.000000E+00
  1.753228E+01  0.000000E+00  0.000000E+00
  1.774793E+01  0.000000E+00  0.000000E+00
  1.796622E+01  0.000000E+00  0.000000E+00
  1.818721E+01  0.000000E+00  0.000000E+00
  1.841091E+01  0.000000E+00  0.000000E+00
  1.863737E+01  0.000000E+00  0.000000E+00
  1.886661E+01  0.000000E+00  0.000000E+00
  1.909867E+01  0.000000E+00  0.000000E+00
  1.933358E+01  0.000000E+00  0.000000E+00
  1.957138E+01  0.000000E+00  0.000000E+00
  1.981211E+01  0.000000E+00  0.000000E+00
  2.005580E+01  0.000000E+00  0.000000E+00
  2.030249E+01  0.000000E+00  0.000000E+00
  2.055221E+01  0.000000E+00  0.000000E+00
  2.080500E+01  0.000000E+00  0.000000E+00
  2.106090E+01  0.000000E+00  0.000000E+00
  2.131995E+01  0.000000E+00  0.000000E+00
  2.158218E+01  0.000000E+00  0.000000E+00
  2.184764E+01  0.000000E+00  0.000000E+00
  2.211637E+01  0.000000E+00  0.000000E+00
  2.238840E+01  0.000000E+00  0.000000E+00
  2.266378E+01  0.000000E+00  0.000000E+00
  2.294254E+01  0.000000E+00  0.000000E+00
  2.322474E+01  0.000000E+00  0.000000E+00
  2.351040E+01  0.000000E+00  0.000000E+00
  2.379958E+01  0.000000E+00  0.000000E+00
  2.409231E+01  0.000000E+00  0.000000E+00
  2.438865E+01  0.000000E+00  0.000000E+00
  2.468863E+01  0.000000E+00  0.000000E+00
  2.499230E+01  0.000000E+00  0.000000E+00
  2.529971E+01  0.000000E+00  0.000000E+00
  2.561089E+01  0.000000E+00  0.000000E+00
  2.592591E+01  0.000000E+00  0.000000E+00
  2.624479E+01  0.000000E+00  0.000000E+00
  2.656761E+01  0.000000E+00  0.000000E+00
  2.689439E+01  0.000000E+00  0.000000E+00
  2.722519E+01  0.000000E+00  0.000000E+00
  2.756006E+01  0.000000E+00  0.000000E+00
  2.789905E+01  0.000000E+00  0.000000E+00
  2.824220E+01  0.000000E+00  0.000000E+00
  2.858958E+01  0.000000E+00  0.000000E+00
  2.894124E+01  0.000000E+00  0.000000E+00
  2.929721E+01  0.000000E+00  0.000000E+00
  2.965757E+01  0.000000E+00  0.000000E+00
  3.002236E+01  0.000000E+00  0.000000E+00
  3.039163E+01  0.000000E+00  0.000000E+00
  3.076545E+01  0.000000E+00  0.000000E+00
  3.114386E+01  0.000000E+00  0.000000E+00
  3.152693E+01  0.000000E+00  0.000000E+00
  3.191471E+01  0.000000E+00  0.000000E+00
  3.230727E+01  0.000000E+00  0.000000E+00
  3.270465E+01  0.000000E+00  0.000000E+00
  3.310691E+01  0.000000E+00  0.000000E+00
  3.351413E+01  0.000000E+00  0.000000E+00
  3.392635E+01  0.000000E+00  0.000000E+00
  3.434365E+01  0.000000E+00  0.000000E+00
  3.476607E+01  0.000000E+00  0.000000E+00
  3.519369E+01  0.000000E+00  0.000000E+00
  3.562658E+01  0.000000E+00  0.000000E+00
  3.606478E+01  0.000000E+00  0.000000E+00
  3.650838E+01  0.000000E+00  0.000000E+00
  3.695743E+01  0.000000E+00  0.000000E+00
  3.741201E+01  0.000000E+00  0.000000E+00
  3.787218E+01  0.000000E+00  0.000000E+00
  3.833801E+01  0.000000E+00  0.000000E+00
  3.880956E+01  0.000000E+00  0.000000E+00
  3.928692E+01  0.000000E+00  0.000000E+00
  3.977015E+01  0.000000E+00  0.000000E+00
  4.025932E+01  0.000000E+00  0.000000E+00
  4.075451E+01  0.000000E+00  0.000000E+00
  4.125579E+01  0.000000E+00  0.000000E+00
  4.176324E+01  0.000000E+00  0.000000E+00
  4.227693E+01  0.000000E+00  0.000000E+00
  4.279693E+01  0.000000E+00  0.000000E+00
  4.332334E+01  0.000000E+00  0.000000E+00
  4.385621E+01  0.000000E+00  0.000000E+00
  4.439564E+01  0.000000E+00  0.000000E+00
  4.494171E+01  0.000000E+00  0.000000E+00
  4.549449E+01  0.000000E+00  0.000000E+00
  4.605408E+01  0.000000E+00  0.000000E+00
  4.662054E+01  0.000000E+00  0.000000E+00
  4.719397E+01  0.000000E+00  0.000000E+00
  4.777446E+01  0.000000E+00  0.000000E+00
  4.836209E+01  0.000000E+00  0.000000E+00
  4.895694E+01  0.000000E+00  0.000000E+00
  4.955911E+01  0.000000E+00  0.000000E+00
  5.016869E+01  0.000000E+00  0.000000E+00
  5.078576E+01  0.000000E+00  0.000000E+00
  5.141043E+01  0.000000E+00  0.000000E+00
  5.204277E+01  0.000000E+00  0.000000E+00
  5.268290E+01  0.000000E+00  0.000000E+00
  5.333090E+01  0.000000E+00  0.000000E+00
  5.398687E+01  0.000000E+00  0.000000E+00
  5.465091E+01  0.000000E+00  0.000000E+00
  5.532311E+01  0.000000E+00  0.000000E+00
  5.600359E+01  0.000000E+00  0.000000E+00
  5.669243E+01  0.000000E+00  0.000000E+00
  5.738975E+01  0.000000E+00  0.000000E+00
  5.809564E+01  0.000000E+00  0.000000E+00
  5.881022E+01  0.000000E+00  0.000000E+00
  5.953359E+01  0.000000E+00  0.000000E+00
  6.026585E+01  0.000000E+00  0.000000E+00
  6.100712E+01  0.000000E+00  0.000000E+00
  6.175751E+01  0.000000E+00  0.000000E+00
  6.251712E+01  0.000000E+00  0.000000E+00
  6.328608E+01  0.000000E+00  0.000000E+00
  6.406450E+01  0.000000E+00  0.000000E+00
  6.485250E+01  0.000000E+00  0.000000E+00
  6.565018E+01  0.000000E+00  0.000000E+00
  6.645768E+01  0.000000E+00  0.000000E+00
  6.727511E+01  0.000000E+00  0.000000E+00
  6.810259E+01  0.000000E+00  0.000000E+00
  6.894026E+01  0.000000E+00  0.000000E+00
  6.978822E+01  0.000000E+00  0.000000E+00
  7.064662E+01  0.000000E+00  0.000000E+00
  7.151557E+01  0.000000E+00  0.000000E+00
  7.239521E+01  0.000000E+00  0.000000E+00
  7.328567E+01  0.000000E+00  0.000000E+00
  7.418709E+01  0.000000E+00  0.000000E+00
  7.509959E+01  0.000000E+00  0.000000E+00
  7.602331E+01  0.000000E+00  0.000000E+00
  7.695840E+01  0.000000E+00  0.000000E+00
  7.790499E+01  0.000000E+00  0.000000E+00
  7.886322E+01  0.000000E+00  0.000000E+00
  7.983324E+01  0.000000E+00  0.000000E+00
