  2.232143E-04  1.368489E-08  4.621832E-06
  2.259598E-04  1.402361E-08  4.715798E-06
  2.287391E-04  1.437071E-08  4.811669E-06
  2.315526E-04  1.472641E-08  4.909484E-06
  2.344007E-04  1.509091E-08  5.009393E-06
  2.372838E-04  1.546442E-08  5.111670E-06
  2.402024E-04  1.584719E-08  5.216306E-06
  2.431569E-04  1.623943E-08  5.323362E-06
  2.461478E-04  1.664137E-08  5.432890E-06
  2.491754E-04  1.705327E-08  5.544942E-06
  2.522402E-04  1.747536E-08  5.659573E-06
  2.553428E-04  1.790790E-08  5.776838E-06
  2.584835E-04  1.835114E-08  5.896793E-06
  2.616628E-04  1.880536E-08  6.019496E-06
  2.648813E-04  1.927081E-08  6.145008E-06
  2.681393E-04  1.974779E-08  6.273387E-06
  2.714375E-04  2.023657E-08  6.404697E-06
  2.747761E-04  2.073746E-08  6.539000E-06
  2.781559E-04  2.125073E-08  6.676363E-06
  2.815772E-04  2.177672E-08  6.816851E-06
  2.850406E-04  2.231572E-08  6.960532E-06
  2.885466E-04  2.286806E-08  7.107477E-06
  2.920957E-04  2.343408E-08  7.257756E-06
  2.956885E-04  2.401410E-08  7.411442E-06
  2.993255E-04  2.460848E-08  7.568610E-06
  3.030072E-04  2.521757E-08  7.729337E-06
  3.067342E-04  2.584174E-08  7.893701E-06
  3.105070E-04  2.648136E-08  8.061781E-06
  3.143262E-04  2.713681E-08  8.233660E-06
  3.181924E-04  2.780848E-08  8.409421E-06
  3.221062E-04  2.849677E-08  8.589150E-06
  3.260681E-04  2.920211E-08  8.772935E-06
  3.300787E-04  2.992490E-08  8.960865E-06
  3.341387E-04  3.066558E-08  9.153033E-06
  3.382486E-04  3.142459E-08  9.349532E-06
  3.424091E-04  3.220239E-08  9.550458E-06
  3.466207E-04  3.299944E-08  9.755910E-06
  3.508841E-04  3.381622E-08  9.965988E-06
  3.552000E-04  3.465321E-08  1.018080E-05
  3.595690E-04  3.551093E-08  1.040044E-05
  3.639917E-04  3.638987E-08  1.062502E-05
  3.684688E-04  3.729057E-08  1.085466E-05
  3.730009E-04  3.821356E-08  1.108947E-05
  3.775889E-04  3.915939E-08  1.132955E-05
  3.822332E-04  4.012864E-08  1.157504E-05
  3.869347E-04  4.112187E-08  1.182604E-05
  3.916940E-04  4.213969E-08  1.208269E-05
  3.965118E-04  4.318271E-08  1.234512E-05
  4.013889E-04  4.425154E-08  1.261344E-05
  4.063260E-04  4.534682E-08  1.288779E-05
  4.113238E-04  4.646921E-08  1.316831E-05
  4.163831E-04  4.761939E-08  1.345514E-05
  4.215046E-04  4.879803E-08  1.374842E-05
  4.266891E-04  5.000584E-08  1.404830E-05
  4.319374E-04  5.124356E-08  1.435492E-05
  4.372502E-04  5.251190E-08  1.466843E-05
  4.426284E-04  5.381164E-08  1.498899E-05
  4.480727E-04  5.514355E-08  1.531677E-05
  4.535840E-04  5.650842E-08  1.565192E-05
  4.591631E-04  5.790708E-08  1.599460E-05
  4.648108E-04  5.934036E-08  1.634500E-05
  4.705280E-04  6.080911E-08  1.670329E-05
  4.763155E-04  6.231422E-08  1.706963E-05
  4.821741E-04  6.385658E-08  1.744423E-05
  4.881049E-04  6.543711E-08  1.782726E-05
  4.941086E-04  6.705677E-08  1.821891E-05
  5.001861E-04  6.871651E-08  1.861938E-05
  5.063384E-04  7.041733E-08  1.902888E-05
  5.125664E-04  7.216026E-08  1.944760E-05
  5.188709E-04  7.394632E-08  1.987576E-05
  5.252530E-04  7.577659E-08  2.031357E-05
  5.317136E-04  7.765216E-08  2.076124E-05
  5.382537E-04  7.957416E-08  2.121902E-05
  5.448742E-04  8.154372E-08  2.168712E-05
  5.515762E-04  8.356204E-08  2.216578E-05
  5.583606E-04  8.563031E-08  2.265524E-05
  5.652284E-04  8.774977E-08  2.315575E-05
  5.721807E-04  8.992170E-08  2.366756E-05
  5.792185E-04  9.214738E-08  2.419092E-05
  5.863429E-04  9.442815E-08  2.472611E-05
  5.935550E-04  9.676538E-08  2.527339E-05
  6.008557E-04  9.916045E-08  2.583304E-05
  6.082462E-04  1.016148E-07  2.640535E-05
  6.157276E-04  1.041299E-07  2.699059E-05
  6.233011E-04  1.067073E-07  2.758907E-05
  6.309677E-04  1.093484E-07  2.820109E-05
  6.387286E-04  1.120549E-07  2.882697E-05
  6.465850E-04  1.148284E-07  2.946701E-05
  6.545379E-04  1.176706E-07  3.012154E-05
  6.625888E-04  1.205831E-07  3.079091E-05
  6.707386E-04  1.235677E-07  3.147543E-05
  6.789887E-04  1.266262E-07  3.217548E-05
  6.873402E-04  1.297603E-07  3.289139E-05
  6.957945E-04  1.329721E-07  3.362354E-05
  7.043528E-04  1.362633E-07  3.437230E-05
  7.130163E-04  1.396360E-07  3.513804E-05
  7.217864E-04  1.430922E-07  3.592117E-05
  7.306644E-04  1.466339E-07  3.672208E-05
  7.396516E-04  1.502633E-07  3.754119E-05
  7.487493E-04  1.539826E-07  3.837890E-05
  7.579589E-04  1.577938E-07  3.923564E-05
  7.672818E-04  1.616994E-07  4.011187E-05
  7.767194E-04  1.657017E-07  4.100802E-05
  7.862730E-04  1.698031E-07  4.192455E-05
  7.959442E-04  1.740059E-07  4.286194E-05
  8.057343E-04  1.783128E-07  4.382066E-05
  8.156448E-04  1.827263E-07  4.480121E-05
  8.256773E-04  1.872490E-07  4.580410E-05
  8.358331E-04  1.918837E-07  4.682983E-05
  8.461138E-04  1.966331E-07  4.787893E-05
  8.565210E-04  2.015001E-07  4.895195E-05
  8.670563E-04  2.064875E-07  5.004944E-05
  8.777210E-04  2.115983E-07  5.117196E-05
  8.885170E-04  2.168357E-07  5.232009E-05
  8.994458E-04  2.222027E-07  5.349442E-05
  9.105090E-04  2.277025E-07  5.469556E-05
  9.217082E-04  2.333385E-07  5.592414E-05
  9.330452E-04  2.391139E-07  5.718077E-05
  9.445217E-04  2.450323E-07  5.846613E-05
  9.561393E-04  2.510972E-07  5.978086E-05
  9.678998E-04  2.573122E-07  6.112565E-05
  9.798050E-04  2.636811E-07  6.250119E-05
  9.918566E-04  2.702076E-07  6.390820E-05
  1.004056E-03  2.768956E-07  6.534742E-05
  1.016406E-03  2.837491E-07  6.681957E-05
  1.028908E-03  2.907724E-07  6.832543E-05
  1.041564E-03  2.979694E-07  6.986578E-05
  1.054375E-03  3.053446E-07  7.144141E-05
  1.067344E-03  3.129023E-07  7.305316E-05
  1.080472E-03  3.206471E-07  7.470184E-05
  1.093762E-03  3.285836E-07  7.638833E-05
  1.107215E-03  3.367165E-07  7.811350E-05
  1.120834E-03  3.450507E-07  7.987824E-05
  1.134620E-03  3.535912E-07  8.168348E-05
  1.148576E-03  3.623431E-07  8.353015E-05
  1.162703E-03  3.713117E-07  8.541922E-05
  1.177005E-03  3.805022E-07  8.735168E-05
  1.191482E-03  3.899202E-07  8.932852E-05
  1.206137E-03  3.995713E-07  9.135078E-05
  1.220973E-03  4.094613E-07  9.341952E-05
  1.235991E-03  4.195961E-07  9.553581E-05
  1.251193E-03  4.299817E-07  9.770076E-05
  1.266583E-03  4.406244E-07  9.991551E-05
  1.282162E-03  4.515305E-07  1.021812E-04
  1.297932E-03  4.627066E-07  1.044990E-04
  1.313897E-03  4.741593E-07  1.068702E-04
  1.330058E-03  4.858955E-07  1.092959E-04
  1.346418E-03  4.979222E-07  1.117776E-04
  1.362979E-03  5.102465E-07  1.143163E-04
  1.379743E-03  5.228759E-07  1.169136E-04
  1.396714E-03  5.358179E-07  1.195706E-04
  1.413894E-03  5.490803E-07  1.222890E-04
  1.431285E-03  5.626709E-07  1.250699E-04
  1.448889E-03  5.765979E-07  1.279150E-04
  1.466711E-03  5.908696E-07  1.308257E-04
  1.484751E-03  6.054946E-07  1.338035E-04
  1.503014E-03  6.204815E-07  1.368501E-04
  1.521501E-03  6.358395E-07  1.399669E-04
  1.540215E-03  6.515775E-07  1.431556E-04
  1.559160E-03  6.677052E-07  1.464179E-04
  1.578338E-03  6.842320E-07  1.497556E-04
  1.597751E-03  7.011678E-07  1.531703E-04
  1.617403E-03  7.185229E-07  1.566638E-04
  1.637297E-03  7.363076E-07  1.602380E-04
  1.657436E-03  7.545324E-07  1.638948E-04
  1.677823E-03  7.732084E-07  1.676361E-04
  1.698460E-03  7.923466E-07  1.714639E-04
  1.719351E-03  8.119586E-07  1.753801E-04
  1.740499E-03  8.320559E-07  1.793868E-04
  1.761907E-03  8.526508E-07  1.834861E-04
  1.783579E-03  8.737554E-07  1.876802E-04
  1.805517E-03  8.953824E-07  1.919713E-04
  1.827724E-03  9.175447E-07  1.963616E-04
  1.850205E-03  9.402555E-07  2.008534E-04
  1.872963E-03  9.635286E-07  2.054492E-04
  1.896000E-03  9.873776E-07  2.101512E-04
  1.919321E-03  1.011817E-06  2.149620E-04
  1.942929E-03  1.036861E-06  2.198842E-04
  1.966827E-03  1.062526E-06  2.249202E-04
  1.991019E-03  1.088825E-06  2.300727E-04
  2.015508E-03  1.115776E-06  2.353445E-04
  2.040299E-03  1.143393E-06  2.407384E-04
  2.065395E-03  1.171694E-06  2.462570E-04
  2.090799E-03  1.200696E-06  2.519034E-04
  2.116516E-03  1.230416E-06  2.576805E-04
  2.142549E-03  1.260871E-06  2.635913E-04
  2.168903E-03  1.292080E-06  2.696390E-04
  2.195580E-03  1.324061E-06  2.758267E-04
  2.222586E-03  1.356835E-06  2.821576E-04
  2.249923E-03  1.390419E-06  2.886352E-04
  2.277598E-03  1.424835E-06  2.952627E-04
  2.305612E-03  1.460102E-06  3.020436E-04
  2.333971E-03  1.496243E-06  3.089816E-04
  2.362679E-03  1.533278E-06  3.160801E-04
  2.391740E-03  1.571230E-06  3.233431E-04
  2.421158E-03  1.610121E-06  3.307742E-04
  2.450938E-03  1.649975E-06  3.383774E-04
  2.481085E-03  1.690816E-06  3.461566E-04
  2.511602E-03  1.732667E-06  3.541159E-04
  2.542495E-03  1.775555E-06  3.622594E-04
  2.573768E-03  1.819504E-06  3.705915E-04
  2.605425E-03  1.864540E-06  3.791165E-04
  2.637472E-03  1.910692E-06  3.878388E-04
  2.669913E-03  1.957986E-06  3.967630E-04
  2.702753E-03  2.006451E-06  4.058938E-04
  2.735997E-03  2.056115E-06  4.152358E-04
  2.769649E-03  2.107009E-06  4.247941E-04
  2.803716E-03  2.159163E-06  4.345735E-04
  2.838202E-03  2.212608E-06  4.445792E-04
  2.873112E-03  2.267375E-06  4.548163E-04
  2.908451E-03  2.323498E-06  4.652903E-04
  2.944225E-03  2.381011E-06  4.760065E-04
  2.980439E-03  2.439947E-06  4.869706E-04
  3.017098E-03  2.500342E-06  4.981881E-04
  3.054208E-03  2.562232E-06  5.096651E-04
  3.091775E-03  2.625654E-06  5.214073E-04
  3.129804E-03  2.690647E-06  5.334209E-04
  3.168301E-03  2.757247E-06  5.457122E-04
  3.207271E-03  2.825497E-06  5.582875E-04
  3.246720E-03  2.895436E-06  5.711533E-04
  3.286655E-03  2.967107E-06  5.843162E-04
  3.327081E-03  3.040551E-06  5.977831E-04
  3.368004E-03  3.115814E-06  6.115609E-04
  3.409430E-03  3.192939E-06  6.256568E-04
  3.451366E-03  3.271974E-06  6.400780E-04
  3.493818E-03  3.352966E-06  6.548319E-04
  3.536792E-03  3.435962E-06  6.699262E-04
  3.580294E-03  3.521013E-06  6.853685E-04
  3.624332E-03  3.608170E-06  7.011670E-04
  3.668911E-03  3.697484E-06  7.173295E-04
  3.714039E-03  3.789009E-06  7.338646E-04
  3.759722E-03  3.882799E-06  7.507806E-04
  3.805966E-03  3.978912E-06  7.680861E-04
  3.852780E-03  4.077404E-06  7.857902E-04
  3.900169E-03  4.178334E-06  8.039017E-04
  3.948141E-03  4.281763E-06  8.224300E-04
  3.996703E-03  4.387752E-06  8.413845E-04
  4.045863E-03  4.496365E-06  8.607749E-04
  4.095627E-03  4.607667E-06  8.806110E-04
  4.146003E-03  4.721724E-06  9.009030E-04
  4.196999E-03  4.838606E-06  9.216611E-04
  4.248622E-03  4.958380E-06  9.428959E-04
  4.300880E-03  5.081120E-06  9.646181E-04
  4.353781E-03  5.206899E-06  9.868387E-04
  4.407332E-03  5.335791E-06  1.009569E-03
  4.461542E-03  5.467874E-06  1.032821E-03
  4.516419E-03  5.603228E-06  1.056605E-03
  4.571971E-03  5.741932E-06  1.080934E-03
  4.628206E-03  5.884071E-06  1.105820E-03
  4.685133E-03  6.029728E-06  1.131276E-03
  4.742761E-03  6.178992E-06  1.157315E-03
  4.801096E-03  6.331951E-06  1.183948E-03
  4.860150E-03  6.488697E-06  1.211191E-03
  4.919930E-03  6.649324E-06  1.239055E-03
  4.980445E-03  6.813928E-06  1.267556E-03
  5.041704E-03  6.982607E-06  1.296708E-03
  5.103717E-03  7.155462E-06  1.326524E-03
  5.166493E-03  7.332598E-06  1.357020E-03
  5.230041E-03  7.514119E-06  1.388211E-03
  5.294370E-03  7.700134E-06  1.420113E-03
  5.359491E-03  7.890755E-06  1.452740E-03
  5.425413E-03  8.086096E-06  1.486109E-03
  5.492146E-03  8.286274E-06  1.520238E-03
  5.559699E-03  8.491408E-06  1.555141E-03
  5.628083E-03  8.701621E-06  1.590837E-03
  5.697309E-03  8.917040E-06  1.627343E-03
  5.767386E-03  9.137792E-06  1.664677E-03
  5.838324E-03  9.364011E-06  1.702856E-03
  5.910136E-03  9.595831E-06  1.741901E-03
  5.982830E-03  9.833392E-06  1.781829E-03
  6.056419E-03  1.007683E-05  1.822660E-03
  6.130913E-03  1.032631E-05  1.864414E-03
  6.206323E-03  1.058195E-05  1.907110E-03
  6.282661E-03  1.084393E-05  1.950771E-03
  6.359938E-03  1.111240E-05  1.995416E-03
  6.438165E-03  1.138752E-05  2.041066E-03
  6.517355E-03  1.166944E-05  2.087745E-03
  6.597518E-03  1.195835E-05  2.135474E-03
  6.678668E-03  1.225442E-05  2.184275E-03
  6.760815E-03  1.255782E-05  2.234173E-03
  6.843973E-03  1.286873E-05  2.285191E-03
  6.928154E-03  1.318734E-05  2.337353E-03
  7.013370E-03  1.351384E-05  2.390683E-03
  7.099635E-03  1.384843E-05  2.445207E-03
  7.186960E-03  1.419130E-05  2.500951E-03
  7.275360E-03  1.454267E-05  2.557940E-03
  7.364847E-03  1.490274E-05  2.616202E-03
  7.455435E-03  1.527172E-05  2.675762E-03
  7.547136E-03  1.564985E-05  2.736650E-03
  7.639966E-03  1.603734E-05  2.798893E-03
  7.733938E-03  1.643443E-05  2.862521E-03
  7.829065E-03  1.684136E-05  2.927562E-03
  7.925363E-03  1.725836E-05  2.994046E-03
  8.022845E-03  1.768570E-05  3.062004E-03
  8.121526E-03  1.812362E-05  3.131468E-03
  8.221420E-03  1.857239E-05  3.202468E-03
  8.322544E-03  1.903227E-05  3.275036E-03
  8.424911E-03  1.950355E-05  3.349207E-03
  8.528538E-03  1.998651E-05  3.425013E-03
  8.633439E-03  2.048142E-05  3.502489E-03
  8.739630E-03  2.098860E-05  3.581669E-03
  8.847127E-03  2.150835E-05  3.662588E-03
  8.955947E-03  2.204097E-05  3.745284E-03
  9.066105E-03  2.258679E-05  3.829791E-03
  9.177618E-03  2.314614E-05  3.916149E-03
  9.290503E-03  2.371934E-05  4.004395E-03
  9.404776E-03  2.430674E-05  4.094567E-03
  9.520455E-03  2.490871E-05  4.186706E-03
  9.637556E-03  2.552558E-05  4.280851E-03
  9.756098E-03  2.615775E-05  4.377043E-03
  9.876098E-03  2.680558E-05  4.475325E-03
  9.997574E-03  2.746946E-05  4.575738E-03
  1.012054E-02  2.814980E-05  4.678325E-03
  1.024503E-02  2.884700E-05  4.783131E-03
  1.037104E-02  2.956148E-05  4.890199E-03
  1.049860E-02  3.029367E-05  4.999576E-03
  1.062774E-02  3.104400E-05  5.111308E-03
  1.075846E-02  3.181294E-05  5.225441E-03
  1.089079E-02  3.260093E-05  5.342024E-03
  1.102474E-02  3.340846E-05  5.461104E-03
  1.116035E-02  3.423601E-05  5.582732E-03
  1.129762E-02  3.508407E-05  5.706958E-03
  1.143658E-02  3.595316E-05  5.833831E-03
  1.157725E-02  3.684380E-05  5.963406E-03
  1.171965E-02  3.775652E-05  6.095733E-03
  1.186380E-02  3.869187E-05  6.230867E-03
  1.200973E-02  3.965041E-05  6.368862E-03
  1.215745E-02  4.063273E-05  6.509774E-03
  1.230699E-02  4.163940E-05  6.653658E-03
  1.245836E-02  4.267104E-05  6.800571E-03
  1.261160E-02  4.372826E-05  6.950572E-03
  1.276672E-02  4.481171E-05  7.103719E-03
  1.292375E-02  4.592203E-05  7.260072E-03
  1.308271E-02  4.705989E-05  7.419691E-03
  1.324363E-02  4.822598E-05  7.582638E-03
  1.340653E-02  4.942100E-05  7.748976E-03
  1.357143E-02  5.064566E-05  7.918766E-03
  1.373836E-02  5.190071E-05  8.092075E-03
  1.390734E-02  5.318690E-05  8.268966E-03
  1.407840E-02  5.450501E-05  8.449506E-03
  1.425156E-02  5.585583E-05  8.633762E-03
  1.442686E-02  5.724017E-05  8.821801E-03
  1.460431E-02  5.865886E-05  9.013692E-03
  1.478394E-02  6.011277E-05  9.209506E-03
  1.496578E-02  6.160277E-05  9.409312E-03
  1.514986E-02  6.312976E-05  9.613181E-03
  1.533621E-02  6.469465E-05  9.821187E-03
  1.552484E-02  6.629840E-05  1.003340E-02
  1.571580E-02  6.794196E-05  1.024990E-02
  1.590910E-02  6.962635E-05  1.047076E-02
  1.610478E-02  7.135255E-05  1.069605E-02
  1.630287E-02  7.312163E-05  1.092586E-02
  1.650340E-02  7.493466E-05  1.116025E-02
  1.670639E-02  7.679271E-05  1.139932E-02
  1.691188E-02  7.869692E-05  1.164313E-02
  1.711989E-02  8.064845E-05  1.189177E-02
  1.733047E-02  8.264846E-05  1.214532E-02
  1.754363E-02  8.469816E-05  1.240385E-02
  1.775942E-02  8.679881E-05  1.266747E-02
  1.797786E-02  8.895167E-05  1.293624E-02
  1.819899E-02  9.115803E-05  1.321025E-02
  1.842284E-02  9.341925E-05  1.348959E-02
  1.864944E-02  9.573668E-05  1.377434E-02
  1.887883E-02  9.811173E-05  1.406460E-02
  1.911103E-02  1.005458E-04  1.436044E-02
  1.934610E-02  1.030405E-04  1.466195E-02
  1.958406E-02  1.055972E-04  1.496923E-02
  1.982494E-02  1.082175E-04  1.528236E-02
  2.006879E-02  1.109030E-04  1.560144E-02
  2.031563E-02  1.136553E-04  1.592655E-02
  2.056552E-02  1.164761E-04  1.625778E-02
  2.081847E-02  1.193670E-04  1.659523E-02
  2.107454E-02  1.223300E-04  1.693899E-02
  2.133376E-02  1.253667E-04  1.728915E-02
  2.159616E-02  1.284790E-04  1.764580E-02
  2.186179E-02  1.316689E-04  1.800904E-02
  2.213069E-02  1.349381E-04  1.837896E-02
  2.240290E-02  1.382888E-04  1.875566E-02
  2.267846E-02  1.417230E-04  1.913922E-02
  2.295740E-02  1.452427E-04  1.952974E-02
  2.323978E-02  1.488502E-04  1.992733E-02
  2.352563E-02  1.525475E-04  2.033206E-02
  2.381499E-02  1.563371E-04  2.074404E-02
  2.410792E-02  1.602211E-04  2.116336E-02
  2.440445E-02  1.642019E-04  2.159011E-02
  2.470462E-02  1.682821E-04  2.202440E-02
  2.500849E-02  1.724640E-04  2.246630E-02
  2.531609E-02  1.767503E-04  2.291592E-02
  2.562748E-02  1.811435E-04  2.337335E-02
  2.594270E-02  1.856464E-04  2.383869E-02
  2.626179E-02  1.902617E-04  2.431202E-02
  2.658481E-02  1.949922E-04  2.479343E-02
  2.691181E-02  1.998409E-04  2.528302E-02
  2.724282E-02  2.048107E-04  2.578088E-02
  2.757791E-02  2.099046E-04  2.628709E-02
  2.791712E-02  2.151259E-04  2.680175E-02
  2.826050E-02  2.204776E-04  2.732494E-02
  2.860810E-02  2.259632E-04  2.785675E-02
  2.895998E-02  2.315859E-04  2.839726E-02
  2.931619E-02  2.373493E-04  2.894656E-02
  2.967678E-02  2.432569E-04  2.950472E-02
  3.004180E-02  2.493123E-04  3.007183E-02
  3.041131E-02  2.555193E-04  3.064797E-02
  3.078537E-02  2.618817E-04  3.123321E-02
  3.116403E-02  2.684034E-04  3.182763E-02
  3.154735E-02  2.750885E-04  3.243130E-02
  3.193538E-02  2.819412E-04  3.304429E-02
  3.232819E-02  2.889656E-04  3.366666E-02
  3.272583E-02  2.961661E-04  3.429849E-02
  3.312835E-02  3.035472E-04  3.493984E-02
  3.353583E-02  3.111135E-04  3.559076E-02
  3.394832E-02  3.188697E-04  3.625131E-02
  3.436589E-02  3.268206E-04  3.692155E-02
  3.478859E-02  3.349712E-04  3.760152E-02
  3.521649E-02  3.433265E-04  3.829127E-02
  3.564965E-02  3.518918E-04  3.899085E-02
  3.608814E-02  3.606724E-04  3.970030E-02
  3.653203E-02  3.696737E-04  4.041964E-02
  3.698137E-02  3.789016E-04  4.114891E-02
  3.743624E-02  3.883616E-04  4.188814E-02
  3.789671E-02  3.980598E-04  4.263735E-02
  3.836284E-02  4.080023E-04  4.339655E-02
  3.883470E-02  4.181953E-04  4.416576E-02
  3.931237E-02  4.286452E-04  4.494498E-02
  3.979591E-02  4.393585E-04  4.573421E-02
  4.028540E-02  4.503422E-04  4.653345E-02
  4.078091E-02  4.616031E-04  4.734269E-02
  4.128251E-02  4.731483E-04  4.816191E-02
  4.179029E-02  4.849851E-04  4.899109E-02
  4.230431E-02  4.971211E-04  4.983020E-02
  4.282465E-02  5.095640E-04  5.067920E-02
  4.335139E-02  5.223216E-04  5.153804E-02
  4.388462E-02  5.354021E-04  5.240668E-02
  4.442440E-02  5.488139E-04  5.328506E-02
  4.497082E-02  5.625655E-04  5.417311E-02
  4.552396E-02  5.766657E-04  5.507075E-02
  4.608390E-02  5.911236E-04  5.597790E-02
  4.665073E-02  6.059484E-04  5.689447E-02
  4.722454E-02  6.211496E-04  5.782036E-02
  4.780540E-02  6.367371E-04  5.875546E-02
  4.839341E-02  6.527210E-04  5.969964E-02
  4.898865E-02  6.691114E-04  6.065277E-02
  4.959121E-02  6.859191E-04  6.161473E-02
  5.020118E-02  7.031549E-04  6.258534E-02
  5.081865E-02  7.208301E-04  6.356446E-02
  5.144372E-02  7.389562E-04  6.455191E-02
  5.207648E-02  7.575449E-04  6.554751E-02
  5.271702E-02  7.766084E-04  6.655106E-02
  5.336544E-02  7.961593E-04  6.756235E-02
  5.402183E-02  8.162102E-04  6.858117E-02
  5.468630E-02  8.367745E-04  6.960727E-02
  5.535894E-02  8.578657E-04  7.064043E-02
  5.603986E-02  8.794976E-04  7.168037E-02
  5.672915E-02  9.016847E-04  7.272682E-02
  5.742692E-02  9.244416E-04  7.377951E-02
  5.813327E-02  9.477835E-04  7.483812E-02
  5.884831E-02  9.717259E-04  7.590235E-02
  5.957214E-02  9.962849E-04  7.697186E-02
  6.030488E-02  1.021477E-03  7.804632E-02
  6.104663E-02  1.047319E-03  7.912536E-02
  6.179750E-02  1.073828E-03  8.020861E-02
  6.255761E-02  1.101022E-03  8.129567E-02
  6.332707E-02  1.128920E-03  8.238615E-02
  6.410600E-02  1.157540E-03  8.347960E-02
  6.489450E-02  1.186903E-03  8.457561E-02
  6.569270E-02  1.217027E-03  8.567370E-02
  6.650072E-02  1.247935E-03  8.677341E-02
  6.731868E-02  1.279646E-03  8.787424E-02
  6.814670E-02  1.312183E-03  8.897568E-02
  6.898490E-02  1.345568E-03  9.007720E-02
  6.983342E-02  1.379824E-03  9.117826E-02
  7.069237E-02  1.414976E-03  9.227830E-02
  7.156189E-02  1.451047E-03  9.337672E-02
  7.244210E-02  1.488063E-03  9.447293E-02
  7.333314E-02  1.526050E-03  9.556631E-02
  7.423513E-02  1.565035E-03  9.665622E-02
  7.514822E-02  1.605044E-03  9.774199E-02
  7.607255E-02  1.646108E-03  9.882295E-02
  7.700824E-02  1.688254E-03  9.989839E-02
  7.795544E-02  1.731513E-03  1.009676E-01
  7.891429E-02  1.775916E-03  1.020298E-01
  7.988494E-02  1.821495E-03  1.030844E-01
  8.086752E-02  1.868283E-03  1.041304E-01
  8.186219E-02  1.916314E-03  1.051671E-01
  8.286910E-02  1.965623E-03  1.061936E-01
  8.388839E-02  2.016245E-03  1.072092E-01
  8.492022E-02  2.068218E-03  1.082130E-01
  8.596474E-02  2.121581E-03  1.092040E-01
  8.702210E-02  2.176372E-03  1.101814E-01
  8.809247E-02  2.232633E-03  1.111443E-01
  8.917601E-02  2.290406E-03  1.120917E-01
  9.027288E-02  2.349734E-03  1.130227E-01
  9.138323E-02  2.410661E-03  1.139362E-01
  9.250725E-02  2.473234E-03  1.148313E-01
  9.364509E-02  2.537500E-03  1.157069E-01
  9.479692E-02  2.603508E-03  1.165621E-01
  9.596292E-02  2.671310E-03  1.173956E-01
  9.714327E-02  2.740957E-03  1.182066E-01
  9.833813E-02  2.812503E-03  1.189937E-01
  9.954769E-02  2.886004E-03  1.197560E-01
  1.007721E-01  2.961518E-03  1.204923E-01
  1.020116E-01  3.039103E-03  1.212015E-01
  1.032664E-01  3.118821E-03  1.218822E-01
  1.045365E-01  3.200736E-03  1.225335E-01
  1.058223E-01  3.284913E-03  1.231541E-01
  1.071240E-01  3.371419E-03  1.237426E-01
  1.084416E-01  3.460325E-03  1.242980E-01
  1.097754E-01  3.551701E-03  1.248190E-01
  1.111256E-01  3.645624E-03  1.253043E-01
  1.124925E-01  3.742169E-03  1.257526E-01
  1.138762E-01  3.841416E-03  1.261627E-01
  1.152768E-01  3.943449E-03  1.265332E-01
  1.166947E-01  4.048350E-03  1.268629E-01
  1.181301E-01  4.156209E-03  1.271504E-01
  1.195831E-01  4.267116E-03  1.273944E-01
  1.210539E-01  4.381166E-03  1.275937E-01
  1.225429E-01  4.498455E-03  1.277468E-01
  1.240502E-01  4.619084E-03  1.278525E-01
  1.255760E-01  4.743157E-03  1.279094E-01
  1.271206E-01  4.870781E-03  1.279162E-01
  1.286842E-01  5.002068E-03  1.278715E-01
  1.302670E-01  5.137132E-03  1.277740E-01
  1.318693E-01  5.276094E-03  1.276225E-01
  1.334913E-01  5.419075E-03  1.274155E-01
  1.351332E-01  5.566204E-03  1.271518E-01
  1.367953E-01  5.717612E-03  1.268301E-01
  1.384779E-01  5.873436E-03  1.264491E-01
  1.401812E-01  6.033818E-03  1.260074E-01
  1.419054E-01  6.198904E-03  1.255039E-01
  1.436509E-01  6.368845E-03  1.249373E-01
  1.454178E-01  6.543798E-03  1.243064E-01
  1.472064E-01  6.723925E-03  1.236099E-01
  1.490171E-01  6.909396E-03  1.228466E-01
  1.508500E-01  7.100383E-03  1.220155E-01
  1.527054E-01  7.297067E-03  1.211153E-01
  1.545837E-01  7.499635E-03  1.201450E-01
  1.564851E-01  7.708279E-03  1.191035E-01
  1.584098E-01  7.923201E-03  1.179897E-01
  1.603583E-01  8.144608E-03  1.168026E-01
  1.623307E-01  8.372713E-03  1.155413E-01
  1.643274E-01  8.607740E-03  1.142048E-01
  1.663486E-01  8.849918E-03  1.127922E-01
  1.683947E-01  9.099486E-03  1.113027E-01
  1.704659E-01  9.356691E-03  1.097355E-01
  1.725627E-01  9.621788E-03  1.080898E-01
  1.746852E-01  9.895041E-03  1.063650E-01
  1.768338E-01  1.017673E-02  1.045604E-01
  1.790089E-01  1.046712E-02  1.026754E-01
  1.812107E-01  1.076653E-02  1.007094E-01
  1.834396E-01  1.107525E-02  9.866210E-02
  1.856959E-01  1.139359E-02  9.653298E-02
  1.879799E-01  1.172189E-02  9.432174E-02
  1.902921E-01  1.206047E-02  9.202810E-02
  1.926327E-01  1.240969E-02  8.965186E-02
  1.950021E-01  1.276991E-02  8.719292E-02
  1.974006E-01  1.314150E-02  8.465122E-02
  1.998286E-01  1.352485E-02  8.202680E-02
  2.022865E-01  1.392034E-02  7.931976E-02
  2.047746E-01  1.432841E-02  7.653031E-02
  2.072934E-01  1.474946E-02  7.365874E-02
  2.098431E-01  1.518395E-02  7.070540E-02
  2.124241E-01  1.563232E-02  6.767077E-02
  2.150370E-01  1.609504E-02  6.455540E-02
  2.176819E-01  1.657260E-02  6.135994E-02
  2.203594E-01  1.706550E-02  5.808513E-02
  2.230698E-01  1.757425E-02  5.473182E-02
  2.258136E-01  1.809938E-02  5.130095E-02
  2.285911E-01  1.864144E-02  4.779356E-02
  2.314028E-01  1.920098E-02  4.421081E-02
  2.342490E-01  1.977860E-02  4.055395E-02
  2.371303E-01  2.037488E-02  3.682434E-02
  2.400470E-01  2.099044E-02  3.302346E-02
  2.429995E-01  2.162590E-02  2.915288E-02
  2.459884E-01  2.228192E-02  2.521429E-02
  2.490141E-01  2.295915E-02  2.120949E-02
  2.520770E-01  2.365828E-02  1.714040E-02
  2.551775E-01  2.437999E-02  1.300904E-02
  2.583162E-01  2.512501E-02  8.817551E-03
  2.614935E-01  2.589404E-02  4.568186E-03
  2.647099E-01  2.668785E-02  2.633114E-04
  2.679658E-01  2.750718E-02 -4.094593E-03
  2.712618E-01  2.835281E-02 -8.502932E-03
  2.745983E-01  2.922550E-02 -1.295900E-02
  2.779759E-01  3.012607E-02 -1.745998E-02
  2.813950E-01  3.105531E-02 -2.200293E-02
  2.848561E-01  3.201403E-02 -2.658481E-02
  2.883598E-01  3.300307E-02 -3.120248E-02
  2.919067E-01  3.402323E-02 -3.585267E-02
  2.954971E-01  3.507536E-02 -4.053201E-02
  2.991317E-01  3.616028E-02 -4.523704E-02
  3.028111E-01  3.727882E-02 -4.996417E-02
  3.065356E-01  3.843181E-02 -5.470973E-02
  3.103060E-01  3.962007E-02 -5.946995E-02
  3.141228E-01  4.084440E-02 -6.424096E-02
  3.179865E-01  4.210559E-02 -6.901881E-02
  3.218977E-01  4.340441E-02 -7.379944E-02
  3.258571E-01  4.474162E-02 -7.857873E-02
  3.298651E-01  4.611793E-02 -8.335245E-02
  3.339225E-01  4.753402E-02 -8.811633E-02
  3.380297E-01  4.899055E-02 -9.286601E-02
  3.421875E-01  5.048810E-02 -9.759704E-02
  3.463964E-01  5.202721E-02 -1.023049E-01
  3.506570E-01  5.360837E-02 -1.069852E-01
  3.549701E-01  5.523198E-02 -1.116331E-01
  3.593363E-01  5.689838E-02 -1.162441E-01
  3.637561E-01  5.860780E-02 -1.208134E-01
  3.682303E-01  6.036038E-02 -1.253363E-01
  3.727595E-01  6.215617E-02 -1.298080E-01
  3.773445E-01  6.399508E-02 -1.342237E-01
  3.819858E-01  6.587689E-02 -1.385784E-01
  3.866842E-01  6.780123E-02 -1.428673E-01
  3.914404E-01  6.976759E-02 -1.470855E-01
  3.962552E-01  7.177529E-02 -1.512279E-01
  4.011291E-01  7.382345E-02 -1.552895E-01
  4.060630E-01  7.591099E-02 -1.592655E-01
  4.110576E-01  7.803665E-02 -1.631506E-01
  4.161136E-01  8.019891E-02 -1.669399E-01
  4.212318E-01  8.239601E-02 -1.706283E-01
  4.264129E-01  8.462594E-02 -1.742108E-01
  4.316578E-01  8.688642E-02 -1.776824E-01
  4.369672E-01  8.917488E-02 -1.810381E-01
  4.423419E-01  9.148842E-02 -1.842729E-01
  4.477827E-01  9.382386E-02 -1.873819E-01
  4.532904E-01  9.617765E-02 -1.903604E-01
  4.588659E-01  9.854593E-02 -1.932035E-01
  4.645099E-01  1.009244E-01 -1.959066E-01
  4.702234E-01  1.033086E-01 -1.984651E-01
  4.760072E-01  1.056933E-01 -2.008746E-01
  4.818621E-01  1.080734E-01 -2.031306E-01
  4.877890E-01  1.104428E-01 -2.052288E-01
  4.937888E-01  1.127956E-01 -2.071652E-01
  4.998624E-01  1.151251E-01 -2.089357E-01
  5.060107E-01  1.174242E-01 -2.105365E-01
  5.122346E-01  1.196857E-01 -2.119637E-01
  5.185351E-01  1.219017E-01 -2.132138E-01
  5.249131E-01  1.240642E-01 -2.142833E-01
  5.313695E-01  1.261645E-01 -2.151690E-01
  5.379053E-01  1.281938E-01 -2.158676E-01
  5.445216E-01  1.301430E-01 -2.163763E-01
  5.512192E-01  1.320026E-01 -2.166922E-01
  5.579992E-01  1.337629E-01 -2.168128E-01
  5.648626E-01  1.354140E-01 -2.167355E-01
  5.718104E-01  1.369458E-01 -2.164581E-01
  5.788437E-01  1.383480E-01 -2.159786E-01
  5.859634E-01  1.396104E-01 -2.152951E-01
  5.931708E-01  1.407226E-01 -2.144060E-01
  6.004668E-01  1.416743E-01 -2.133097E-01
  6.078525E-01  1.424554E-01 -2.120051E-01
  6.153291E-01  1.430555E-01 -2.104911E-01
  6.228977E-01  1.434649E-01 -2.087667E-01
  6.305593E-01  1.436738E-01 -2.068314E-01
  6.383152E-01  1.436727E-01 -2.046848E-01
  6.461665E-01  1.434525E-01 -2.023266E-01
  6.541143E-01  1.430045E-01 -1.997568E-01
  6.621599E-01  1.423206E-01 -1.969757E-01
  6.703045E-01  1.413932E-01 -1.939835E-01
  6.785492E-01  1.402154E-01 -1.907809E-01
  6.868954E-01  1.387811E-01 -1.873688E-01
  6.953442E-01  1.370849E-01 -1.837480E-01
  7.038969E-01  1.351225E-01 -1.799200E-01
  7.125549E-01  1.328905E-01 -1.758860E-01
  7.213193E-01  1.303868E-01 -1.716476E-01
  7.301915E-01  1.276100E-01 -1.672068E-01
  7.391729E-01  1.245602E-01 -1.625653E-01
  7.482647E-01  1.212385E-01 -1.577255E-01
  7.574683E-01  1.176471E-01 -1.526897E-01
  7.667852E-01  1.137894E-01 -1.474603E-01
  7.762167E-01  1.096701E-01 -1.420401E-01
  7.857641E-01  1.052947E-01 -1.364319E-01
  7.954290E-01  1.006699E-01 -1.306389E-01
  8.052128E-01  9.580332E-02 -1.246640E-01
  8.151169E-01  9.070341E-02 -1.185108E-01
  8.251429E-01  8.537944E-02 -1.121826E-01
  8.352921E-01  7.984133E-02 -1.056832E-01
  8.455662E-01  7.409953E-02 -9.901623E-02
  8.559667E-01  6.816490E-02 -9.218564E-02
  8.664951E-01  6.204853E-02 -8.519546E-02
  8.771530E-01  5.576167E-02 -7.804984E-02
  8.879419E-01  4.931546E-02 -7.075305E-02
  8.988636E-01  4.272087E-02 -6.330948E-02
  9.099196E-01  3.598851E-02 -5.572362E-02
  9.211117E-01  2.912843E-02 -4.800005E-02
  9.324413E-01  2.215004E-02 -4.014347E-02
  9.439104E-01  1.506191E-02 -3.215865E-02
  9.555205E-01  7.871677E-03 -2.405045E-02
  9.672734E-01  5.858753E-04 -1.582383E-02
  9.791708E-01 -6.790124E-03 -7.483808E-03
  9.912146E-01 -1.425223E-02  9.645343E-04
  1.003407E+00 -2.179767E-02  9.516038E-03
  1.015748E+00 -2.942510E-02  1.816549E-02
  1.028242E+00 -3.713454E-02  2.690761E-02
  1.040890E+00 -4.492746E-02  3.573710E-02
  1.053692E+00 -5.280666E-02  4.464858E-02
  1.066653E+00 -6.077631E-02  5.363665E-02
  1.079773E+00 -6.884179E-02  6.269587E-02
  1.093054E+00 -7.700961E-02  7.182078E-02
  1.106499E+00 -8.528723E-02  8.100588E-02
  1.120108E+00 -9.368294E-02  9.024566E-02
  1.133886E+00 -1.022056E-01  9.953458E-02
  1.147833E+00 -1.108644E-01  1.088671E-01
  1.161951E+00 -1.196686E-01  1.182377E-01
  1.176243E+00 -1.286273E-01  1.276407E-01
  1.190711E+00 -1.377490E-01  1.370707E-01
  1.205356E+00 -1.470413E-01  1.465220E-01
  1.220182E+00 -1.565105E-01  1.559892E-01
  1.235191E+00 -1.661613E-01  1.654667E-01
  1.250383E+00 -1.759963E-01  1.749490E-01
  1.265763E+00 -1.860157E-01  1.844305E-01
  1.281332E+00 -1.962166E-01  1.939057E-01
  1.297092E+00 -2.065931E-01  2.033693E-01
  1.313047E+00 -2.171354E-01  2.128157E-01
  1.329197E+00 -2.278299E-01  2.222396E-01
  1.345546E+00 -2.386583E-01  2.316356E-01
  1.362096E+00 -2.495983E-01  2.409983E-01
  1.378850E+00 -2.606227E-01  2.503224E-01
  1.395810E+00 -2.716998E-01  2.596027E-01
  1.412979E+00 -2.827935E-01  2.688339E-01
  1.430358E+00 -2.938638E-01  2.780107E-01
  1.447952E+00 -3.048670E-01  2.871282E-01
  1.465761E+00 -3.157569E-01  2.961810E-01
  1.483790E+00 -3.264855E-01  3.051643E-01
  1.502041E+00 -3.370042E-01  3.140730E-01
  1.520516E+00 -3.472650E-01  3.229021E-01
  1.539218E+00 -3.572218E-01  3.316466E-01
  1.558151E+00 -3.668320E-01  3.403018E-01
  1.577316E+00 -3.760583E-01  3.488628E-01
  1.596717E+00 -3.848694E-01  3.573249E-01
  1.616357E+00 -3.932422E-01  3.656833E-01
  1.636238E+00 -4.011622E-01  3.739333E-01
  1.656363E+00 -4.086252E-01  3.820703E-01
  1.676737E+00 -4.156370E-01  3.900898E-01
  1.697361E+00 -4.222146E-01  3.979872E-01
  1.718238E+00 -4.283848E-01  4.057579E-01
  1.739372E+00 -4.341847E-01  4.133976E-01
  1.760767E+00 -4.396596E-01  4.209018E-01
  1.782424E+00 -4.448617E-01  4.282662E-01
  1.804348E+00 -4.498484E-01  4.354863E-01
  1.826541E+00 -4.546792E-01  4.425579E-01
  1.849008E+00 -4.594135E-01  4.494767E-01
  1.871751E+00 -4.641074E-01  4.562385E-01
  1.894773E+00 -4.688107E-01  4.628390E-01
  1.918079E+00 -4.735640E-01  4.692741E-01
  1.941671E+00 -4.783959E-01  4.755397E-01
  1.965554E+00 -4.833208E-01  4.816316E-01
  1.989730E+00 -4.883376E-01  4.875459E-01
  2.014204E+00 -4.934292E-01  4.932786E-01
  2.038979E+00 -4.985640E-01  4.988257E-01
  2.064058E+00 -5.036982E-01  5.041834E-01
  2.089446E+00 -5.087808E-01  5.093479E-01
  2.115146E+00 -5.137595E-01  5.143155E-01
  2.141162E+00 -5.185874E-01  5.190826E-01
  2.167499E+00 -5.232296E-01  5.236456E-01
  2.194159E+00 -5.276661E-01  5.280011E-01
  2.221147E+00 -5.318897E-01  5.321458E-01
  2.248467E+00 -5.358977E-01  5.360765E-01
  2.276123E+00 -5.396865E-01  5.397901E-01
  2.304120E+00 -5.432531E-01  5.432837E-01
  2.332460E+00 -5.465947E-01  5.465545E-01
  2.361150E+00 -5.497085E-01  5.495998E-01
  2.390192E+00 -5.525922E-01  5.524173E-01
  2.419591E+00 -5.552433E-01  5.550045E-01
  2.449352E+00 -5.576598E-01  5.573594E-01
  2.479479E+00 -5.598397E-01  5.594800E-01
  2.509977E+00 -5.617814E-01  5.613647E-01
  2.540849E+00 -5.634834E-01  5.630120E-01
  2.572102E+00 -5.649444E-01  5.644204E-01
  2.603739E+00 -5.661634E-01  5.655891E-01
  2.635765E+00 -5.671396E-01  5.665171E-01
  2.668185E+00 -5.678725E-01  5.672039E-01
  2.701003E+00 -5.683617E-01  5.676491E-01
  2.734226E+00 -5.686074E-01  5.678527E-01
  2.767857E+00 -5.686096E-01  5.678149E-01
  2.801901E+00 -5.683689E-01  5.675361E-01
  2.836365E+00 -5.678862E-01  5.670171E-01
  2.871252E+00 -5.671624E-01  5.662589E-01
  2.906568E+00 -5.661989E-01  5.652627E-01
  2.942319E+00 -5.649973E-01  5.640302E-01
  2.978510E+00 -5.635595E-01  5.625633E-01
  3.015145E+00 -5.618877E-01  5.608640E-01
  3.052232E+00 -5.599844E-01  5.589347E-01
  3.089774E+00 -5.578522E-01  5.567783E-01
  3.127778E+00 -5.554942E-01  5.543976E-01
  3.166250E+00 -5.529136E-01  5.517958E-01
  3.205195E+00 -5.501139E-01  5.489765E-01
  3.244619E+00 -5.470989E-01  5.459432E-01
  3.284528E+00 -5.438725E-01  5.427000E-01
  3.324927E+00 -5.404388E-01  5.392510E-01
  3.365824E+00 -5.368023E-01  5.356006E-01
  3.407224E+00 -5.329674E-01  5.317531E-01
  3.449132E+00 -5.289389E-01  5.277135E-01
  3.491557E+00 -5.247217E-01  5.234863E-01
  3.534503E+00 -5.203207E-01  5.190767E-01
  3.577977E+00 -5.157410E-01  5.144897E-01
  3.621986E+00 -5.109879E-01  5.097305E-01
  3.666537E+00 -5.060666E-01  5.048042E-01
  3.711635E+00 -5.009824E-01  4.997163E-01
  3.757288E+00 -4.957407E-01  4.944721E-01
  3.803503E+00 -4.903470E-01  4.890769E-01
  3.850286E+00 -4.848067E-01  4.835362E-01
  3.897645E+00 -4.791252E-01  4.778554E-01
  3.945586E+00 -4.733080E-01  4.720400E-01
  3.994116E+00 -4.673605E-01  4.660952E-01
  4.043244E+00 -4.612882E-01  4.600266E-01
  4.092976E+00 -4.550965E-01  4.538395E-01
  4.143319E+00 -4.487907E-01  4.475393E-01
  4.194282E+00 -4.423763E-01  4.411314E-01
  4.245872E+00 -4.358587E-01  4.346209E-01
  4.298096E+00 -4.292431E-01  4.280134E-01
  4.350963E+00 -4.225349E-01  4.213141E-01
  4.404480E+00 -4.157395E-01  4.145283E-01
  4.458655E+00 -4.088621E-01  4.076614E-01
  4.513496E+00 -4.019083E-01  4.007185E-01
  4.569012E+00 -3.948833E-01  3.937053E-01
  4.625211E+00 -3.877925E-01  3.866269E-01
  4.682101E+00 -3.806414E-01  3.794888E-01
  4.739691E+00 -3.734355E-01  3.722965E-01
  4.797989E+00 -3.661804E-01  3.650555E-01
  4.857004E+00 -3.588816E-01  3.577714E-01
  4.916745E+00 -3.515448E-01  3.504498E-01
  4.977221E+00 -3.441757E-01  3.430965E-01
  5.038441E+00 -3.367803E-01  3.357172E-01
  5.100414E+00 -3.293642E-01  3.283178E-01
  5.163149E+00 -3.219336E-01  3.209042E-01
  5.226656E+00 -3.144943E-01  3.134825E-01
  5.290944E+00 -3.070526E-01  3.060585E-01
  5.356022E+00 -2.996144E-01  2.986386E-01
  5.421901E+00 -2.921860E-01  2.912287E-01
  5.488591E+00 -2.847735E-01  2.838350E-01
  5.556101E+00 -2.773832E-01  2.764638E-01
  5.624441E+00 -2.700212E-01  2.691212E-01
  5.693621E+00 -2.626938E-01  2.618133E-01
  5.763653E+00 -2.554070E-01  2.545463E-01
  5.834546E+00 -2.481669E-01  2.473262E-01
  5.906311E+00 -2.409797E-01  2.401590E-01
  5.978958E+00 -2.338511E-01  2.330506E-01
  6.052499E+00 -2.267871E-01  2.260068E-01
  6.126945E+00 -2.197932E-01  2.190333E-01
  6.202307E+00 -2.128751E-01  2.121355E-01
  6.278595E+00 -2.060380E-01  2.053187E-01
  6.355822E+00 -1.992872E-01  1.985883E-01
  6.433998E+00 -1.926276E-01  1.919490E-01
  6.513136E+00 -1.860641E-01  1.854056E-01
  6.593248E+00 -1.796011E-01  1.789626E-01
  6.674345E+00 -1.732429E-01  1.726244E-01
  6.756439E+00 -1.669936E-01  1.663948E-01
  6.839544E+00 -1.608569E-01  1.602778E-01
  6.923670E+00 -1.548364E-01  1.542767E-01
  7.008831E+00 -1.489353E-01  1.483948E-01
  7.095040E+00 -1.431565E-01  1.426350E-01
  7.182309E+00 -1.375028E-01  1.369999E-01
  7.270651E+00 -1.319765E-01  1.314920E-01
  7.360080E+00 -1.265797E-01  1.261133E-01
  7.450609E+00 -1.213143E-01  1.208656E-01
  7.542252E+00 -1.161817E-01  1.157504E-01
  7.635021E+00 -1.111832E-01  1.107691E-01
  7.728932E+00 -1.063198E-01  1.059224E-01
  7.823998E+00 -1.015922E-01  1.012111E-01
  7.920233E+00 -9.700081E-02  9.663573E-02
  8.017652E+00 -9.254580E-02  9.219634E-02
  8.116269E+00 -8.822712E-02  8.789287E-02
  8.216099E+00 -8.404445E-02  8.372500E-02
  8.317157E+00 -7.999722E-02  7.969218E-02
  8.419458E+00 -7.608468E-02  7.579364E-02
  8.523018E+00 -7.230582E-02  7.202837E-02
  8.627851E+00 -6.865946E-02  6.839518E-02
  8.733973E+00 -6.514420E-02  6.489268E-02
  8.841401E+00 -6.175848E-02  6.151931E-02
  8.950150E+00 -5.850056E-02  5.827332E-02
  9.060237E+00 -5.536854E-02  5.515282E-02
  9.171678E+00 -5.236036E-02  5.215576E-02
  9.284490E+00 -4.947385E-02  4.927995E-02
  9.398689E+00 -4.670668E-02  4.652308E-02
  9.514293E+00 -4.405642E-02  4.388274E-02
  9.631319E+00 -4.152056E-02  4.135639E-02
  9.749784E+00 -3.909645E-02  3.894142E-02
  9.869706E+00 -3.678139E-02  3.663511E-02
  9.991104E+00 -3.457260E-02  3.443471E-02
  1.011399E+01 -3.246724E-02  3.233738E-02
  1.023840E+01 -3.046243E-02  3.034023E-02
  1.036433E+01 -2.855521E-02  2.844034E-02
  1.049181E+01 -2.674263E-02  2.663474E-02
  1.062086E+01 -2.502170E-02  2.492046E-02
  1.075150E+01 -2.338941E-02  2.329450E-02
  1.088374E+01 -2.184274E-02  2.175386E-02
  1.101761E+01 -2.037870E-02  2.029553E-02
  1.115313E+01 -1.899427E-02  1.891653E-02
  1.129031E+01 -1.768647E-02  1.761387E-02
  1.142918E+01 -1.645233E-02  1.638461E-02
  1.156976E+01 -1.528893E-02  1.522581E-02
  1.171207E+01 -1.419336E-02  1.413459E-02
  1.185613E+01 -1.316275E-02  1.310809E-02
  1.200196E+01 -1.219430E-02  1.214351E-02
  1.214958E+01 -1.128524E-02  1.123810E-02
  1.229902E+01 -1.043285E-02  1.038914E-02
  1.245030E+01 -9.634491E-03  9.594005E-03
  1.260344E+01 -8.887556E-03  8.850097E-03
  1.275846E+01 -8.189521E-03  8.154900E-03
  1.291539E+01 -7.537922E-03  7.505959E-03
  1.307425E+01 -6.930368E-03  6.900891E-03
  1.323506E+01 -6.364534E-03  6.337381E-03
  1.339785E+01 -5.838172E-03  5.813187E-03
  1.356264E+01 -5.349106E-03  5.326143E-03
  1.372947E+01 -4.895236E-03  4.874156E-03
  1.389834E+01 -4.474536E-03  4.455207E-03
  1.406929E+01 -4.085058E-03  4.067355E-03
  1.424234E+01 -3.724928E-03  3.708735E-03
  1.441752E+01 -3.392351E-03  3.377556E-03
  1.459486E+01 -3.085605E-03  3.072104E-03
  1.477437E+01 -2.803044E-03  2.790740E-03
  1.495610E+01 -2.543098E-03  2.531898E-03
  1.514006E+01 -2.304267E-03  2.294085E-03
  1.532628E+01 -2.085126E-03  2.075882E-03
  1.551479E+01 -1.884321E-03  1.875939E-03
  1.570563E+01 -1.700564E-03  1.692974E-03
  1.589880E+01 -1.532639E-03  1.525775E-03
  1.609436E+01 -1.379393E-03  1.373194E-03
  1.629232E+01 -1.239738E-03  1.234148E-03
  1.649272E+01 -1.112650E-03  1.107616E-03
  1.669558E+01 -9.971632E-04  9.926352E-04
  1.690093E+01 -8.923702E-04  8.883038E-04
  1.710881E+01 -7.974204E-04  7.937737E-04
  1.731925E+01 -7.115169E-04  7.082514E-04
  1.753228E+01 -6.339145E-04  6.309946E-04
  1.774793E+01 -5.639176E-04  5.613107E-04
  1.796622E+01 -5.008778E-04  4.985539E-04
  1.818721E+01 -4.441922E-04  4.421236E-04
  1.841091E+01 -3.933005E-04  3.914621E-04
  1.863737E+01 -3.476834E-04  3.460521E-04
  1.886661E+01 -3.068603E-04  3.054151E-04
  1.909867E+01 -2.703868E-04  2.691085E-04
  1.933358E+01 -2.378537E-04  2.367249E-04
  1.957138E+01 -2.088842E-04  2.078890E-04
  1.981211E+01 -1.831317E-04  1.822558E-04
  2.005580E+01 -1.602782E-04  1.595086E-04
  2.030249E+01 -1.400325E-04  1.393575E-04
  2.055221E+01 -1.221287E-04  1.215377E-04
  2.080500E+01 -1.063240E-04  1.058074E-04
  2.106090E+01 -9.239746E-05  9.194668E-05
  2.131995E+01 -8.014823E-05  7.975562E-05
  2.158218E+01 -6.939421E-05  6.905287E-05
  2.184764E+01 -5.997052E-05  5.967432E-05
  2.211637E+01 -5.172822E-05  5.147167E-05
  2.238840E+01 -4.453303E-05  4.431123E-05
  2.266378E+01 -3.826409E-05  3.807271E-05
  2.294254E+01 -3.281289E-05  3.264808E-05
  2.322474E+01 -2.808219E-05  2.794053E-05
  2.351040E+01 -2.398502E-05  2.386350E-05
  2.379958E+01 -2.044376E-05  2.033973E-05
  2.409231E+01 -1.738930E-05  1.730043E-05
  2.438865E+01 -1.476022E-05  1.468445E-05
  2.468863E+01 -1.250206E-05  1.243760E-05
  2.499230E+01 -1.056664E-05  1.051191E-05
  2.529971E+01 -8.911429E-06  8.865067E-06
  2.561089E+01 -7.498962E-06  7.459771E-06
  2.592591E+01 -6.296313E-06  6.263257E-06
  2.624479E+01 -5.274617E-06  5.246798E-06
  2.656761E+01 -4.408621E-06  4.385261E-06
  2.689439E+01 -3.676288E-06  3.656718E-06
  2.722519E+01 -3.058432E-06  3.042073E-06
  2.756006E+01 -2.538387E-06  2.524746E-06
  2.789905E+01 -2.101715E-06  2.090367E-06
  2.824220E+01 -1.735938E-06  1.726519E-06
  2.858958E+01 -1.430294E-06  1.422496E-06
  2.894124E+01 -1.175532E-06  1.169092E-06
  2.929721E+01 -9.637128E-07  9.584074E-07
  2.965757E+01 -7.880463E-07  7.836865E-07
  3.002236E+01 -6.427364E-07  6.391628E-07
  3.039163E+01 -5.228500E-07  5.199285E-07
  3.076545E+01 -4.241998E-07  4.218175E-07
  3.114386E+01 -3.432405E-07  3.413031E-07
  3.152693E+01 -2.769790E-07  2.754077E-07
  3.191471E+01 -2.228954E-07  2.216244E-07
  3.230727E+01 -1.788736E-07  1.778483E-07
  3.270465E+01 -1.431421E-07  1.423173E-07
  3.310691E+01 -1.142219E-07  1.135603E-07
  3.351413E+01 -9.088175E-08  9.035260E-08
  3.392635E+01 -7.209980E-08  7.167778E-08
  3.434365E+01 -5.703031E-08  5.669471E-08
  3.476607E+01 -4.497547E-08  4.470939E-08
  3.519369E+01 -3.536127E-08  3.515094E-08
  3.562658E+01 -2.771699E-08  2.755123E-08
  3.606478E+01 -2.165776E-08  2.152753E-08
  3.650838E+01 -1.686995E-08  1.676795E-08
  3.695743E+01 -1.309875E-08  1.301911E-08
  3.741201E+01 -1.013782E-08  1.007584E-08
  3.787218E+01 -7.820615E-09  7.772531E-09
  3.833801E+01 -6.013133E-09  5.975953E-09
  3.880956E+01 -4.607939E-09  4.579286E-09
  3.928692E+01 -3.519174E-09  3.497166E-09
  3.977015E+01 -2.678457E-09  2.661610E-09
  4.025932E+01 -2.031514E-09  2.018662E-09
  4.075451E+01 -1.535423E-09  1.525652E-09
  4.125579E+01 -1.156351E-09  1.148950E-09
  4.176324E+01 -8.677338E-10  8.621472E-10
  4.227693E+01 -6.487817E-10  6.445799E-10
  4.279693E+01 -4.832885E-10  4.801398E-10
  4.332334E+01 -3.586660E-10  3.563153E-10
  4.385621E+01 -2.651734E-10  2.634249E-10
  4.439564E+01 -1.953013E-10  1.940058E-10
  4.494171E+01 -1.432832E-10  1.423269E-10
  4.549449E+01 -1.047080E-10  1.040048E-10
  4.605408E+01 -7.621439E-11  7.569943E-11
  4.662054E+01 -5.525174E-11  5.487610E-11
  4.719397E+01 -3.989192E-11  3.961901E-11
  4.777446E+01 -2.868349E-11  2.848603E-11
  4.836209E+01 -2.053832E-11  2.039604E-11
  4.895694E+01 -1.464406E-11  1.454197E-11
  4.955911E+01 -1.039678E-11  1.032383E-11
  5.016869E+01 -7.349432E-12  7.297536E-12
  5.078576E+01 -5.172533E-12  5.135773E-12
  5.141043E+01 -3.624296E-12  3.598371E-12
  5.204277E+01 -2.528081E-12  2.509879E-12
  5.268290E+01 -1.755420E-12  1.742699E-12
  5.333090E+01 -1.213304E-12  1.204453E-12
  5.398687E+01 -8.347019E-13  8.285725E-13
  5.465091E+01 -5.715336E-13  5.673087E-13
  5.532311E+01 -3.894709E-13  3.865726E-13
  5.600359E+01 -2.641226E-13  2.621438E-13
  5.669243E+01 -1.782409E-13  1.768964E-13
  5.738975E+01 -1.196889E-13  1.187799E-13
  5.809564E+01 -7.996836E-14  7.935691E-14
  5.881022E+01 -5.315862E-14  5.274936E-14
  5.953359E+01 -3.515546E-14  3.488293E-14
  6.026585E+01 -2.312851E-14  2.294797E-14
  6.100712E+01 -1.513598E-14  1.501700E-14
  6.175751E+01 -9.852646E-15  9.774655E-15
  6.251712E+01 -6.378912E-15  6.328062E-15
  6.328608E+01 -4.107374E-15  4.074399E-15
  6.406450E+01 -2.630136E-15  2.608870E-15
  6.485250E+01 -1.674849E-15  1.661209E-15
  6.565018E+01  0.000000E+00  0.000000E+00
  6.645768E+01  0.000000E+00  0.000000E+00
  6.727511E+01  0.000000E+00  0.000000E+00
  6.810259E+01  0.000000E+00  0.000000E+00
  6.894026E+01  0.000000E+00  0.000000E+00
  6.978822E+01  0.000000E+00  0.000000E+00
  7.064662E+01  0.000000E+00  0.000000E+00
  7.151557E+01  0.000000E+00  0.000000E+00
  7.239521E+01  0.000000E+00  0.000000E+00
  7.328567E+01  0.000000E+00  0.000000E+00
  7.418709E+01  0.000000E+00  0.000000E+00
  7.509959E+01  0.000000E+00  0.000000E+00
  7.602331E+01  0.000000E+00  0.000000E+00
  7.695840E+01  0.000000E+00  0.000000E+00
  7.790499E+01  0.000000E+00  0.000000E+00
  7.886322E+01  0.000000E+00  0.000000E+00
  7.983324E+01  0.000000E+00  0.000000E+00
