  2.232142857142900E-004  0.748185823994262     
  2.259598214285700E-004  0.748185851176836     
  2.287391272321400E-004  0.748185879032215     
  2.315526184971000E-004  0.748185907577051     
  2.344007157046100E-004  0.748185937162263     
  2.372838445077800E-004  0.748185968473406     
  2.402024357952200E-004  0.748186001367175     
  2.431569257555100E-004  0.748186035906722     
  2.461477559423000E-004  0.748186072122992     
  2.491753733403900E-004  0.748186110047395     
  2.522402304324800E-004  0.748186149712340     
  2.553427852668000E-004  0.748186191151201     
  2.584835015255800E-004  0.748186234398253     
  2.616628485943400E-004  0.748186279488747     
  2.648813016320500E-004  0.748186326458876     
  2.681393416421300E-004  0.748186375345874     
  2.714374555443200E-004  0.748186426188133     
  2.747761362475200E-004  0.748186479024841     
  2.781558827233600E-004  0.748186533896544     
  2.815772000808600E-004  0.748186590844684     
  2.850405996418600E-004  0.748186649911951     
  2.885465990174500E-004  0.748186711142245     
  2.920957221853700E-004  0.748186774580476     
  2.956884995682500E-004  0.748186840272962     
  2.993254681129300E-004  0.748186908267207     
  3.030071713707200E-004  0.748186978611871     
  3.067341595785800E-004  0.748187051357078     
  3.105069897414000E-004  0.748187126554212     
  3.143262257152200E-004  0.748187204256076     
  3.181924382915200E-004  0.748187284516827     
  3.221062052825000E-004  0.748187367392126     
  3.260681116074800E-004  0.748187452938967     
  3.300787493802500E-004  0.748187541216024     
  3.341387179976300E-004  0.748187632283373     
  3.382486242290000E-004  0.748187726202764     
  3.424090823070100E-004  0.748187823037534     
  3.466207140193900E-004  0.748187922852595     
  3.508841488018300E-004  0.748188025714683     
  3.552000238320900E-004  0.748188131692221     
  3.595689841252300E-004  0.748188240855355     
  3.639916826299700E-004  0.748188353276157     
  3.684687803263100E-004  0.748188469028522     
  3.730009463243300E-004  0.748188588188148     
  3.775888579641200E-004  0.748188710832871     
  3.822332009170800E-004  0.748188837042421     
  3.869346692883600E-004  0.748188966898617     
  3.916939657206000E-004  0.748189100485390     
  3.965118014989700E-004  0.748189237888733     
  4.013888966574000E-004  0.748189379197023     
  4.063259800862900E-004  0.748189524500701     
  4.113237896413500E-004  0.748189673892678     
  4.163830722539400E-004  0.748189827468150     
  4.215045840426600E-004  0.748189985324795     
  4.266890904263900E-004  0.748190147562707     
  4.319373662386300E-004  0.748190314284646     
  4.372501958433700E-004  0.748190485595846     
  4.426283732522400E-004  0.748190661604352     
  4.480727022432400E-004  0.748190842420851     
  4.535839964808400E-004  0.748191028158845     
  4.591630796375500E-004  0.748191218934816     
  4.648107855170900E-004  0.748191414868073     
  4.705279581789500E-004  0.748191616080992     
  4.763154520645500E-004  0.748191822699054     
  4.821741321249500E-004  0.748192034850871     
  4.881048739500800E-004  0.748192252668395     
  4.941085638996700E-004  0.748192476286765     
  5.001860992356400E-004  0.748192705844639     
  5.063383882562300E-004  0.748192941484169     
  5.125663504317900E-004  0.748193183350962     
  5.188709165421000E-004  0.748193431594457     
  5.252530288155600E-004  0.748193686367761     
  5.317136410700000E-004  0.748193947827773     
  5.382537188551600E-004  0.748194216135476     
  5.448742395970700E-004  0.748194491455810     
  5.515761927441199E-004  0.748194773957804     
  5.583605799148700E-004  0.748195063814849     
  5.652284150478200E-004  0.748195361204599     
  5.721807245529100E-004  0.748195666309168     
  5.792185474649100E-004  0.748195979315264     
  5.863429355987300E-004  0.748196300414240     
  5.935549537066000E-004  0.748196629802248     
  6.008556796371900E-004  0.748196967680374     
  6.082462044967200E-004  0.748197314254713     
  6.157276328120300E-004  0.748197669736471     
  6.233010826956200E-004  0.748198034342188     
  6.309676860127800E-004  0.748198408293798     
  6.387285885507400E-004  0.748198791818787     
  6.465849501899100E-004  0.748199185150325     
  6.545379450772500E-004  0.748199588527356     
  6.625887618017000E-004  0.748200002194851     
  6.707386035718600E-004  0.748200426403855     
  6.789886883957900E-004  0.748200861411690     
  6.873402492630600E-004  0.748201307482067     
  6.957945343289900E-004  0.748201764885324     
  7.043528071012400E-004  0.748202233898469     
  7.130163466285900E-004  0.748202714805468     
  7.217864476921200E-004  0.748203207897361     
  7.306644209987300E-004  0.748203713472409     
  7.396515933770100E-004  0.748204231836312     
  7.487493079755500E-004  0.748204763302367     
  7.579589244636500E-004  0.748205308191704     
  7.672818192345500E-004  0.748205866833432     
  7.767193856111400E-004  0.748206439564826     
  7.862730340541600E-004  0.748207026731592     
  7.959441923730200E-004  0.748207628688033     
  8.057343059392100E-004  0.748208245797221     
  8.156448379022600E-004  0.748208878431311     
  8.256772694084600E-004  0.748209526971676     
  8.358330998221799E-004  0.748210191809209     
  8.461138469500001E-004  0.748210873344465     
  8.565210472674800E-004  0.748211571988037     
  8.670562561488700E-004  0.748212288160649     
  8.777210480995000E-004  0.748213022293521     
  8.885170169911300E-004  0.748213774828568     
  8.994457763001200E-004  0.748214546218722     
  9.105089593486100E-004  0.748215336928138     
  9.217082195486000E-004  0.748216147432502     
  9.330452306490500E-004  0.748216978219334     
  9.445216869860301E-004  0.748217829788267     
  9.561393037359601E-004  0.748218702651317     
  9.678998171719100E-004  0.748219597333251     
  9.798049849231200E-004  0.748220514371850     
  9.918565862376801E-004  0.748221454318235     
  1.004056422248400E-003  0.748222417737263     
  1.016406316242100E-003  0.748223405207700     
  1.028908113931800E-003  0.748224417323022     
  1.041563683733200E-003  0.748225454690837     
  1.054374917043100E-003  0.748226517934442     
  1.067343728522700E-003  0.748227607692292     
  1.080472056383600E-003  0.748228724618599     
  1.093761862677100E-003  0.748229869384240     
  1.107215133588000E-003  0.748231042676370     
  1.120833879731200E-003  0.748232245199169     
  1.134620136451800E-003  0.748233477674785     
  1.148575964130200E-003  0.748234740842549     
  1.162703448489000E-003  0.748236035460784     
  1.177004700905400E-003  0.748237362306350     
  1.191481858726600E-003  0.748238722175320     
  1.206137085588900E-003  0.748240115883865     
  1.220972571741600E-003  0.748241544268068     
  1.235990534374100E-003  0.748243008184729     
  1.251193217946900E-003  0.748244508512318     
  1.266582894527600E-003  0.748246046150818     
  1.282161864130300E-003  0.748247622022470     
  1.297932455059100E-003  0.748249237072615     
  1.313897024256300E-003  0.748250892269982     
  1.330057957654700E-003  0.748252588607225     
  1.346417670533800E-003  0.748254327101943     
  1.362978607881400E-003  0.748256108796588     
  1.379743244758300E-003  0.748257934759878     
  1.396714086668900E-003  0.748259806086670     
  1.413893669934900E-003  0.748261723899440     
  1.431284562075100E-003  0.748263689348153     
  1.448889362188600E-003  0.748265703611518     
  1.466710701343500E-003  0.748267767897420     
  1.484751242970100E-003  0.748269883443665     
  1.503013683258600E-003  0.748272051519089     
  1.521500751562700E-003  0.748274273423661     
  1.540215210806900E-003  0.748276550489878     
  1.559159857899800E-003  0.748278884083191     
  1.578337524152000E-003  0.748281275602937     
  1.597751075699100E-003  0.748283726483312     
  1.617403413930200E-003  0.748286238194094     
  1.637297475921500E-003  0.748288812241545     
  1.657436234875300E-003  0.748291450169274     
  1.677822700564300E-003  0.748294153559221     
  1.698459919781200E-003  0.748296924032797     
  1.719350976794500E-003  0.748299763251462     
  1.740498993809100E-003  0.748302672918035     
  1.761907131433000E-003  0.748305654777656     
  1.783578589149600E-003  0.748308710618879     
  1.805516605796100E-003  0.748311842274563     
  1.827724460047400E-003  0.748315051623103     
  1.850205470906000E-003  0.748318340589653     
  1.872962998198200E-003  0.748321711147146     
  1.896000443076000E-003  0.748325165317675     
  1.919321248525800E-003  0.748328705173398     
  1.942928899882700E-003  0.748332332838007     
  1.966826925351300E-003  0.748336050488076     
  1.991018896533100E-003  0.748339860354292     
  2.015508428960400E-003  0.748343764722723     
  2.040299182636600E-003  0.748347765936230     
  2.065394862583100E-003  0.748351866395969     
  2.090799219392800E-003  0.748356068562990     
  2.116516049791400E-003  0.748360374959180     
  2.142549197203800E-003  0.748364788169529     
  2.168902552329400E-003  0.748369310843058     
  2.195580053723100E-003  0.748373945694759     
  2.222585688383900E-003  0.748378695507259     
  2.249923492351000E-003  0.748383563132341     
  2.277597551306900E-003  0.748388551492740     
  2.305612001188000E-003  0.748393663583931     
  2.333971028802600E-003  0.748398902476019     
  2.362678872456900E-003  0.748404271315430     
  2.391739822588100E-003  0.748409773327034     
  2.421158222405900E-003  0.748415411815913     
  2.450938468541500E-003  0.748421190169441     
  2.481085011704600E-003  0.748427111859398     
  2.511602357348500E-003  0.748433180444115     
  2.542495066343900E-003  0.748439399570372     
  2.573767755659900E-003  0.748445772975995     
  2.605425099054600E-003  0.748452304491788     
  2.637471827772900E-003  0.748458998044271     
  2.669912731254500E-003  0.748465857657554     
  2.702752657849000E-003  0.748472887456189     
  2.735996515540500E-003  0.748480091667677     
  2.769649272681700E-003  0.748487474624719     
  2.803715958735700E-003  0.748495040768269     
  2.838201665028100E-003  0.748502794649996     
  2.873111545507900E-003  0.748510740935087     
  2.908450817517700E-003  0.748518884405123     
  2.944224762573200E-003  0.748527229961137     
  2.980438727152800E-003  0.748535782626468     
  3.017098123496800E-003  0.748544547549762     
  3.054208430415800E-003  0.748553530008361     
  3.091775194109900E-003  0.748562735411346     
  3.129804028997500E-003  0.748572169302901     
  3.168300618554100E-003  0.748581837365848     
  3.207270716162400E-003  0.748591745424808     
  3.246720145971100E-003  0.748601899450274     
  3.286654803766600E-003  0.748612305561684     
  3.327080657852900E-003  0.748622970031762     
  3.368003749944500E-003  0.748633899289945     
  3.409430196068800E-003  0.748645099926591     
  3.451366187480500E-003  0.748656578696880     
  3.493817991586500E-003  0.748668342525154     
  3.536791952883000E-003  0.748680398508997     
  3.580294493903500E-003  0.748692753923698     
  3.624332116178500E-003  0.748705416226812     
  3.668911401207500E-003  0.748718393062626     
  3.714039011442300E-003  0.748731692267008     
  3.759721691283100E-003  0.748745321872104     
  3.805966268085800E-003  0.748759290111567     
  3.852779653183300E-003  0.748773605425286     
  3.900168842917500E-003  0.748788276464971     
  3.948140919685300E-003  0.748803312099362     
  3.996703052997500E-003  0.748818721419575     
  4.045862500549300E-003  0.748834513745115     
  4.095626609306100E-003  0.748850698629247     
  4.146002816600600E-003  0.748867285865270     
  4.196998651244700E-003  0.748884285492465     
  4.248621734655100E-003  0.748901707802203     
  4.300879781991300E-003  0.748919563344711     
  4.353780603309800E-003  0.748937862935246     
  4.407332104730500E-003  0.748956617661119     
  4.461542289618700E-003  0.748975838888469     
  4.516419259781000E-003  0.748995538269435     
  4.571971216676300E-003  0.749015727749368     
  4.628206462641400E-003  0.749036419574344     
  4.685133402131900E-003  0.749057626298786     
  4.742760542978100E-003  0.749079360793372     
  4.801096497656800E-003  0.749101636253001     
  4.860149984578000E-003  0.749124466205199     
  4.919929829388300E-003  0.749147864518476     
  4.980444966289700E-003  0.749171845411078     
  5.041704439375100E-003  0.749196423459841     
  5.103717403979400E-003  0.749221613609507     
  5.166493128048400E-003  0.749247431181932     
  5.230040993523400E-003  0.749273891885867     
  5.294370497743700E-003  0.749301011826740     
  5.359491254865900E-003  0.749328807516822     
  5.425412997300800E-003  0.749357295885608     
  5.492145577167600E-003  0.749386494290583     
  5.559698967766800E-003  0.749416420528022     
  5.628083265070300E-003  0.749447092844336     
  5.697308689230700E-003  0.749478529947468     
  5.767385586108200E-003  0.749510751018843     
  5.838324428817300E-003  0.749543775725349     
  5.910135819291800E-003  0.749577624231828     
  5.982830489869100E-003  0.749612317213863     
  6.056419304894500E-003  0.749647875870772     
  6.130913262344700E-003  0.749684321939064     
  6.206323495471500E-003  0.749721677706186     
  6.282661274465800E-003  0.749759966024604     
  6.359938008141700E-003  0.749799210326331     
  6.438165245641900E-003  0.749839434637684     
  6.517354678163300E-003  0.749880663594611     
  6.597518140704700E-003  0.749922922458195     
  6.678667613835300E-003  0.749966237130720     
  6.760815225485500E-003  0.750010634172026     
  6.843973252759000E-003  0.750056140816432     
  6.928154123767900E-003  0.750102784989944     
  7.013370419490300E-003  0.750150595327906     
  7.099634875650000E-003  0.750199601193266     
  7.186960384620500E-003  0.750249832695048     
  7.275359997351300E-003  0.750301320707536     
  7.364846925318700E-003  0.750354096889761     
  7.455434542500200E-003  0.750408193705570     
  7.547136387372900E-003  0.750463644444256     
  7.639966164937600E-003  0.750520483241473     
  7.733937748766300E-003  0.750578745100987     
  7.829065183076200E-003  0.750638465916693     
  7.925362684828000E-003  0.750699682495436     
  8.022844645851400E-003  0.750762432580119     
  8.121525634995399E-003  0.750826754873646     
  8.221420400305801E-003  0.750892689063314     
  8.322543871229601E-003  0.750960275845794     
  8.424911160845700E-003  0.751029556952865     
  8.528537568124101E-003  0.751100575177602     
  8.633438580212000E-003  0.751173374401357     
  8.739629874748600E-003  0.751247999621303     
  8.847127322208000E-003  0.751324496978711     
  8.955946988271200E-003  0.751402913787873     
  9.066105136226899E-003  0.751483298565792     
  9.177618229402501E-003  0.751565701062466     
  9.290502933624200E-003  0.751650172292062     
  9.404776119707700E-003  0.751736764564764     
  9.520454865980100E-003  0.751825531519303     
  9.637556460831699E-003  0.751916528156453     
  9.756098405299901E-003  0.752009810873210     
  9.876098415685101E-003  0.752105437497752     
  9.997574426197999E-003  0.752203467325355     
  1.012054459164000E-002  0.752303961155081     
  1.024502729011700E-002  0.752406981327267     
  1.037104112578600E-002  0.752512591761999     
  1.049860493163300E-002  0.752620857998843     
  1.062773777229200E-002  0.752731847236506     
  1.075845894689100E-002  0.752845628374549     
  1.089078799193800E-002  0.752962272055363     
  1.102474468423900E-002  0.753081850707609     
  1.116034904385500E-002  0.753204438590249     
  1.129762133709400E-002  0.753330111837799     
  1.143658207954100E-002  0.753458948506479     
  1.157725203911900E-002  0.753591028622271     
  1.171965223920000E-002  0.753726434228450     
  1.186380396174200E-002  0.753865249435863     
  1.200972875047200E-002  0.754007560473391     
  1.215744841410300E-002  0.754153455740247     
  1.230698502959600E-002  0.754303025858809     
  1.245836094546000E-002  0.754456363728961     
  1.261159878508900E-002  0.754613564584134     
  1.276672145014600E-002  0.754774726047925     
  1.292375212398300E-002  0.754939948192729     
  1.308271427510800E-002  0.755109333599143     
  1.324363166069200E-002  0.755282987417086     
  1.340652833011800E-002  0.755461017428488     
  1.357142862857800E-002  0.755643534110955     
  1.373835720071000E-002  0.755830650703430     
  1.390733899427900E-002  0.756022483273486     
  1.407839926390800E-002  0.756219150785690     
  1.425156357485400E-002  0.756420775171725     
  1.442685780682500E-002  0.756627481402781     
  1.460430815784900E-002  0.756839397563136     
  1.478394114819100E-002  0.757056654925492     
  1.496578362431300E-002  0.757279388028694     
  1.514986276289200E-002  0.757507734756389     
  1.533620607487600E-002  0.757741836418810     
  1.552484140959700E-002  0.757981837835851     
  1.571579695893500E-002  0.758227887422191     
  1.590910126153000E-002  0.758480137274887     
  1.610478320704700E-002  0.758738743263065     
  1.630287204049300E-002  0.759003865119941     
  1.650339736659200E-002  0.759275666536767     
  1.670638915420100E-002  0.759554315260401     
  1.691187774079700E-002  0.759839983191875     
  1.711989383700900E-002  0.760132846488521     
  1.733046853120400E-002  0.760433085668962     
  1.754363329413800E-002  0.760740885720129     
  1.775941998365600E-002  0.761056436207925     
  1.797786084945500E-002  0.761379931390433     
  1.819898853790300E-002  0.761711570334468     
  1.842283609691900E-002  0.762051557035215     
  1.864943698091200E-002  0.762400100539296     
  1.887882505577700E-002  0.762757415071616     
  1.911103460396300E-002  0.763123720164941     
  1.934610032959200E-002  0.763499240794130     
  1.958405736364600E-002  0.763884207513824     
  1.982494126921800E-002  0.764278856600123     
  2.006878804683000E-002  0.764683430196252     
  2.031563413980600E-002  0.765098176463323     
  2.056551643972500E-002  0.765523349734513     
  2.081847229193400E-002  0.765959210674420     
  2.107453950112500E-002  0.766406026443505     
  2.133375633698900E-002  0.766864070866904     
  2.159616153993400E-002  0.767333624608817     
  2.186179432687500E-002  0.767814975352135     
  2.213069439709500E-002  0.768308417983649     
  2.240290193818000E-002  0.768814254784880     
  2.267845763201900E-002  0.769332795629440     
  2.295740266089300E-002  0.769864358185539     
  2.323977871362200E-002  0.770409268126057     
  2.352562799180000E-002  0.770967859344426     
  2.381499321609900E-002  0.771540474177913     
  2.410791763265700E-002  0.772127463637601     
  2.440444501953800E-002  0.772729187646195     
  2.470461969327900E-002  0.773346015282993     
  2.500848651550600E-002  0.773978325037493     
  2.531609089964700E-002  0.774626505070232     
  2.562747881771200E-002  0.775290953483075     
  2.594269680717000E-002  0.775972078597452     
  2.626179197789800E-002  0.776670299242445     
  2.658481201922700E-002  0.777386045051601     
  2.691180520706300E-002  0.778119756770150     
  2.724282041111000E-002  0.778871886571465     
  2.757790710216700E-002  0.779642898384797     
  2.791711535952300E-002  0.780433268233299     
  2.826049587844500E-002  0.781243484583102     
  2.860809997775000E-002  0.782074048704366     
  2.895997960747700E-002  0.782925475043880     
  2.931618735664900E-002  0.783798291610240     
  2.967677646113500E-002  0.784693040371543     
  3.004180081160700E-002  0.785610277666395     
  3.041131496159000E-002  0.786550574628816     
  3.078537413561800E-002  0.787514517626927     
  3.116403423748600E-002  0.788502708716488     
  3.154735185860700E-002  0.789515766109378     
  3.193538428646800E-002  0.790554324657958     
  3.232818951319100E-002  0.791619036355572     
  3.272582624420400E-002  0.792710570853620     
  3.312835390700700E-002  0.793829615996577     
  3.353583266006300E-002  0.794976878374176     
  3.394832340178200E-002  0.796153083893027     
  3.436588777962400E-002  0.797358978367138     
  3.478858819931300E-002  0.798595328128503     
  3.521648783416500E-002  0.799862920658392     
  3.564965063452500E-002  0.801162565240412     
  3.608814133733000E-002  0.802495093635407     
  3.653202547577900E-002  0.803861360779955     
  3.698136938913100E-002  0.805262245508448     
  3.743624023261700E-002  0.806698651300337     
  3.789670598747900E-002  0.808171507052988     
  3.836283547112500E-002  0.809681767881663     
  3.883469834741900E-002  0.811230415946904     
  3.931236513709300E-002  0.812818461311035     
  3.979590722827900E-002  0.814446942825017     
  4.028539688718700E-002  0.816116929045843     
  4.078090726889900E-002  0.817829519186996     
  4.128251242830700E-002  0.819585844102173     
  4.179028733117500E-002  0.821387067304506     
  4.230430786534800E-002  0.823234386021822     
  4.282465085209200E-002  0.825129032290133     
  4.335139405757300E-002  0.827072274086631     
  4.388461620448100E-002  0.829065416503659     
  4.442439698379600E-002  0.831109802965522     
  4.497081706669700E-002  0.833206816489946     
  4.552395811661700E-002  0.835357880995992     
  4.608390280145200E-002  0.837564462660141     
  4.665073480590900E-002  0.839828071323227     
  4.722453884402200E-002  0.842150261949342     
  4.780540067180400E-002  0.844532636140194     
  4.839340710006700E-002  0.846976843706186     
  4.898864600739800E-002  0.849484584297177     
  4.959120635328900E-002  0.852057609095643     
  5.020117819143400E-002  0.854697722574568     
  5.081865268318900E-002  0.857406784323108     
  5.144372211119200E-002  0.860186710943195     
  5.207647989315900E-002  0.863039478019710     
  5.271702059584500E-002  0.865967122167978     
  5.336543994917400E-002  0.868971743161940     
  5.402183486054900E-002  0.872055506146330     
  5.468630342933400E-002  0.875220643936991     
  5.535894496151500E-002  0.878469459413146     
  5.603985998454100E-002  0.881804328005841     
  5.672915026235100E-002  0.885227700286837     
  5.742691881057800E-002  0.888742104662916     
  5.813326991194800E-002  0.892350150179928     
  5.884830913186500E-002  0.896054529442049     
  5.957214333418700E-002  0.899858021651473     
  6.030488069719800E-002  0.903763495774096     
  6.104663072977300E-002  0.907773913837223     
  6.179750428774900E-002  0.911892334365199     
  6.255761359048900E-002  0.916121915959918     
  6.332707223765199E-002  0.920465921032744     
  6.410599522617499E-002  0.924927719694934     
  6.489449896745700E-002  0.929510793814490     
  6.569270130475600E-002  0.934218741247142     
  6.650072153080500E-002  0.939055280249728     
  6.731868040563400E-002  0.944024254085199     
  6.814670017462300E-002  0.949129635827883     
  6.898490458677101E-002  0.954375533379190     
  6.983341891318801E-002  0.959766194703931     
  7.069236996582000E-002  0.965306013297759     
  7.156188611640001E-002  0.970999533897360     
  7.244209731563200E-002  0.976851458445204     
  7.333313511261400E-002  0.982866652321294     
  7.423513267449899E-002  0.989050150855260     
  7.514822480639601E-002  0.995407166132695     
  7.607254797151400E-002   1.00194309411039     
  7.700824031156400E-002   1.00866352205558     
  7.795544166739600E-002   1.01557423632603     
  7.891429359990500E-002   1.02268123050743     
  7.988493941118401E-002   1.02999071392651     
  8.086752416594099E-002   1.03750912055874     
  8.186219471318200E-002   1.04524311835036     
  8.286909970815499E-002   1.05319961897628     
  8.388838963456501E-002   1.06138578805562     
  8.492021682707000E-002   1.06980905584818     
  8.596473549404300E-002   1.07847712845698     
  8.702210174062000E-002   1.08739799956232     
  8.809247359202900E-002   1.09657996271494     
  8.917601101721100E-002   1.10603162421696     
  9.027287595272300E-002   1.11576191662123     
  9.138323232694200E-002   1.12578011288088     
  9.250724608456300E-002   1.13609584118294     
  9.364508521140300E-002   1.14671910050146     
  9.479691975950300E-002   1.15766027690802     
  9.596292187254500E-002   1.16893016067874     
  9.714326581157701E-002   1.18053996423976     
  9.833812798105999E-002   1.19250134099507     
  9.954768695522700E-002   1.20482640508303     
  0.100772123504780        1.21752775211033     
  0.102011620623880        1.23061848091565     
  0.103266363557560        1.24411221641461     
  0.104536539829320        1.25802313358894     
  0.105822339269220        1.27236598267279     
  0.107123954042230        1.28715611560560     
  0.108441578676950        1.30240951381595     
  0.109775410094670        1.31814281740788     
  0.111125647638840        1.33437335582238     
  0.112492493104800        1.35111918005637     
  0.113876150769990        1.36839909651630     
  0.115276827424460        1.38623270259808     
  0.116694732401780        1.40464042408242     
  0.118130077610320        1.42364355444307     
  0.119583077564930        1.44326429616865     
  0.121053949418970        1.46352580420653     
  0.122542912996830        1.48445223163767     
  0.124050190826690        1.50606877770700     
  0.125576008173860        1.52840173832560     
  0.127120593074400        1.55147855918270     
  0.128684176369210        1.57532789160044     
  0.130266991738550        1.59997965127685     
  0.131869275736940        1.62546508006972     
  0.133491267828500        1.65181681097921     
  0.135133210422790        1.67906893649443     
  0.136795348910990        1.70725708048302     
  0.138477931702600        1.73641847380240     
  0.140181210262540        1.76659203382770     
  0.141905439148770        1.79781844809399     
  0.143650876050300        1.83014026226589     
  0.145417781825720        1.86360197265052     
  0.147206420542170        1.89825012348440     
  0.149017059514840        1.93413340923044     
  0.150849969346870        1.97130278213644     
  0.152705423969840        2.00981156530848     
  0.154583700684670        2.04971557157166     
  0.156485080203090        2.09107322839226     
  0.158409846689590        2.13394570915125     
  0.160358287803870        2.17839707106620     
  0.162330694743860        2.22449440006637     
  0.164327362289210        2.27230796293946     
  0.166348588845370        2.32191136707089     
  0.168394676488160        2.37338172811003     
  0.170465931008970        2.42679984589838     
  0.172562661960380        2.48225038900982     
  0.174685182702490        2.53982208824383     
  0.176833810449730        2.59960793942988     
  0.179008866318260        2.66170541589283     
  0.181210675373980        2.72621669093049     
  0.183439566681080        2.79324887065339     
  0.185695873351250        2.86291423752460     
  0.187979932593480        2.93533050493279     
  0.190292085764370        3.01062108311812     
  0.192632678419280        3.08891535673896     
  0.195002060363830        3.17034897436890     
  0.197400585706310        3.25506415015067     
  0.199828612910500        3.34320997783004     
  0.202286504849300        3.43494275731955     
  0.204774628858940        3.53042633390864     
  0.207293356793910        3.62983245016155     
  0.209843065082470        3.73334111047896     
  0.212424134782990        3.84114095819938     
  0.215036951640820        3.95342966503401     
  0.217681906146000        4.07041433249112     
  0.220359393591600        4.19231190483005     
  0.223069814132770        4.31934959292153     
  0.225813572846600        4.45176530821482     
  0.228591079792620        4.58980810582387     
  0.231402750074070        4.73373863550861     
  0.234249003899980        4.88382959907645     
  0.237130266647950        5.04036621245022     
  0.240046968927720        5.20364667032013     
  0.242999546645530        5.37398261094350     
  0.245988441069270        5.55169957825618     
  0.249014098894420        5.73713747801665     
  0.252076972310820        5.93065102420976     
  0.255177519070250        6.13261017139623     
  0.258316202554810        6.34340052809503     
  0.261493491846230        6.56342374562076     
  0.264709861795940        6.79309787609248     
  0.267965793096030        7.03285769253003     
  0.271261772351110        7.28315496310468     
  0.274598292151030        7.54445867068762     
  0.277975851144490        7.81725516783765     
  0.281394954113570        8.10204825629580     
  0.284856112049160        8.39935917890982     
  0.288359842227370        8.70972651068542     
  0.291906668286760        9.03370593438308     
  0.295497120306690        9.37186988469548     
  0.299131734886460        9.72480704365973     
  0.302811055225570        10.0931216684521     
  0.306535631204840        10.4774327312417     
  0.310306019468660        10.8783728492167     
  0.314122783508130        11.2965869813953     
  0.317986493745280        11.7327308672895     
  0.321897727618340        12.1874691810346     
  0.325857069668050        12.6614733732067     
  0.329865111624970        13.1554191712798     
  0.333922452497950        13.6699837085477     
  0.338029698663680        14.2058422504540     
  0.342187463957240        14.7636644866420     
  0.346396369763920        15.3441103567075     
  0.350657045112010        15.9478253777806     
  0.354970126766890        16.5754354425887     
  0.359336259326120        17.2275410578357     
  0.363756095315830        17.9047109944608     
  0.368230295288220        18.6074753239043     
  0.372759527920260        19.3363178178367     
  0.377344470113680        20.0916676931070     
  0.381985807096080        20.8738906890354     
  0.386684232523360        21.6832794706387     
  0.391440448583400        22.5200433591612     
  0.396255166100980        23.3842974004076     
  0.401129104644020        24.2760507919576     
  0.406062992631140        25.1951947025049     
  0.411057567440500        26.1414895303619     
  0.416113575520020        27.1145516636549     
  0.421231772498920        28.1138398219917     
  0.426412923300650        29.1386410783593     
  0.431657802257250        30.1880566807277     
  0.436967193225010        31.2609878152216     
  0.442341889701680        32.3561214765457     
  0.447782694945010        33.4719166366138     
  0.453290422092840        34.6065909285147     
  0.458865894284580        35.7581080899391     
  0.464509944784280        36.9241664373125     
  0.470223417105130        38.1021886687777     
  0.476007165135520        39.2893133199575     
  0.481862053266690        40.4823882204233     
  0.487788956521870        41.6779663199361     
  0.493788760687080        42.8723042705273     
  0.499862362443540        44.0613641619908     
  0.506010669501590        45.2408188124236     
  0.512234600736460        46.4060610097231     
  0.518535086325520        47.5522170818349     
  0.524913067887320        48.6741651390334     
  0.531369498622340        49.7665582766874     
  0.537905343455390        50.8238529465062     
  0.544521579179890        51.8403425928677     
  0.551219194603810        52.8101965040691     
  0.557999190697430        53.7275036439382     
  0.564862580743010        54.5863210112136     
  0.571810390486150        55.3807258361145     
  0.578843658289130        56.1048706933874     
  0.585963435286090        56.7530404338203     
  0.593170785540110        57.3197097692938     
  0.600466786202250        57.7996004480545     
  0.607852527672540        58.1877372609424     
  0.615329113762910        58.4795026054027     
  0.622897661862190        58.6706899051956     
  0.630559303103100        58.7575566704925     
  0.638315182531260        58.7368781873947     
  0.646166459276400        58.6060025972603     
  0.654114306725500        58.3629074381444     
  0.662159912698220        58.0062567056396     
  0.670304479624410        57.5354564078318     
  0.678549224723790        56.9507057309826     
  0.686895380187890        56.2530405164614     
  0.695344193364200        55.4443658462322     
  0.703896926942580        54.5274750648754     
  0.712554859143980        53.5060533582514     
  0.721319283911450        52.3846648748344     
  0.730191511103560        51.1687231737086     
  0.739172866690130        49.8644454413450     
  0.748264692950420        48.4787914263303     
  0.757468348673710        47.0193884220329     
  0.766785209362400        45.4944439174955     
  0.776216667437560        43.9126477674836     
  0.785764132447040        42.2830659223917     
  0.795429031276140        40.6150279147073     
  0.805212808360830        38.9180104191190     
  0.815116925903670        37.2015192815386     
  0.825142864092290        35.4749724402252     
  0.835292121320620        33.7475861326044     
  0.845566214412870        32.0282666896590     
  0.855966678850140        30.3255100643912     
  0.866495069000000        28.6473110237933     
  0.877152958348700        27.0010836605739     
  0.887941939736390        25.3935945598350     
  0.898863625595150        23.8309095982131     
  0.909919648189970        22.3183549714159     
  0.921111659862700        20.8604926625682     
  0.932441333279020        19.4611101349111     
  0.943910361678350        18.1232237594450     
  0.955520459126990        16.8490950757617     
  0.967273360774250        15.6402585756596     
  0.979170823111780        14.4975598763867     
  0.991214624236050        13.4212024285896     
   1.00340656411420        12.4108011637149     
   1.01574846485280        11.4654412971290     
   1.02824217097040        10.5837405321838     
   1.04088954967340        9.76391297611413     
   1.05369249113440        9.00383319370749     
   1.06665290877530        8.30109898023724     
   1.07977273955330        7.65309162137687     
   1.09305394424980        7.05703261399396     
   1.10649850776400        6.51003603772431     
   1.12010843940950        6.00915598354703     
   1.13388577321430        5.55142865367043     
   1.14783256822480        5.13390894014380     
   1.16195090881400        4.75370146248797     
   1.17624290499240        4.40798619383553     
   1.19071069272380        4.09403892879903     
   1.20535643424430        3.80924694453677     
   1.22018231838550        3.55112028044781     
   1.23519056090160        3.31729911420748     
   1.25038340480070        3.10555774574685     
   1.26576312067980        2.91380571996819     
   1.28133200706410        2.74008662671254     
   1.29709239075100        2.58257511477781     
   1.31304662715730        2.43957264559710     
   1.32919710067130        2.30950248913690     
   1.34554622500960        2.19090442560851     
   1.36209644357720        2.08242955755609     
   1.37885022983320        1.98283555610852     
   1.39581008766010        1.89098256566494     
   1.41297855173830        1.80582988112441     
   1.43035818792470        1.72643340254483     
   1.44795159363620        1.65194377498790     
   1.46576139823790        1.58160504344882     
   1.48379026343620        1.51475359565207     
   1.50204088367650        1.45081712638386     
   1.52051598654570        1.38931333248315     
   1.53921833318020        1.32984803688993     
   1.55815071867840        1.27211244655833     
   1.57731597251810        1.21587927863267     
   1.59671695898010        1.16099754778115     
   1.61635657757550        1.10738589690304     
   1.63623776347970        1.05502446923471     
   1.65636348797050        1.00394545117518     
   1.67673675887250       0.954222545819121     
   1.69736062100670       0.905959749452801     
   1.71823815664510       0.859279881545392     
   1.73937248597180       0.814313353021164     
   1.76076676754920       0.771187641729726     
   1.78242419879010       0.730017925189382     
   1.80434801643520       0.690899102704592     
   1.82654149703740       0.653899564966473     
   1.84900795745090       0.619056742833853     
   1.87175075532760       0.586374473278511     
   1.89477328961810       0.555822124580037     
   1.91807900108040       0.527335378495108     
   1.94167137279370       0.500818556172111     
   1.96555393067910       0.476148390462511     
   1.98973024402640       0.453179172506587     
   2.01420392602790       0.431749207167076     
   2.03897863431810       0.411688467066863     
   2.06405807152020       0.392827209690957     
   2.08944598579990       0.375005099809539     
   2.11514617142520       0.358080063744715     
   2.14116246933380       0.341935670583965     
   2.16749876770660       0.326485460354788     
   2.19415900254940       0.311672426699130     
   2.22114715828070       0.297459687184420     
   2.24846726832760       0.283818159086410     
   2.27612341572800       0.270720562232143     
   2.30411973374150       0.258141943358468     
   2.33246040646650       0.246059347743166     
   2.36114966946600       0.234451537899603     
   2.39019181040040       0.223298854725357     
   2.41959116966840       0.212583065214196     
   2.44935214105530       0.202287225273525     
   2.47947917239030       0.192395553733414     
   2.50997676621070       0.182893316632809     
   2.54084948043510       0.173766721219436     
   2.57210192904440       0.165002818838242     
   2.60373878277170       0.156589416362547     
   2.63576476979980       0.148514995403359     
   2.66818467646830       0.140768638803080     
   2.70100334798890       0.133339963857917     
   2.73422568916910       0.126219061939956     
   2.76785666514590       0.119396443995679     
   2.80190130212720       0.112862991521427     
   2.83636468814340       0.106609912610252     
   2.87125197380750       0.100628702843561     
   2.90656837308530       9.491111055635927E-002
   2.94231916407430       8.944910619961119E-002
   2.97850968979240       8.423485562347684E-002
   3.01514535897690       7.926069686124551E-002
   3.05223164689230       7.451912026544573E-002
   3.08977409614900       7.000275174709908E-002
   3.12777831753170       6.570433886230288E-002
   3.16624999083730       6.161673955724227E-002
   3.20519486572460       5.773291338207153E-002
   3.24461876257300       5.404591492104171E-002
   3.28452757335270       5.054888922757852E-002
   3.32492726250490       4.723506913047336E-002
   3.36582386783370       4.409777424044098E-002
   3.40722350140810       4.113041138784432E-002
   3.44913235047540       3.832647630657747E-002
   3.49155667838630       3.567955644430899E-002
   3.53450282553040       3.318333471745830E-002
   3.57797721028440       3.083159393488775E-002
   3.62198632997090       2.861822180412293E-002
   3.66653676182960       2.653721636457910E-002
   3.71163516400010       2.458269160735948E-002
   3.75728827651730       2.274888322789086E-002
   3.80350292231840       2.103015433969508E-002
   3.85028600826290       1.942100099815003E-002
   3.89764452616460       1.791605748968158E-002
   3.94558555383640       1.651010123003054E-002
   3.99411625614860       1.519805721091053E-002
   4.04324388609920       1.397500198514992E-002
   4.09297578589820       1.283616704425847E-002
   4.14331938806480       1.177694161056551E-002
   4.19428221653800       1.079287483145263E-002
   4.24587188780140       9.879677332830400E-003
   4.29809611202140       9.033222120021599E-003
   4.35096269419920       8.249544886774034E-003
   4.40447953533790       7.524843715435679E-003
   4.45865463362250       6.855478211383214E-003
   4.51349608561610       6.237968074076043E-003
   4.56901208746920       5.668991185359876E-003
   4.62521093614500       5.145381234488887E-003
   4.68210103065960       4.664124922746744E-003
   4.73969087333670       4.222358796937287E-003
   4.79798907107880       3.817365755014794E-003
   4.85700433665300       3.446571285232293E-003
   4.91674548999390       3.107539455437257E-003
   4.97722145952080       2.797968719835231E-003
   5.03844128347290       2.515687574084928E-003
   5.10041411125960       2.258650086225810E-003
   5.16314920482810       2.024931351462190E-003
   5.22665594004750       1.812722897954340E-003
   5.29094380811010       1.620328067324190E-003
   5.35602241694980       1.446157392027034E-003
   5.42190149267830       1.288723998123969E-003
   5.48859088103830       1.146639044487872E-003
   5.55610054887500       1.018607215966017E-003
   5.62444058562620       9.034222827473441E-004
   5.69362120482940       7.999627353846817E-004
   5.76365274564880       7.071875077646857E-004
   5.83454567442030       6.241317910342321E-004
   5.90631058621570       5.499029454016721E-004
   5.97895820642610       4.836765187773943E-004
   6.05249939236520       4.246923719757378E-004
   6.12694513489120       3.722509171446889E-004
   6.20230656005040       3.257094720584113E-004
   6.27859493073900       2.844787322558291E-004
   6.35582164838710       2.480193658276980E-004
   6.43399825466230       2.158387328394600E-004
   6.51313643319460       1.874877295526505E-004
   6.59324801132290       1.625577613217828E-004
   6.67434496186220       1.406778452645949E-004
   6.75643940489310       1.215118436128825E-004
   6.83954360957330       1.047558281410660E-004
   6.92366999597100       9.013557584766291E-005
   7.00883113692150       7.740419638462528E-005
   7.09503975990560       6.633988986140029E-005
   7.18230874895240       5.674383374129468E-005
   7.27065114656460       4.843819679501928E-005
   7.36008015566730       4.126427805934404E-005
   7.45060914158200       3.508076804153894E-005
   7.54225163402350       2.976212870654769E-005
   7.63502132912200       2.519708860930811E-005
   7.72893209147020       2.128724919625762E-005
   7.82399795619520       1.794579790077500E-005
   7.92023313105640       1.509632319178638E-005
   8.01765199856840       1.267172699983979E-005
   8.11626911815080       1.061322937600927E-005
   8.21609922830410       8.869460349741773E-006
   8.31715724881220       7.395633826274966E-006
   8.41945828297260       6.152798290121984E-006
   8.52301761985320       5.107159267518016E-006
   8.62785073657740       4.229468509766676E-006
   8.73397330063730       3.494474935561923E-006
   8.84140117223510       2.880432577456092E-006
   8.95015040665360       2.368660915785459E-006
   9.06023725665540       1.943153218838608E-006
   9.17167817491230       1.590228653501043E-006
   9.28448981646370       1.298224207524646E-006
   9.39868904120620       1.057222689672678E-006
   9.51429291641310       8.588132743390361E-007
   9.63131871928490       6.958813392586256E-007
   9.74978393953210       5.624245590701883E-007
   9.86970628198840       4.533924522960851E-007
   9.99110366925690       3.645468077324409E-007
   10.1139942443890       2.923406411528817E-007
   10.2383963735950       2.338135344022221E-007
   10.3643286489900       1.865014103497429E-007
   10.4918098913720       1.483589906346986E-007
   10.6208591530360       1.176933538833083E-007
   10.7514957206190       9.310717586371070E-008
   10.8837391179820       7.345039274497055E-008
   11.0176091091340       5.777916122091867E-008
   11.1531257011760       4.532112204468465E-008
   11.2903091473000       3.544608927890933E-008
   11.4291799498120       2.764139580700483E-008
   11.5697588631950       2.149122007136177E-008
   11.7120668972120       1.665930537110977E-008
   11.8561253200480       1.287456153541080E-008
   12.0019556614840       9.919106138951336E-009
   12.1495797161210       7.618363957503519E-009
   12.2990195466290       5.832896965125107E-009
   12.4502974870520       4.451684530206935E-009
   12.6034361461430       3.386614656844460E-009
   12.7584584107410       2.567982797831569E-009
   12.9153874491930       1.940826492188958E-009
   13.0742467148180       1.461950586894280E-009
   13.2350599494100       1.097521188100659E-009
   13.3978511867880       8.211263316933858E-010
   13.5626447563850       6.122182199403167E-010
   13.7294652868890       4.548663706291721E-010
   13.8983377099180       3.367631530865716E-010
   14.0692872637500       2.484334424421852E-010
   14.2423394970940       1.826087718088686E-010
   14.4175202729080       1.337335511900317E-010
   14.5948557722650       9.757691754690579E-011
   14.7743724982640       7.092875461822313E-011
   14.9560972799920       5.136252685689417E-011
   15.1400572765360       3.705094176304202E-011
   15.3262799810380       2.662322655089328E-011
   15.5147932248040       1.905505321260903E-011
   15.7056251814700       1.358397534996627E-011
   15.8988043712020       9.644723128177547E-012
   16.0943596649670       6.819891259624602E-012
   16.2923202888460       4.802510275492142E-012
   16.4927158283990       3.367754299901815E-012
   16.6955762330890       2.351643735135226E-012
   16.9009318207560       1.635080691175576E-012
   17.1088132821510       1.131932664057415E-012
   17.3192516855210       7.801761002780008E-013
   17.5322784812530       5.353427718899067E-013
   17.7479255065730       3.656914413120452E-013
   17.9662249903030       2.486664444033379E-013
   18.1872095576840       1.683118777012885E-013
   18.4109122352440       1.133921158871457E-013
   18.6373664557370       7.603199909922183E-014
   18.8666060631430       5.073762716528283E-014
   19.0986653177190       3.369440399788623E-014
   19.3335789011270       2.226659626781264E-014
   19.5713819216110       1.464175562308442E-014
   19.8121099192470       9.579646920373394E-015
   20.0557988712540       6.235854735706686E-015
   20.3024851973700       4.038363376780167E-015
   20.5522057652980       2.601657734970615E-015
   20.8049978962110       1.667256410413992E-015
   21.0608993703340       1.062756717450857E-015
   21.3199484325900       6.737766611675547E-016
   21.5821837983100       4.248344945381678E-016
   21.8476446590300       2.663888175220325E-016
   22.1163706883360       1.661020382338749E-016
   22.3884020478020       1.029832670699789E-016
   22.6637793929900       6.348347764026945E-017
   22.9425438795240       3.890687304453575E-017
   23.2247371692420       2.370458597601835E-017
   23.5104014364240       1.435645847027311E-017
   23.7995793740920       8.642497088932319E-018
   24.0923142003930       5.171015380844757E-018
   24.3886496650580       3.074853079727221E-018
   24.6886300559380       1.816986684648019E-018
   24.9923002056260       1.066901753678804E-018
   25.2997054981550       6.224557481284944E-019
   25.6108918757830       3.608025041409391E-019
   25.9259058458550       2.077650674567095E-019
   26.2447944877590       1.188455328609584E-019
   26.5676054599580       6.752499266919614E-020
   26.8943870071160       3.810495791725369E-020
   27.2251879673030       2.135488044090644E-020
   27.5600577793010       1.188432518561010E-020
   27.8990464899870       6.567138595789695E-021
   28.2422047618130       3.602999434315547E-021
   28.5895838803840       1.962457121172350E-021
   28.9412357621120       1.061073004279998E-021
   29.2972129619860       5.694559232657886E-022
   29.6575686814190       3.033226837520189E-022
   30.0223567762000       1.603390332794153E-022
   30.3916317645480       8.410511217005017E-023
   30.7654488352510       4.377366907836870E-023
   31.1438638559250       2.260315555205060E-023
   31.5269333813530       1.157839568918235E-023
   31.9147146619440       5.883123779196816E-024
   32.3072656522850       2.964861625576961E-024
   32.7046450198090       1.481814139500011E-024
   33.1069121535520       7.343978044996052E-025
   33.5141271730410       3.608878369988024E-025
   33.9263509372690       1.758209842629386E-025
   34.3436450537980       8.491424050785116E-026
   34.7660718879590       4.064947200726559E-026
   35.1936945721810       1.928619060180052E-026
   35.6265770154190       9.067909570086450E-027
   36.0647839127090       4.224628240845100E-027
   36.5083807548350       1.950029610438917E-027
   36.9574338381200       8.916932641752067E-028
   37.4120102743280       4.038879457697994E-028
   37.8721780007030       1.811867100740436E-028
   38.3380057901110       8.049336823387030E-029
   38.8095632613300       3.540868473595910E-029
   39.2869208894440       1.542134943873021E-029
   39.7701500163840       6.648813224464892E-030
   40.2593228615860       2.837400640116854E-030
   40.7545125327830       1.198386418295113E-030
   41.2557930369360       5.008607437276658E-031
   41.7632392912910       2.071211800191310E-031
   42.2769271345740       8.473487886953443E-032
   42.7969333383290       3.429036832258435E-032
   43.3233356183900       1.372447173129722E-032
   43.8562126464970       5.432168559942101E-033
   44.3956440620480       2.125909447992186E-033
   44.9417104840120       8.225252801414602E-034
   45.4944935229650       3.145756313209771E-034
   46.0540757932980       1.189076118183097E-034
   46.6205409255550       4.441615640903360E-035
   47.1939735789390       1.639275093893203E-035
   47.7744594539600       5.977288466865893E-036
   48.3620853052440       0.000000000000000E+000
   48.9569389544990       0.000000000000000E+000
   49.5591093036390       0.000000000000000E+000
   50.1686863480740       0.000000000000000E+000
   50.7857611901550       0.000000000000000E+000
   51.4104260527940       0.000000000000000E+000
   52.0427742932430       0.000000000000000E+000
   52.6829004170500       0.000000000000000E+000
   53.3309000921800       0.000000000000000E+000
   53.9868701633140       0.000000000000000E+000
   54.6509086663220       0.000000000000000E+000
   55.3231148429180       0.000000000000000E+000
   56.0035891554860       0.000000000000000E+000
   56.6924333020990       0.000000000000000E+000
   57.3897502317140       0.000000000000000E+000
   58.0956441595640       0.000000000000000E+000
   58.8102205827270       0.000000000000000E+000
   59.5335862958950       0.000000000000000E+000
   60.2658494073340       0.000000000000000E+000
   61.0071193550440       0.000000000000000E+000
   61.7575069231110       0.000000000000000E+000
   62.5171242582660       0.000000000000000E+000
   63.2860848866420       0.000000000000000E+000
   64.0645037307480       0.000000000000000E+000
   64.8524971266360       0.000000000000000E+000
   65.6501828412940       0.000000000000000E+000
   66.4576800902420       0.000000000000000E+000
   67.2751095553520       0.000000000000000E+000
   68.1025934028820       0.000000000000000E+000
   68.9402553017380       0.000000000000000E+000
   69.7882204419490       0.000000000000000E+000
   70.6466155533850       0.000000000000000E+000
   71.5155689246920       0.000000000000000E+000
   72.3952104224660       0.000000000000000E+000
   73.2856715106620       0.000000000000000E+000
   74.1870852702430       0.000000000000000E+000
   75.0995864190670       0.000000000000000E+000
   76.0233113320220       0.000000000000000E+000
   76.9583980614050       0.000000000000000E+000
   77.9049863575610       0.000000000000000E+000
   78.8632176897590       0.000000000000000E+000
   79.8332352673430       0.000000000000000E+000
