RUNNING THE L-BFGS-B CODE

it    = iteration number
nf    = number of function evaluations
nseg  = number of segments explored during the Cauchy search
nact  = number of active bounds at the generalized Cauchy point
sub   = manner in which the subspace minimization terminated:
        con = converged, bnd = a bound was reached
itls  = number of iterations performed in the line search
stepl = step length used
tstep = norm of the displacement (total step)
projg = norm of the projected gradient
f     = function value

           * * *

Machine precision = 2.220D-16
 N =            5     M =           10

   it   nf  nseg  nact  sub  itls  stepl    tstep     projg        f
    0    1     -     -   -     -     -        -     8.430D+00  5.881D+00
    1    2     1     0  ---    0  1.0D-01  1.0D+00  2.310D+00  1.274D+00
    2    3     0     0  con    0  1.0D+00  3.6D-01  1.178D+00  6.177D-01
    3    4     0     0  con    0  1.0D+00  4.3D-01  4.019D-01  2.718D-01
    4    5     0     0  con    0  1.0D+00  2.2D-01  1.540D-01  2.066D-01
    5    6     0     0  con    0  1.0D+00  1.4D-01  4.774D-02  1.910D-01
    6    7     0     0  con    0  1.0D+00  8.5D-02  1.887D-02  1.875D-01
    7    8     0     0  con    0  1.0D+00  9.4D-02  1.830D-02  1.854D-01
    8    9     0     0  con    0  1.0D+00  1.7D-01  1.386D-02  1.827D-01
    9   10     0     0  con    0  1.0D+00  3.0D-01  6.877D-03  1.798D-01
   10   11     0     0  con    0  1.0D+00  4.6D-01  3.832D-03  1.772D-01
   11   12     0     0  con    0  1.0D+00  6.2D-01  2.287D-02  1.757D-01
   12   13     0     0  con    0  1.0D+00  5.0D-01  2.409D-03  1.744D-01
   13   14     0     0  con    0  1.0D+00  8.2D-01  2.193D-03  1.736D-01
   14   16     0     0  con    1  2.8D-01  2.8D-01  8.138D-03  1.735D-01
   15   17     0     0  con    0  1.0D+00  1.2D+00  1.694D-02  1.730D-01
   16   18     0     0  con    0  1.0D+00  4.3D-02  1.094D-03  1.729D-01
   17   19     0     0  con    0  1.0D+00  6.7D-01  8.340D-03  1.728D-01
   18   20     0     0  con    0  1.0D+00  2.4D-01  7.445D-03  1.727D-01
   19   21     0     0  con    0  1.0D+00  5.9D-01  1.076D-03  1.726D-01
   20   23     0     0  con    1  2.1D-01  3.3D-01  6.139D-03  1.726D-01
   21   24     0     0  con    0  1.0D+00  5.4D-01  6.358D-03  1.725D-01
   22   26     0     0  con    1  5.2D-01  3.2D-01  6.734D-03  1.725D-01
   23   27     0     0  con    0  1.0D+00  1.1D+00  5.811D-03  1.724D-01
   24   28     0     0  con    0  1.0D+00  6.0D-01  3.192D-03  1.723D-01
   25   30     0     0  con    1  1.3D-01  3.8D-01  2.021D-03  1.723D-01
   26   32     0     0  con    1  5.2D-01  3.4D-01  5.273D-03  1.723D-01
   27   33     0     0  con    0  1.0D+00  2.0D-01  7.022D-03  1.723D-01
   28   34     0     0  con    0  1.0D+00  9.6D-02  2.154D-03  1.723D-01
   29   35     0     0  con    0  1.0D+00  5.9D-01  3.707D-03  1.723D-01
   30   36     0     0  con    0  1.0D+00  3.2D-01  4.646D-03  1.722D-01
   31   37     0     0  con    0  1.0D+00  2.6D-01  3.861D-04  1.722D-01
   32   39     0     0  con    1  2.2D-01  2.1D-01  2.004D-03  1.722D-01
   33   41     0     0  con    1  4.8D-01  2.5D-01  3.642D-03  1.722D-01
   34   42     0     0  con    0  1.0D+00  1.9D-01  2.942D-03  1.722D-01
   35   43     0     0  con    0  1.0D+00  2.9D-01  2.896D-03  1.722D-01
   36   44     0     0  con    0  1.0D+00  2.9D-01  3.533D-03  1.722D-01
   37   46     0     0  con    1  2.8D-01  3.2D-01  7.991D-04  1.722D-01
   38   49     0     0  con    2  5.3D-02  1.3D-01  1.127D-03  1.722D-01
   39   50     0     0  con    0  1.0D+00  5.3D-02  2.337D-03  1.722D-01
   40   51     0     0  con    0  1.0D+00  8.8D-04  1.774D-03  1.722D-01
   41   52     0     0  con    0  1.0D+00  2.1D-01  6.195D-04  1.721D-01
   42   54     0     0  con    1  5.1D-01  2.6D-01  1.905D-03  1.721D-01
   43   55     0     0  con    0  1.0D+00  2.1D-01  2.975D-03  1.721D-01
   44   56     0     0  con    0  1.0D+00  8.1D-02  5.726D-04  1.721D-01
   45   58     0     0  con    1  4.9D-01  1.7D-01  1.431D-03  1.721D-01
   46   60     0     0  con    1  5.0D-01  2.1D-01  2.500D-03  1.721D-01
   47   61     0     0  con    0  1.0D+00  1.9D-01  1.765D-03  1.721D-01
   48   62     0     0  con    0  1.0D+00  1.9D-01  5.323D-04  1.721D-01
   49   64     0     0  con    1  2.3D-01  1.3D-01  1.552D-03  1.721D-01
   50   65     0     0  con    0  1.0D+00  2.9D-01  3.747D-03  1.721D-01
   51   66     0     0  con    0  1.0D+00  7.6D-02  3.898D-04  1.721D-01
   52   67     0     0  con    0  1.0D+00  1.4D-01  6.155D-04  1.721D-01
   53   69     0     0  con    1  1.8D-01  1.1D-01  1.627D-03  1.721D-01
   54   70     0     0  con    0  1.0D+00  1.2D-01  2.297D-03  1.721D-01
   55   71     0     0  con    0  1.0D+00  1.6D-01  2.033D-03  1.721D-01
   56   72     0     0  con    0  1.0D+00  2.1D-01  2.684D-04  1.721D-01
   57   74     0     0  con    1  4.0D-01  1.2D-01  1.194D-03  1.721D-01
   58   76     0     0  con    1  4.9D-01  1.0D-01  2.025D-03  1.721D-01
   59   77     0     0  con    0  1.0D+00  1.2D-01  1.489D-03  1.721D-01
   60   78     0     0  con    0  1.0D+00  1.5D-01  8.784D-04  1.721D-01
   61   80     0     0  con    1  3.6D-01  1.2D-01  1.819D-03  1.721D-01
   62   82     0     0  con    1  4.4D-01  1.7D-01  1.734D-03  1.721D-01
   63   83     0     0  con    0  1.0D+00  1.2D-01  2.437D-04  1.721D-01
   64   85     0     0  con    1  2.0D-01  1.3D-01  9.831D-04  1.721D-01
   65   87     0     0  con    1  3.4D-01  9.5D-02  1.839D-03  1.721D-01
   66   88     0     0  con    0  1.0D+00  1.0D-01  1.930D-03  1.721D-01
   67   90     0     0  con    1  1.7D-01  4.3D-02  1.618D-03  1.721D-01
   68   92     0     0  con    1  1.5D-01  2.8D-02  1.485D-03  1.721D-01
   69   93     0     0  con    0  1.0D+00  1.9D-01  1.202D-03  1.721D-01
   70   94     0     0  con    0  1.0D+00  2.2D-01  3.405D-03  1.721D-01
   71   96     0     0  con    1  4.0D-01  2.1D-02  9.127D-05  1.721D-01
   72   97     0     0  con    0  1.0D+00  1.2D-01  8.164D-04  1.721D-01
   73   99     0     0  con    1  2.1D-01  8.4D-02  1.600D-03  1.721D-01
   74  100     0     0  con    0  1.0D+00  1.1D-01  2.073D-03  1.721D-01
   75  101     0     0  con    0  1.0D+00  1.7D-01  1.571D-03  1.721D-01
