  1.077586E-04  7.402247E-08  4.948773E-03
  1.090841E-04  7.493294E-08  5.003505E-03
  1.104258E-04  7.585462E-08  5.058838E-03
  1.117840E-04  7.678763E-08  5.114779E-03
  1.131590E-04  7.773212E-08  5.171332E-03
  1.145508E-04  7.868822E-08  5.228504E-03
  1.159598E-04  7.965609E-08  5.286302E-03
  1.173861E-04  8.063586E-08  5.344732E-03
  1.188300E-04  8.162768E-08  5.403801E-03
  1.202916E-04  8.263170E-08  5.463516E-03
  1.217711E-04  8.364807E-08  5.523884E-03
  1.232689E-04  8.467694E-08  5.584912E-03
  1.247851E-04  8.571847E-08  5.646607E-03
  1.263200E-04  8.677280E-08  5.708976E-03
  1.278737E-04  8.784011E-08  5.772026E-03
  1.294466E-04  8.892054E-08  5.835765E-03
  1.310388E-04  9.001426E-08  5.900200E-03
  1.326505E-04  9.112144E-08  5.965338E-03
  1.342822E-04  9.224223E-08  6.031187E-03
  1.359338E-04  9.337681E-08  6.097755E-03
  1.376058E-04  9.452535E-08  6.165048E-03
  1.392984E-04  9.568801E-08  6.233076E-03
  1.410117E-04  9.686497E-08  6.301845E-03
  1.427462E-04  9.805641E-08  6.371364E-03
  1.445020E-04  9.926251E-08  6.441641E-03
  1.462793E-04  1.004834E-07  6.512683E-03
  1.480786E-04  1.017194E-07  6.584499E-03
  1.498999E-04  1.029705E-07  6.657097E-03
  1.517437E-04  1.042371E-07  6.730485E-03
  1.536101E-04  1.055192E-07  6.804672E-03
  1.554995E-04  1.068171E-07  6.879666E-03
  1.574122E-04  1.081309E-07  6.955476E-03
  1.593484E-04  1.094609E-07  7.032110E-03
  1.613083E-04  1.108073E-07  7.109577E-03
  1.632924E-04  1.121702E-07  7.187886E-03
  1.653009E-04  1.135499E-07  7.267045E-03
  1.673341E-04  1.149466E-07  7.347065E-03
  1.693923E-04  1.163604E-07  7.427953E-03
  1.714759E-04  1.177917E-07  7.509719E-03
  1.735850E-04  1.192405E-07  7.592373E-03
  1.757201E-04  1.207072E-07  7.675923E-03
  1.778815E-04  1.221919E-07  7.760379E-03
  1.800694E-04  1.236948E-07  7.845751E-03
  1.822843E-04  1.252163E-07  7.932047E-03
  1.845264E-04  1.267564E-07  8.019279E-03
  1.867960E-04  1.283155E-07  8.107455E-03
  1.890936E-04  1.298938E-07  8.196586E-03
  1.914195E-04  1.314915E-07  8.286682E-03
  1.937740E-04  1.331088E-07  8.377752E-03
  1.961574E-04  1.347461E-07  8.469807E-03
  1.985701E-04  1.364035E-07  8.562857E-03
  2.010125E-04  1.380812E-07  8.656913E-03
  2.034850E-04  1.397796E-07  8.751984E-03
  2.059878E-04  1.414989E-07  8.848083E-03
  2.085215E-04  1.432393E-07  8.945218E-03
  2.110863E-04  1.450012E-07  9.043402E-03
  2.136827E-04  1.467847E-07  9.142645E-03
  2.163110E-04  1.485902E-07  9.242958E-03
  2.189716E-04  1.504178E-07  9.344351E-03
  2.216649E-04  1.522680E-07  9.446838E-03
  2.243914E-04  1.541408E-07  9.550427E-03
  2.271514E-04  1.560368E-07  9.655132E-03
  2.299454E-04  1.579560E-07  9.760964E-03
  2.327737E-04  1.598989E-07  9.867933E-03
  2.356368E-04  1.618656E-07  9.976053E-03
  2.385352E-04  1.638566E-07  1.008533E-02
  2.414692E-04  1.658720E-07  1.019579E-02
  2.444392E-04  1.679123E-07  1.030743E-02
  2.474458E-04  1.699776E-07  1.042027E-02
  2.504894E-04  1.720683E-07  1.053432E-02
  2.535704E-04  1.741847E-07  1.064959E-02
  2.566893E-04  1.763272E-07  1.076610E-02
  2.598466E-04  1.784960E-07  1.088385E-02
  2.630427E-04  1.806915E-07  1.100287E-02
  2.662782E-04  1.829140E-07  1.112316E-02
  2.695534E-04  1.851639E-07  1.124473E-02
  2.728689E-04  1.874414E-07  1.136761E-02
  2.762252E-04  1.897469E-07  1.149180E-02
  2.796227E-04  1.920808E-07  1.161731E-02
  2.830621E-04  1.944434E-07  1.174416E-02
  2.865438E-04  1.968350E-07  1.187237E-02
  2.900683E-04  1.992561E-07  1.200195E-02
  2.936361E-04  2.017070E-07  1.213290E-02
  2.972478E-04  2.041880E-07  1.226525E-02
  3.009040E-04  2.066995E-07  1.239901E-02
  3.046051E-04  2.092419E-07  1.253419E-02
  3.083517E-04  2.118155E-07  1.267080E-02
  3.121445E-04  2.144209E-07  1.280887E-02
  3.159838E-04  2.170582E-07  1.294841E-02
  3.198704E-04  2.197281E-07  1.308943E-02
  3.238048E-04  2.224307E-07  1.323194E-02
  3.277876E-04  2.251666E-07  1.337596E-02
  3.318194E-04  2.279362E-07  1.352151E-02
  3.359008E-04  2.307398E-07  1.366859E-02
  3.400324E-04  2.335779E-07  1.381724E-02
  3.442148E-04  2.364509E-07  1.396745E-02
  3.484486E-04  2.393592E-07  1.411926E-02
  3.527345E-04  2.423033E-07  1.427266E-02
  3.570732E-04  2.452837E-07  1.442769E-02
  3.614652E-04  2.483006E-07  1.458435E-02
  3.659112E-04  2.513547E-07  1.474265E-02
  3.704119E-04  2.544464E-07  1.490263E-02
  3.749680E-04  2.575761E-07  1.506429E-02
  3.795801E-04  2.607443E-07  1.522765E-02
  3.842489E-04  2.639514E-07  1.539272E-02
  3.889752E-04  2.671980E-07  1.555953E-02
  3.937596E-04  2.704845E-07  1.572809E-02
  3.986028E-04  2.738115E-07  1.589841E-02
  4.035056E-04  2.771794E-07  1.607052E-02
  4.084688E-04  2.805887E-07  1.624443E-02
  4.134929E-04  2.840399E-07  1.642015E-02
  4.185789E-04  2.875336E-07  1.659772E-02
  4.237274E-04  2.910702E-07  1.677714E-02
  4.289392E-04  2.946504E-07  1.695842E-02
  4.342152E-04  2.982746E-07  1.714160E-02
  4.395560E-04  3.019434E-07  1.732669E-02
  4.449626E-04  3.056573E-07  1.751370E-02
  4.504356E-04  3.094170E-07  1.770265E-02
  4.559760E-04  3.132229E-07  1.789357E-02
  4.615845E-04  3.170756E-07  1.808647E-02
  4.672620E-04  3.209758E-07  1.828137E-02
  4.730093E-04  3.249239E-07  1.847828E-02
  4.788273E-04  3.289205E-07  1.867723E-02
  4.847169E-04  3.329663E-07  1.887825E-02
  4.906789E-04  3.370619E-07  1.908133E-02
  4.967143E-04  3.412079E-07  1.928651E-02
  5.028238E-04  3.454048E-07  1.949381E-02
  5.090086E-04  3.496534E-07  1.970324E-02
  5.152694E-04  3.539542E-07  1.991482E-02
  5.216072E-04  3.583080E-07  2.012858E-02
  5.280230E-04  3.627152E-07  2.034453E-02
  5.345177E-04  3.671767E-07  2.056270E-02
  5.410922E-04  3.716931E-07  2.078310E-02
  5.477477E-04  3.762651E-07  2.100575E-02
  5.544849E-04  3.808932E-07  2.123068E-02
  5.613051E-04  3.855783E-07  2.145790E-02
  5.682092E-04  3.903211E-07  2.168745E-02
  5.751981E-04  3.951221E-07  2.191932E-02
  5.822731E-04  3.999823E-07  2.215356E-02
  5.894350E-04  4.049022E-07  2.239018E-02
  5.966851E-04  4.098826E-07  2.262920E-02
  6.040243E-04  4.149243E-07  2.287064E-02
  6.114538E-04  4.200280E-07  2.311452E-02
  6.189747E-04  4.251945E-07  2.336087E-02
  6.265881E-04  4.304245E-07  2.360970E-02
  6.342951E-04  4.357189E-07  2.386104E-02
  6.420969E-04  4.410784E-07  2.411492E-02
  6.499947E-04  4.465038E-07  2.437134E-02
  6.579897E-04  4.519959E-07  2.463034E-02
  6.660829E-04  4.575556E-07  2.489194E-02
  6.742758E-04  4.631837E-07  2.515616E-02
  6.825694E-04  4.688810E-07  2.542301E-02
  6.909650E-04  4.746484E-07  2.569254E-02
  6.994638E-04  4.804868E-07  2.596474E-02
  7.080672E-04  4.863970E-07  2.623966E-02
  7.167765E-04  4.923798E-07  2.651731E-02
  7.255928E-04  4.984363E-07  2.679771E-02
  7.345176E-04  5.045672E-07  2.708090E-02
  7.435522E-04  5.107736E-07  2.736688E-02
  7.526979E-04  5.170563E-07  2.765569E-02
  7.619560E-04  5.234163E-07  2.794734E-02
  7.713281E-04  5.298546E-07  2.824186E-02
  7.808154E-04  5.363720E-07  2.853928E-02
  7.904195E-04  5.429696E-07  2.883962E-02
  8.001416E-04  5.496484E-07  2.914289E-02
  8.099834E-04  5.564093E-07  2.944913E-02
  8.199462E-04  5.632533E-07  2.975836E-02
  8.300315E-04  5.701816E-07  3.007060E-02
  8.402409E-04  5.771951E-07  3.038587E-02
  8.505759E-04  5.842949E-07  3.070420E-02
  8.610379E-04  5.914820E-07  3.102562E-02
  8.716287E-04  5.987575E-07  3.135014E-02
  8.823497E-04  6.061225E-07  3.167779E-02
  8.932026E-04  6.135781E-07  3.200859E-02
  9.041890E-04  6.211254E-07  3.234257E-02
  9.153106E-04  6.287655E-07  3.267975E-02
  9.265689E-04  6.364997E-07  3.302016E-02
  9.379657E-04  6.443290E-07  3.336382E-02
  9.495027E-04  6.522545E-07  3.371075E-02
  9.611815E-04  6.602776E-07  3.406097E-02
  9.730041E-04  6.683994E-07  3.441452E-02
  9.849720E-04  6.766211E-07  3.477141E-02
  9.970872E-04  6.849439E-07  3.513167E-02
  1.009351E-03  6.933691E-07  3.549532E-02
  1.021766E-03  7.018980E-07  3.586239E-02
  1.034334E-03  7.105317E-07  3.623290E-02
  1.047056E-03  7.192717E-07  3.660686E-02
  1.059935E-03  7.281192E-07  3.698432E-02
  1.072972E-03  7.370755E-07  3.736528E-02
  1.086170E-03  7.461420E-07  3.774978E-02
  1.099530E-03  7.553201E-07  3.813784E-02
  1.113054E-03  7.646110E-07  3.852947E-02
  1.126745E-03  7.740163E-07  3.892471E-02
  1.140604E-03  7.835372E-07  3.932357E-02
  1.154633E-03  7.931753E-07  3.972608E-02
  1.168835E-03  8.029319E-07  4.013226E-02
  1.183212E-03  8.128086E-07  4.054214E-02
  1.197765E-03  8.228067E-07  4.095573E-02
  1.212498E-03  8.329279E-07  4.137306E-02
  1.227411E-03  8.431736E-07  4.179415E-02
  1.242509E-03  8.535453E-07  4.221903E-02
  1.257791E-03  8.640446E-07  4.264771E-02
  1.273262E-03  8.746731E-07  4.308021E-02
  1.288923E-03  8.854323E-07  4.351656E-02
  1.304777E-03  8.963239E-07  4.395678E-02
  1.320826E-03  9.073495E-07  4.440089E-02
  1.337072E-03  9.185107E-07  4.484891E-02
  1.353518E-03  9.298092E-07  4.530085E-02
  1.370166E-03  9.412468E-07  4.575675E-02
  1.387019E-03  9.528250E-07  4.621662E-02
  1.404080E-03  9.645457E-07  4.668047E-02
  1.421350E-03  9.764106E-07  4.714834E-02
  1.438832E-03  9.884215E-07  4.762023E-02
  1.456530E-03  1.000580E-06  4.809616E-02
  1.474445E-03  1.012888E-06  4.857616E-02
  1.492581E-03  1.025348E-06  4.906024E-02
  1.510940E-03  1.037961E-06  4.954842E-02
  1.529524E-03  1.050729E-06  5.004071E-02
  1.548338E-03  1.063654E-06  5.053714E-02
  1.567382E-03  1.076738E-06  5.103771E-02
  1.586661E-03  1.089984E-06  5.154244E-02
  1.606177E-03  1.103392E-06  5.205136E-02
  1.625933E-03  1.116965E-06  5.256446E-02
  1.645932E-03  1.130705E-06  5.308177E-02
  1.666177E-03  1.144614E-06  5.360330E-02
  1.686671E-03  1.158695E-06  5.412907E-02
  1.707417E-03  1.172948E-06  5.465908E-02
  1.728418E-03  1.187377E-06  5.519334E-02
  1.749678E-03  1.201984E-06  5.573187E-02
  1.771199E-03  1.216770E-06  5.627469E-02
  1.792984E-03  1.231738E-06  5.682178E-02
  1.815038E-03  1.246891E-06  5.737318E-02
  1.837363E-03  1.262229E-06  5.792888E-02
  1.859963E-03  1.277757E-06  5.848890E-02
  1.882840E-03  1.293475E-06  5.905323E-02
  1.905999E-03  1.309387E-06  5.962189E-02
  1.929443E-03  1.325495E-06  6.019488E-02
  1.953175E-03  1.341801E-06  6.077221E-02
  1.977199E-03  1.358308E-06  6.135387E-02
  2.001519E-03  1.375018E-06  6.193988E-02
  2.026137E-03  1.391933E-06  6.253023E-02
  2.051059E-03  1.409057E-06  6.312492E-02
  2.076287E-03  1.426391E-06  6.372396E-02
  2.101825E-03  1.443939E-06  6.432734E-02
  2.127678E-03  1.461702E-06  6.493506E-02
  2.153848E-03  1.479684E-06  6.554711E-02
  2.180340E-03  1.497888E-06  6.616350E-02
  2.207159E-03  1.516315E-06  6.678422E-02
  2.234307E-03  1.534970E-06  6.740925E-02
  2.261789E-03  1.553853E-06  6.803860E-02
  2.289609E-03  1.572970E-06  6.867225E-02
  2.317771E-03  1.592321E-06  6.931019E-02
  2.346279E-03  1.611911E-06  6.995241E-02
  2.375139E-03  1.631742E-06  7.059890E-02
  2.404353E-03  1.651817E-06  7.124964E-02
  2.433926E-03  1.672139E-06  7.190462E-02
  2.463864E-03  1.692711E-06  7.256382E-02
  2.494169E-03  1.713536E-06  7.322722E-02
  2.524847E-03  1.734618E-06  7.389480E-02
  2.555903E-03  1.755959E-06  7.456653E-02
  2.587341E-03  1.777563E-06  7.524240E-02
  2.619165E-03  1.799432E-06  7.592238E-02
  2.651381E-03  1.821571E-06  7.660645E-02
  2.683993E-03  1.843983E-06  7.729456E-02
  2.717006E-03  1.866670E-06  7.798670E-02
  2.750425E-03  1.889637E-06  7.868283E-02
  2.784255E-03  1.912886E-06  7.938291E-02
  2.818501E-03  1.936422E-06  8.008692E-02
  2.853169E-03  1.960247E-06  8.079481E-02
  2.888263E-03  1.984366E-06  8.150653E-02
  2.923789E-03  2.008782E-06  8.222206E-02
  2.959751E-03  2.033498E-06  8.294135E-02
  2.996156E-03  2.058519E-06  8.366434E-02
  3.033009E-03  2.083847E-06  8.439099E-02
  3.070315E-03  2.109488E-06  8.512125E-02
  3.108080E-03  2.135444E-06  8.585507E-02
  3.146309E-03  2.161720E-06  8.659238E-02
  3.185009E-03  2.188320E-06  8.733314E-02
  3.224184E-03  2.215247E-06  8.807727E-02
  3.263842E-03  2.242505E-06  8.882473E-02
  3.303987E-03  2.270099E-06  8.957543E-02
  3.344626E-03  2.298034E-06  9.032932E-02
  3.385765E-03  2.326312E-06  9.108632E-02
  3.427410E-03  2.354938E-06  9.184636E-02
  3.469567E-03  2.383917E-06  9.260936E-02
  3.512243E-03  2.413253E-06  9.337524E-02
  3.555443E-03  2.442950E-06  9.414392E-02
  3.599175E-03  2.473014E-06  9.491531E-02
  3.643445E-03  2.503447E-06  9.568932E-02
  3.688260E-03  2.534255E-06  9.646586E-02
  3.733625E-03  2.565443E-06  9.724484E-02
  3.779549E-03  2.597015E-06  9.802616E-02
  3.826037E-03  2.628976E-06  9.880971E-02
  3.873097E-03  2.661331E-06  9.959539E-02
  3.920737E-03  2.694085E-06  1.003831E-01
  3.968962E-03  2.727242E-06  1.011727E-01
  4.017780E-03  2.760807E-06  1.019641E-01
  4.067198E-03  2.794787E-06  1.027572E-01
  4.117225E-03  2.829185E-06  1.035518E-01
  4.167867E-03  2.864007E-06  1.043478E-01
  4.219132E-03  2.899258E-06  1.051452E-01
  4.271027E-03  2.934943E-06  1.059436E-01
  4.323561E-03  2.971069E-06  1.067431E-01
  4.376740E-03  3.007640E-06  1.075435E-01
  4.430574E-03  3.044661E-06  1.083446E-01
  4.485070E-03  3.082139E-06  1.091462E-01
  4.540237E-03  3.120079E-06  1.099483E-01
  4.596082E-03  3.158487E-06  1.107506E-01
  4.652613E-03  3.197368E-06  1.115531E-01
  4.709841E-03  3.236729E-06  1.123554E-01
  4.767772E-03  3.276575E-06  1.131574E-01
  4.826415E-03  3.316913E-06  1.139591E-01
  4.885780E-03  3.357748E-06  1.147601E-01
  4.945875E-03  3.399086E-06  1.155603E-01
  5.006710E-03  3.440935E-06  1.163594E-01
  5.068292E-03  3.483300E-06  1.171574E-01
  5.130632E-03  3.526187E-06  1.179540E-01
  5.193739E-03  3.569604E-06  1.187489E-01
  5.257622E-03  3.613556E-06  1.195420E-01
  5.322291E-03  3.658050E-06  1.203330E-01
  5.387755E-03  3.703094E-06  1.211218E-01
  5.454024E-03  3.748693E-06  1.219080E-01
  5.521109E-03  3.794856E-06  1.226915E-01
  5.589018E-03  3.841588E-06  1.234720E-01
  5.657763E-03  3.888897E-06  1.242492E-01
  5.727354E-03  3.936790E-06  1.250229E-01
  5.797800E-03  3.985274E-06  1.257929E-01
  5.869113E-03  4.034357E-06  1.265588E-01
  5.941303E-03  4.084046E-06  1.273204E-01
  6.014381E-03  4.134349E-06  1.280775E-01
  6.088358E-03  4.185273E-06  1.288296E-01
  6.163245E-03  4.236826E-06  1.295766E-01
  6.239053E-03  4.289016E-06  1.303181E-01
  6.315793E-03  4.341850E-06  1.310539E-01
  6.393477E-03  4.395338E-06  1.317836E-01
  6.472117E-03  4.449486E-06  1.325069E-01
  6.551724E-03  4.504304E-06  1.332234E-01
  6.632310E-03  4.559800E-06  1.339330E-01
  6.713888E-03  4.615981E-06  1.346351E-01
  6.796469E-03  4.672857E-06  1.353294E-01
  6.880065E-03  4.730436E-06  1.360157E-01
  6.964690E-03  4.788728E-06  1.366935E-01
  7.050356E-03  4.847740E-06  1.373625E-01
  7.137075E-03  4.907483E-06  1.380223E-01
  7.224861E-03  4.967964E-06  1.386726E-01
  7.313727E-03  5.029194E-06  1.393128E-01
  7.403686E-03  5.091182E-06  1.399427E-01
  7.494751E-03  5.153937E-06  1.405619E-01
  7.586936E-03  5.217468E-06  1.411698E-01
  7.680256E-03  5.281787E-06  1.417662E-01
  7.774723E-03  5.346902E-06  1.423505E-01
  7.870352E-03  5.412823E-06  1.429224E-01
  7.967157E-03  5.479561E-06  1.434814E-01
  8.065153E-03  5.547126E-06  1.440271E-01
  8.164355E-03  5.615528E-06  1.445589E-01
  8.264776E-03  5.684778E-06  1.450765E-01
  8.366433E-03  5.754886E-06  1.455794E-01
  8.469340E-03  5.825864E-06  1.460670E-01
  8.573513E-03  5.897721E-06  1.465390E-01
  8.678967E-03  5.970471E-06  1.469947E-01
  8.785719E-03  6.044122E-06  1.474338E-01
  8.893783E-03  6.118688E-06  1.478556E-01
  9.003176E-03  6.194179E-06  1.482598E-01
  9.113916E-03  6.270607E-06  1.486457E-01
  9.226017E-03  6.347985E-06  1.490128E-01
  9.339497E-03  6.426323E-06  1.493605E-01
  9.454373E-03  6.505635E-06  1.496884E-01
  9.570661E-03  6.585932E-06  1.499959E-01
  9.688380E-03  6.667227E-06  1.502825E-01
  9.807548E-03  6.749533E-06  1.505474E-01
  9.928180E-03  6.832862E-06  1.507903E-01
  1.005030E-02  6.917228E-06  1.510104E-01
  1.017392E-02  7.002644E-06  1.512072E-01
  1.029905E-02  7.089122E-06  1.513801E-01
  1.042573E-02  7.176678E-06  1.515285E-01
  1.055397E-02  7.265324E-06  1.516519E-01
  1.068378E-02  7.355074E-06  1.517494E-01
  1.081519E-02  7.445942E-06  1.518207E-01
  1.094822E-02  7.537943E-06  1.518649E-01
  1.108288E-02  7.631091E-06  1.518815E-01
  1.121920E-02  7.725401E-06  1.518699E-01
  1.135720E-02  7.820888E-06  1.518294E-01
  1.149689E-02  7.917567E-06  1.517593E-01
  1.163831E-02  8.015453E-06  1.516589E-01
  1.178146E-02  8.114561E-06  1.515277E-01
  1.192637E-02  8.214908E-06  1.513650E-01
  1.207306E-02  8.316509E-06  1.511700E-01
  1.222156E-02  8.419381E-06  1.509422E-01
  1.237189E-02  8.523540E-06  1.506807E-01
  1.252406E-02  8.629003E-06  1.503850E-01
  1.267811E-02  8.735786E-06  1.500544E-01
  1.283405E-02  8.843906E-06  1.496881E-01
  1.299191E-02  8.953382E-06  1.492855E-01
  1.315171E-02  9.064230E-06  1.488459E-01
  1.331347E-02  9.176468E-06  1.483685E-01
  1.347723E-02  9.290115E-06  1.478527E-01
  1.364300E-02  9.405189E-06  1.472978E-01
  1.381081E-02  9.521708E-06  1.467031E-01
  1.398068E-02  9.639692E-06  1.460678E-01
  1.415264E-02  9.759160E-06  1.453913E-01
  1.432672E-02  9.880130E-06  1.446729E-01
  1.450294E-02  1.000262E-05  1.439119E-01
  1.468132E-02  1.012666E-05  1.431076E-01
  1.486190E-02  1.025226E-05  1.422592E-01
  1.504471E-02  1.037944E-05  1.413662E-01
  1.522976E-02  1.050823E-05  1.404277E-01
  1.541708E-02  1.063864E-05  1.394432E-01
  1.560671E-02  1.077071E-05  1.384119E-01
  1.579867E-02  1.090444E-05  1.373332E-01
  1.599300E-02  1.103986E-05  1.362064E-01
  1.618971E-02  1.117700E-05  1.350308E-01
  1.638885E-02  1.131587E-05  1.338059E-01
  1.659043E-02  1.145651E-05  1.325308E-01
  1.679449E-02  1.159893E-05  1.312051E-01
  1.700106E-02  1.174315E-05  1.298281E-01
  1.721018E-02  1.188921E-05  1.283992E-01
  1.742186E-02  1.203713E-05  1.269177E-01
  1.763615E-02  1.218693E-05  1.253831E-01
  1.785307E-02  1.233863E-05  1.237948E-01
  1.807267E-02  1.249227E-05  1.221522E-01
  1.829496E-02  1.264787E-05  1.204549E-01
  1.851999E-02  1.280546E-05  1.187021E-01
  1.874779E-02  1.296506E-05  1.168936E-01
  1.897838E-02  1.312670E-05  1.150286E-01
  1.921182E-02  1.329042E-05  1.131069E-01
  1.944812E-02  1.345623E-05  1.111278E-01
  1.968733E-02  1.362416E-05  1.090911E-01
  1.992949E-02  1.379426E-05  1.069962E-01
  2.017462E-02  1.396654E-05  1.048428E-01
  2.042277E-02  1.414103E-05  1.026305E-01
  2.067397E-02  1.431778E-05  1.003589E-01
  2.092826E-02  1.449680E-05  9.802789E-02
  2.118568E-02  1.467813E-05  9.563703E-02
  2.144626E-02  1.486181E-05  9.318611E-02
  2.171005E-02  1.504787E-05  9.067490E-02
  2.197708E-02  1.523633E-05  8.810322E-02
  2.224740E-02  1.542724E-05  8.547093E-02
  2.252104E-02  1.562063E-05  8.277789E-02
  2.279805E-02  1.581654E-05  8.002404E-02
  2.307847E-02  1.601499E-05  7.720932E-02
  2.336233E-02  1.621604E-05  7.433374E-02
  2.364969E-02  1.641971E-05  7.139733E-02
  2.394058E-02  1.662604E-05  6.840017E-02
  2.423505E-02  1.683507E-05  6.534240E-02
  2.453314E-02  1.704685E-05  6.222417E-02
  2.483490E-02  1.726140E-05  5.904571E-02
  2.514037E-02  1.747878E-05  5.580729E-02
  2.544960E-02  1.769902E-05  5.250922E-02
  2.576263E-02  1.792217E-05  4.915186E-02
  2.607951E-02  1.814826E-05  4.573564E-02
  2.640028E-02  1.837735E-05  4.226105E-02
  2.672501E-02  1.860948E-05  3.872860E-02
  2.705373E-02  1.884469E-05  3.513889E-02
  2.738649E-02  1.908303E-05  3.149258E-02
  2.772334E-02  1.932455E-05  2.779037E-02
  2.806434E-02  1.956930E-05  2.403304E-02
  2.840953E-02  1.981732E-05  2.022143E-02
  2.875897E-02  2.006866E-05  1.635645E-02
  2.911270E-02  2.032338E-05  1.243906E-02
  2.947079E-02  2.058154E-05  8.470315E-03
  2.983328E-02  2.084317E-05  4.451324E-03
  3.020023E-02  2.110834E-05  3.832742E-04
  3.057169E-02  2.137710E-05 -3.732577E-03
  3.094772E-02  2.164951E-05 -7.894893E-03
  3.132838E-02  2.192563E-05 -1.210226E-02
  3.171372E-02  2.220551E-05 -1.635320E-02
  3.210380E-02  2.248922E-05 -2.064613E-02
  3.249867E-02  2.277682E-05 -2.497941E-02
  3.289841E-02  2.306837E-05 -2.935130E-02
  3.330306E-02  2.336393E-05 -3.375999E-02
  3.371268E-02  2.366357E-05 -3.820358E-02
  3.412735E-02  2.396736E-05 -4.268008E-02
  3.454712E-02  2.427537E-05 -4.718741E-02
  3.497205E-02  2.458766E-05 -5.172342E-02
  3.540220E-02  2.490431E-05 -5.628585E-02
  3.583765E-02  2.522539E-05 -6.087236E-02
  3.627845E-02  2.555097E-05 -6.548052E-02
  3.672468E-02  2.588113E-05 -7.010781E-02
  3.717639E-02  2.621596E-05 -7.475160E-02
  3.763366E-02  2.655552E-05 -7.940919E-02
  3.809656E-02  2.689991E-05 -8.407777E-02
  3.856514E-02  2.724920E-05 -8.875444E-02
  3.903949E-02  2.760348E-05 -9.343622E-02
  3.951968E-02  2.796284E-05 -9.812000E-02
  4.000577E-02  2.832736E-05 -1.028026E-01
  4.049784E-02  2.869715E-05 -1.074808E-01
  4.099597E-02  2.907229E-05 -1.121511E-01
  4.150022E-02  2.945289E-05 -1.168102E-01
  4.201067E-02  2.983903E-05 -1.214543E-01
  4.252740E-02  3.023082E-05 -1.260800E-01
  4.305049E-02  3.062837E-05 -1.306834E-01
  4.358001E-02  3.103178E-05 -1.352607E-01
  4.411604E-02  3.144116E-05 -1.398080E-01
  4.465867E-02  3.185663E-05 -1.443212E-01
  4.520797E-02  3.227828E-05 -1.487962E-01
  4.576403E-02  3.270626E-05 -1.532289E-01
  4.632693E-02  3.314067E-05 -1.576149E-01
  4.689675E-02  3.358163E-05 -1.619498E-01
  4.747358E-02  3.402928E-05 -1.662293E-01
  4.805750E-02  3.448375E-05 -1.704488E-01
  4.864861E-02  3.494517E-05 -1.746036E-01
  4.924699E-02  3.541367E-05 -1.786892E-01
  4.985273E-02  3.588941E-05 -1.827007E-01
  5.046592E-02  3.637251E-05 -1.866333E-01
  5.108665E-02  3.686314E-05 -1.904822E-01
  5.171501E-02  3.736144E-05 -1.942424E-01
  5.235111E-02  3.786758E-05 -1.979089E-01
  5.299503E-02  3.838171E-05 -2.014767E-01
  5.364686E-02  3.890399E-05 -2.049405E-01
  5.430672E-02  3.943461E-05 -2.082954E-01
  5.497469E-02  3.997374E-05 -2.115362E-01
  5.565088E-02  4.052155E-05 -2.146575E-01
  5.633539E-02  4.107823E-05 -2.176542E-01
  5.702831E-02  4.164398E-05 -2.205210E-01
  5.772976E-02  4.221898E-05 -2.232526E-01
  5.843984E-02  4.280345E-05 -2.258437E-01
  5.915865E-02  4.339759E-05 -2.282891E-01
  5.988630E-02  4.400162E-05 -2.305834E-01
  6.062290E-02  4.461575E-05 -2.327214E-01
  6.136856E-02  4.524021E-05 -2.346978E-01
  6.212340E-02  4.587524E-05 -2.365073E-01
  6.288751E-02  4.652108E-05 -2.381448E-01
  6.366103E-02  4.717798E-05 -2.396051E-01
  6.444406E-02  4.784619E-05 -2.408831E-01
  6.523672E-02  4.852598E-05 -2.419737E-01
  6.603913E-02  4.921762E-05 -2.428720E-01
  6.685142E-02  4.992139E-05 -2.435731E-01
  6.767369E-02  5.063758E-05 -2.440721E-01
  6.850607E-02  5.136650E-05 -2.443642E-01
  6.934870E-02  5.210844E-05 -2.444450E-01
  7.020169E-02  5.286372E-05 -2.443099E-01
  7.106517E-02  5.363268E-05 -2.439544E-01
  7.193927E-02  5.441565E-05 -2.433745E-01
  7.282412E-02  5.521299E-05 -2.425659E-01
  7.371986E-02  5.602505E-05 -2.415248E-01
  7.462661E-02  5.685220E-05 -2.402474E-01
  7.554452E-02  5.769483E-05 -2.387301E-01
  7.647372E-02  5.855335E-05 -2.369696E-01
  7.741435E-02  5.942815E-05 -2.349626E-01
  7.836654E-02  6.031966E-05 -2.327061E-01
  7.933045E-02  6.122833E-05 -2.301975E-01
  8.030622E-02  6.215460E-05 -2.274343E-01
  8.129398E-02  6.309894E-05 -2.244142E-01
  8.229390E-02  6.406184E-05 -2.211351E-01
  8.330611E-02  6.504380E-05 -2.175955E-01
  8.433078E-02  6.604534E-05 -2.137939E-01
  8.536805E-02  6.706699E-05 -2.097291E-01
  8.641807E-02  6.810931E-05 -2.054004E-01
  8.748102E-02  6.917286E-05 -2.008072E-01
  8.855703E-02  7.025825E-05 -1.959495E-01
  8.964628E-02  7.136609E-05 -1.908273E-01
  9.074893E-02  7.249701E-05 -1.854413E-01
  9.186514E-02  7.365167E-05 -1.797923E-01
  9.299509E-02  7.483076E-05 -1.738817E-01
  9.413893E-02  7.603497E-05 -1.677111E-01
  9.529683E-02  7.726505E-05 -1.612827E-01
  9.646899E-02  7.852174E-05 -1.545988E-01
  9.765555E-02  7.980583E-05 -1.476625E-01
  9.885672E-02  8.111813E-05 -1.404770E-01
  1.000727E-01  8.245949E-05 -1.330462E-01
  1.013035E-01  8.383078E-05 -1.253742E-01
  1.025496E-01  8.523290E-05 -1.174658E-01
  1.038109E-01  8.666679E-05 -1.093260E-01
  1.050878E-01  8.813342E-05 -1.009604E-01
  1.063804E-01  8.963380E-05 -9.237522E-02
  1.076889E-01  9.116898E-05 -8.357688E-02
  1.090134E-01  9.274004E-05 -7.457245E-02
  1.103543E-01  9.434810E-05 -6.536942E-02
  1.117117E-01  9.599434E-05 -5.597581E-02
  1.130857E-01  9.767996E-05 -4.640010E-02
  1.144767E-01  9.940622E-05 -3.665127E-02
  1.158847E-01  1.011744E-04 -2.673879E-02
  1.173101E-01  1.029859E-04 -1.667262E-02
  1.187530E-01  1.048421E-04 -6.463221E-03
  1.202137E-01  1.067445E-04  3.878483E-03
  1.216923E-01  1.086946E-04  1.434107E-02
  1.231891E-01  1.106939E-04  2.491265E-02
  1.247044E-01  1.127441E-04  3.558086E-02
  1.262382E-01  1.148469E-04  4.633286E-02
  1.277910E-01  1.170040E-04  5.715538E-02
  1.293628E-01  1.192173E-04  6.803468E-02
  1.309540E-01  1.214887E-04  7.895658E-02
  1.325647E-01  1.238202E-04  8.990651E-02
  1.341952E-01  1.262138E-04  1.008695E-01
  1.358458E-01  1.286717E-04  1.118300E-01
  1.375167E-01  1.311960E-04  1.227724E-01
  1.392082E-01  1.337892E-04  1.336805E-01
  1.409205E-01  1.364536E-04  1.445377E-01
  1.426538E-01  1.391916E-04  1.553273E-01
  1.444084E-01  1.420060E-04  1.660321E-01
  1.461846E-01  1.448994E-04  1.766348E-01
  1.479827E-01  1.478746E-04  1.871175E-01
  1.498029E-01  1.509346E-04  1.974624E-01
  1.516455E-01  1.540823E-04  2.076513E-01
  1.535107E-01  1.573211E-04  2.176660E-01
  1.553989E-01  1.606541E-04  2.274879E-01
  1.573103E-01  1.640848E-04  2.370983E-01
  1.592452E-01  1.676168E-04  2.464787E-01
  1.612039E-01  1.712538E-04  2.556102E-01
  1.631868E-01  1.749996E-04  2.644740E-01
  1.651939E-01  1.788584E-04  2.730514E-01
  1.672258E-01  1.828344E-04  2.813234E-01
  1.692827E-01  1.869318E-04  2.892716E-01
  1.713649E-01  1.911553E-04  2.968773E-01
  1.734727E-01  1.955096E-04  3.041222E-01
  1.756064E-01  1.999997E-04  3.109879E-01
  1.777663E-01  2.046307E-04  3.174567E-01
  1.799529E-01  2.094080E-04  3.235108E-01
  1.821663E-01  2.143372E-04  3.291328E-01
  1.844069E-01  2.194242E-04  3.343058E-01
  1.866751E-01  2.246750E-04  3.390132E-01
  1.889713E-01  2.300961E-04  3.432390E-01
  1.912956E-01  2.356939E-04  3.469674E-01
  1.936485E-01  2.414755E-04  3.501835E-01
  1.960304E-01  2.474481E-04  3.528728E-01
  1.984416E-01  2.536191E-04  3.550215E-01
  2.008824E-01  2.599964E-04  3.566164E-01
  2.033533E-01  2.665882E-04  3.576451E-01
  2.058545E-01  2.734030E-04  3.580960E-01
  2.083865E-01  2.804498E-04  3.579581E-01
  2.109497E-01  2.877379E-04  3.572216E-01
  2.135444E-01  2.952769E-04  3.558774E-01
  2.161710E-01  3.030771E-04  3.539173E-01
  2.188299E-01  3.111491E-04  3.513342E-01
  2.215215E-01  3.195040E-04  3.481220E-01
  2.242462E-01  3.281533E-04  3.442755E-01
  2.270044E-01  3.371091E-04  3.397908E-01
  2.297966E-01  3.463842E-04  3.346651E-01
  2.326231E-01  3.559917E-04  3.288966E-01
  2.354843E-01  3.659456E-04  3.224850E-01
  2.383808E-01  3.762603E-04  3.154309E-01
  2.413129E-01  3.869511E-04  3.077363E-01
  2.442810E-01  3.980337E-04  2.994046E-01
  2.472857E-01  4.095249E-04  2.904404E-01
  2.503273E-01  4.214421E-04  2.808495E-01
  2.534063E-01  4.338036E-04  2.706392E-01
  2.565232E-01  4.466286E-04  2.598182E-01
  2.596784E-01  4.599372E-04  2.483965E-01
  2.628725E-01  4.737505E-04  2.363855E-01
  2.661058E-01  4.880906E-04  2.237980E-01
  2.693789E-01  5.029810E-04  2.106480E-01
  2.726923E-01  5.184460E-04  1.969514E-01
  2.760464E-01  5.345114E-04  1.827250E-01
  2.794418E-01  5.512043E-04  1.679871E-01
  2.828789E-01  5.685533E-04  1.527577E-01
  2.863583E-01  5.865885E-04  1.370578E-01
  2.898805E-01  6.053415E-04  1.209099E-01
  2.934460E-01  6.248458E-04  1.043378E-01
  2.970554E-01  6.451368E-04  8.736665E-02
  3.007092E-01  6.662518E-04  7.002288E-02
  3.044079E-01  6.882303E-04  5.233415E-02
  3.081522E-01  7.111142E-04  3.432931E-02
  3.119424E-01  7.349478E-04  1.603843E-02
  3.157793E-01  7.597781E-04 -2.507325E-03
  3.196634E-01  7.856550E-04 -2.127569E-02
  3.235953E-01  8.126317E-04 -4.023339E-02
  3.275755E-01  8.407644E-04 -5.934615E-02
  3.316047E-01  8.701134E-04 -7.857880E-02
  3.356834E-01  9.007427E-04 -9.789530E-02
  3.398123E-01  9.327208E-04 -1.172588E-01
  3.439920E-01  9.661207E-04 -1.366319E-01
  3.482231E-01  1.001021E-03 -1.559763E-01
  3.525062E-01  1.037505E-03 -1.752533E-01
  3.568421E-01  1.075662E-03 -1.944237E-01
  3.612312E-01  1.115590E-03 -2.134479E-01
  3.656744E-01  1.157392E-03 -2.322859E-01
  3.701722E-01  1.201179E-03 -2.508976E-01
  3.747253E-01  1.247073E-03 -2.692428E-01
  3.793344E-01  1.295202E-03 -2.872810E-01
  3.840002E-01  1.345708E-03 -3.049720E-01
  3.887234E-01  1.398742E-03 -3.222757E-01
  3.935047E-01  1.454469E-03 -3.391522E-01
  3.983448E-01  1.513067E-03 -3.555618E-01
  4.032445E-01  1.574730E-03 -3.714654E-01
  4.082044E-01  1.639669E-03 -3.868241E-01
  4.132253E-01  1.708114E-03 -4.015999E-01
  4.183080E-01  1.780314E-03 -4.157551E-01
  4.234532E-01  1.856543E-03 -4.292527E-01
  4.286616E-01  1.937099E-03 -4.420566E-01
  4.339342E-01  2.022308E-03 -4.541314E-01
  4.392716E-01  2.112529E-03 -4.654428E-01
  4.446746E-01  2.208152E-03 -4.759573E-01
  4.501441E-01  2.309608E-03 -4.856426E-01
  4.556809E-01  2.417371E-03 -4.944678E-01
  4.612857E-01  2.531960E-03 -5.024033E-01
  4.669596E-01  2.653949E-03 -5.094209E-01
  4.727032E-01  2.783969E-03 -5.154943E-01
  4.785174E-01  2.922719E-03 -5.205986E-01
  4.844032E-01  3.070968E-03 -5.247111E-01
  4.903613E-01  3.229570E-03 -5.278107E-01
  4.963928E-01  3.399469E-03 -5.298785E-01
  5.024984E-01  3.581711E-03 -5.308973E-01
  5.086791E-01  3.777457E-03 -5.308525E-01
  5.149359E-01  3.987997E-03 -5.297311E-01
  5.212696E-01  4.214764E-03 -5.275227E-01
  5.276812E-01  4.459355E-03 -5.242188E-01
  5.341717E-01  4.723546E-03 -5.198134E-01
  5.407420E-01  5.009321E-03 -5.143027E-01
  5.473931E-01  5.318892E-03 -5.076851E-01
  5.541261E-01  5.654730E-03 -4.999616E-01
  5.609418E-01  6.019601E-03 -4.911353E-01
  5.678414E-01  6.416598E-03 -4.812118E-01
  5.748259E-01  6.849188E-03 -4.701991E-01
  5.818962E-01  7.321259E-03 -4.581075E-01
  5.890535E-01  7.837173E-03 -4.449497E-01
  5.962989E-01  8.401830E-03 -4.307406E-01
  6.036334E-01  9.020740E-03 -4.154977E-01
  6.110581E-01  9.700099E-03 -3.992405E-01
  6.185741E-01  1.044689E-02 -3.819909E-01
  6.261825E-01  1.126896E-02 -3.637730E-01
  6.338846E-01  1.217519E-02 -3.446130E-01
  6.416814E-01  1.317556E-02 -3.245392E-01
  6.495740E-01  1.428135E-02 -3.035818E-01
  6.575638E-01  1.550531E-02 -2.817731E-01
  6.656518E-01  1.686182E-02 -2.591473E-01
  6.738394E-01  1.836713E-02 -2.357403E-01
  6.821276E-01  2.003962E-02 -2.115896E-01
  6.905177E-01  2.190002E-02 -1.867345E-01
  6.990111E-01  2.397182E-02 -1.612157E-01
  7.076090E-01  2.628149E-02 -1.350753E-01
  7.163125E-01  2.885900E-02 -1.083569E-01
  7.251232E-01  3.173813E-02 -8.110502E-02
  7.340422E-01  3.495704E-02 -5.336546E-02
  7.430709E-01  3.855872E-02 -2.518494E-02
  7.522107E-01  4.259163E-02  3.388906E-03
  7.614629E-01  4.711025E-02  3.230773E-02
  7.708289E-01  5.217581E-02  6.152254E-02
  7.803101E-01  5.785696E-02  9.098381E-02
  7.899079E-01  6.423054E-02  1.206416E-01
  7.996238E-01  7.138233E-02  1.504458E-01
  8.094591E-01  7.940786E-02  1.803460E-01
  8.194155E-01  8.841314E-02  2.102918E-01
  8.294943E-01  9.851545E-02  2.402330E-01
  8.396971E-01  1.098439E-01  2.701194E-01
  8.500253E-01  1.225402E-01  2.999013E-01
  8.604806E-01  1.367585E-01  3.295294E-01
  8.710646E-01  1.526661E-01  3.589548E-01
  8.817787E-01  1.704429E-01  3.881295E-01
  8.926245E-01  1.902807E-01  4.170061E-01
  9.036038E-01  2.123821E-01  4.455382E-01
  9.147181E-01  2.369585E-01  4.736803E-01
  9.259692E-01  2.642276E-01  5.013881E-01
  9.373586E-01  2.944099E-01  5.286183E-01
  9.488881E-01  3.277237E-01  5.553290E-01
  9.605594E-01  3.643795E-01  5.814798E-01
  9.723743E-01  4.045729E-01  6.070314E-01
  9.843345E-01  4.484763E-01  6.319463E-01
  9.964418E-01  4.962287E-01  6.561885E-01
  1.008698E+00  5.479249E-01  6.797238E-01
  1.021105E+00  6.036031E-01  7.025194E-01
  1.033665E+00  6.632315E-01  7.245445E-01
  1.046379E+00  7.266943E-01  7.457701E-01
  1.059249E+00  7.937770E-01  7.661690E-01
  1.072278E+00  8.641520E-01  7.857158E-01
  1.085467E+00  9.373644E-01  8.043869E-01
  1.098818E+00  1.012820E+00  8.221608E-01
  1.112334E+00  1.089774E+00  8.390176E-01
  1.126015E+00  1.167326E+00  8.549394E-01
  1.139865E+00  1.244420E+00  8.699102E-01
  1.153886E+00  1.319851E+00  8.839157E-01
  1.168078E+00  1.392285E+00  8.969436E-01
  1.182446E+00  1.460289E+00  9.089833E-01
  1.196990E+00  1.522381E+00  9.200260E-01
  1.211713E+00  1.577088E+00  9.300649E-01
  1.226617E+00  1.623027E+00  9.390951E-01
  1.241704E+00  1.659003E+00  9.471133E-01
  1.256977E+00  1.684065E+00  9.541183E-01
  1.272438E+00  1.697456E+00  9.601108E-01
  1.288089E+00  1.698537E+00  9.650933E-01
  1.303933E+00  1.686887E+00  9.690703E-01
  1.319971E+00  1.662509E+00  9.720481E-01
  1.336207E+00  1.625849E+00  9.740349E-01
  1.352642E+00  1.577737E+00  9.750408E-01
  1.369280E+00  1.519331E+00  9.750777E-01
  1.386122E+00  1.452057E+00  9.741593E-01
  1.403171E+00  1.377536E+00  9.723010E-01
  1.420430E+00  1.297506E+00  9.695198E-01
  1.437901E+00  1.213752E+00  9.658347E-01
  1.455587E+00  1.128031E+00  9.612657E-01
  1.473491E+00  1.042012E+00  9.558348E-01
  1.491615E+00  9.572231E-01  9.495651E-01
  1.509962E+00  8.750094E-01  9.424813E-01
  1.528534E+00  7.965051E-01  9.346092E-01
  1.547335E+00  7.226156E-01  9.259759E-01
  1.566368E+00  6.540135E-01  9.166095E-01
  1.585634E+00  5.911451E-01  9.065393E-01
  1.605137E+00  5.342467E-01  8.957954E-01
  1.624880E+00  4.833680E-01  8.844088E-01
  1.644867E+00  4.383991E-01  8.724111E-01
  1.665098E+00  3.990995E-01  8.598349E-01
  1.685579E+00  3.651267E-01  8.467131E-01
  1.706312E+00  3.360609E-01  8.330790E-01
  1.727299E+00  3.114279E-01  8.189666E-01
  1.748545E+00  2.907168E-01  8.044098E-01
  1.770052E+00  2.733957E-01  7.894430E-01
  1.791824E+00  2.589253E-01  7.741004E-01
  1.813863E+00  2.467732E-01  7.584165E-01
  1.836174E+00  2.364303E-01  7.424255E-01
  1.858759E+00  2.274295E-01  7.261613E-01
  1.881621E+00  2.193620E-01  7.096579E-01
  1.904765E+00  2.118915E-01  6.929485E-01
  1.928194E+00  2.047668E-01  6.760662E-01
  1.951911E+00  1.978300E-01  6.590434E-01
  1.975919E+00  1.910157E-01  6.419120E-01
  2.000223E+00  1.843139E-01  6.247030E-01
  2.024826E+00  1.777307E-01  6.074469E-01
  2.049731E+00  1.712737E-01  5.901734E-01
  2.074943E+00  1.649491E-01  5.729111E-01
  2.100465E+00  1.587611E-01  5.556879E-01
  2.126300E+00  1.527116E-01  5.385306E-01
  2.152454E+00  1.468006E-01  5.214650E-01
  2.178929E+00  1.410269E-01  5.045157E-01
  2.205730E+00  1.353891E-01  4.877066E-01
  2.232860E+00  1.298862E-01  4.710600E-01
  2.260325E+00  1.245175E-01  4.545972E-01
  2.288127E+00  1.192831E-01  4.383385E-01
  2.316271E+00  1.141833E-01  4.223027E-01
  2.344761E+00  1.092185E-01  4.065076E-01
  2.373601E+00  1.043893E-01  3.909696E-01
  2.402797E+00  9.969598E-02  3.757040E-01
  2.432351E+00  9.513882E-02  3.607249E-01
  2.462269E+00  9.071782E-02  3.460451E-01
  2.492555E+00  8.643280E-02  3.316762E-01
  2.523213E+00  8.228336E-02  3.176287E-01
  2.554249E+00  7.826889E-02  3.039119E-01
  2.585666E+00  7.438859E-02  2.905338E-01
  2.617470E+00  7.064145E-02  2.775015E-01
  2.649665E+00  6.702630E-02  2.648208E-01
  2.682255E+00  6.354178E-02  2.524965E-01
  2.715247E+00  6.018634E-02  2.405325E-01
  2.748645E+00  5.695829E-02  2.289315E-01
  2.782453E+00  5.385579E-02  2.176952E-01
  2.816677E+00  5.087683E-02  2.068246E-01
  2.851322E+00  4.801928E-02  1.963194E-01
  2.886394E+00  4.528087E-02  1.861788E-01
  2.921896E+00  4.265922E-02  1.764011E-01
  2.957836E+00  4.015184E-02  1.669836E-01
  2.994217E+00  3.775615E-02  1.579231E-01
  3.031046E+00  3.546947E-02  1.492155E-01
  3.068328E+00  3.328905E-02  1.408564E-01
  3.106068E+00  3.121209E-02  1.328404E-01
  3.144273E+00  2.923570E-02  1.251618E-01
  3.182947E+00  2.735698E-02  1.178144E-01
  3.222098E+00  2.557297E-02  1.107914E-01
  3.261729E+00  2.388069E-02  1.040858E-01
  3.301849E+00  2.227713E-02  9.769019E-02
  3.342461E+00  2.075930E-02  9.159674E-02
  3.383574E+00  1.932418E-02  8.579751E-02
  3.425192E+00  1.796875E-02  8.028429E-02
  3.467321E+00  1.669003E-02  7.504869E-02
  3.509970E+00  1.548504E-02  7.008219E-02
  3.553142E+00  1.435082E-02  6.537614E-02
  3.596846E+00  1.328446E-02  6.092184E-02
  3.641087E+00  1.228307E-02  5.671053E-02
  3.685872E+00  1.134381E-02  5.273344E-02
  3.731209E+00  1.046388E-02  4.898180E-02
  3.777102E+00  9.640554E-03  4.544688E-02
  3.823561E+00  8.871129E-03  4.212001E-02
  3.870591E+00  8.152981E-03  3.899259E-02
  3.918199E+00  7.483547E-03  3.605611E-02
  3.966393E+00  6.860325E-03  3.330220E-02
  4.015179E+00  6.280884E-03  3.072260E-02
  4.064566E+00  5.742863E-03  2.830921E-02
  4.114560E+00  5.243974E-03  2.605409E-02
  4.165169E+00  4.782002E-03  2.394947E-02
  4.216401E+00  4.354808E-03  2.198777E-02
  4.268263E+00  3.960327E-03  2.016161E-02
  4.320762E+00  3.596574E-03  1.846380E-02
  4.373908E+00  3.261638E-03  1.688738E-02
  4.427707E+00  2.953688E-03  1.542560E-02
  4.482167E+00  2.670968E-03  1.407192E-02
  4.537298E+00  2.411800E-03  1.282006E-02
  4.593107E+00  2.174582E-03  1.166392E-02
  4.649602E+00  1.957788E-03  1.059768E-02
  4.706792E+00  1.759966E-03  9.615724E-03
  4.764686E+00  1.579739E-03  8.712671E-03
  4.823291E+00  1.415802E-03  7.883377E-03
  4.882618E+00  1.266919E-03  7.122925E-03
  4.942674E+00  1.131927E-03  6.426626E-03
  5.003469E+00  1.009727E-03  5.790016E-03
  5.065012E+00  8.992900E-04  5.208855E-03
  5.127311E+00  7.996476E-04  4.679119E-03
  5.190377E+00  7.098946E-04  4.196999E-03
  5.254219E+00  6.291853E-04  3.758894E-03
  5.318846E+00  5.567313E-04  3.361409E-03
  5.384268E+00  4.917994E-04  3.001348E-03
  5.450494E+00  4.337088E-04  2.675705E-03
  5.517535E+00  3.818288E-04  2.381665E-03
  5.585401E+00  3.355767E-04  2.116590E-03
  5.654101E+00  2.944146E-04  1.878018E-03
  5.723647E+00  2.578478E-04  1.663653E-03
  5.794048E+00  2.254217E-04  1.471358E-03
  5.865314E+00  1.967195E-04  1.299150E-03
  5.937458E+00  1.713602E-04  1.145193E-03
  6.010488E+00  1.489959E-04  1.007785E-03
  6.084417E+00  1.293098E-04  8.853602E-04
  6.159256E+00  1.120139E-04  7.764727E-04
  6.235015E+00  9.684708E-05  6.797957E-04
  6.311705E+00  8.357289E-05  5.941117E-04
  6.389339E+00  7.197787E-05  5.183062E-04
  6.467928E+00  6.186959E-05  4.513613E-04
  6.547484E+00  5.307503E-05  3.923490E-04
  6.628018E+00  4.543890E-05  3.404250E-04
  6.709542E+00  3.882216E-05  2.948231E-04
  6.792070E+00  3.310057E-05  2.548488E-04
  6.875612E+00  2.816337E-05  2.198743E-04
  6.960182E+00  2.391201E-05  1.893333E-04
  7.045792E+00  2.025904E-05  1.627156E-04
  7.132456E+00  1.712699E-05  1.395630E-04
  7.220185E+00  1.444744E-05  1.194647E-04
  7.308993E+00  1.216003E-05  1.020530E-04
  7.398894E+00  1.021172E-05  8.699967E-05
  7.489900E+00  8.555933E-06  7.401223E-05
  7.582026E+00  7.151927E-06  6.283071E-05
  7.675285E+00  5.964122E-06  5.322446E-05
  7.769691E+00  4.961535E-06  4.498934E-05
  7.865258E+00  4.117255E-06  3.794506E-05
  7.962001E+00  3.407972E-06  3.193272E-05
  8.059933E+00  2.813552E-06  2.681264E-05
  8.159071E+00  2.316655E-06  2.246230E-05
  8.259427E+00  1.902396E-06  1.877446E-05
  8.361018E+00  1.558034E-06  1.565550E-05
  8.463859E+00  1.272704E-06  1.302388E-05
  8.567964E+00  1.037139E-06  1.080874E-05
  8.673350E+00  8.432902E-07  8.948671E-06
  8.780032E+00  6.841303E-07  7.390574E-06
  8.888027E+00  5.536777E-07  6.088652E-06
  8.997349E+00  4.469564E-07  5.003510E-06
  9.108017E+00  3.598448E-07  4.101341E-06
  9.220045E+00  2.889185E-07  3.353216E-06
  9.333452E+00  2.313250E-07  2.734442E-06
  9.448253E+00  1.846881E-07  2.223996E-06
  9.564467E+00  1.470311E-07  1.804031E-06
  9.682110E+00  1.167130E-07  1.459437E-06
  9.801200E+00  9.237497E-08  1.177455E-06
  9.921755E+00  7.289546E-08  9.473426E-07
  1.004379E+01  5.735126E-08  7.600809E-07
  1.016733E+01  4.498487E-08  6.081188E-07
  1.029239E+01  3.517675E-08  4.851529E-07
  1.041899E+01  2.742172E-08  3.859368E-07
  1.054714E+01  2.130920E-08  3.061163E-07
  1.067687E+01  1.650657E-08  2.420888E-07
  1.080819E+01  1.274521E-08  1.908824E-07
  1.094113E+01  9.808901E-09  1.500532E-07
  1.107571E+01  7.524199E-09  1.175973E-07
  1.121194E+01  5.752403E-09  9.187697E-08
  1.134985E+01  4.382986E-09  7.155789E-08
  1.148945E+01  3.328167E-09  5.555641E-08
  1.163077E+01  2.518468E-09  4.299525E-08
  1.177383E+01  1.899095E-09  3.316653E-08
  1.191865E+01  1.426979E-09  2.550096E-08
  1.206525E+01  1.068393E-09  1.954219E-08
  1.221365E+01  7.970203E-10  1.492564E-08
  1.236388E+01  5.923990E-10  1.136106E-08
  1.251595E+01  4.386799E-10  8.618138E-09
  1.266990E+01  3.236322E-10  6.514768E-09
  1.282574E+01  2.378529E-10  4.907469E-09
  1.298350E+01  1.741406E-10  3.683589E-09
  1.314319E+01  1.270016E-10  2.754998E-09
  1.330486E+01  9.226108E-11  2.053003E-09
  1.346851E+01  6.675914E-11  1.524253E-09
  1.363417E+01  4.811364E-11  1.127468E-09
  1.380187E+01  3.453601E-11  8.308306E-10
  1.397163E+01  2.468887E-11  6.099042E-10
  1.414348E+01  1.757640E-11  4.459969E-10
  1.431745E+01  1.246024E-11  3.248650E-10
  1.449355E+01  8.795319E-12  2.356973E-10
  1.467182E+01  6.181065E-12  1.703201E-10
  1.485229E+01  4.324342E-12  1.225790E-10
  1.503497E+01  3.011518E-12  8.785848E-11
  1.521990E+01  2.087516E-12  6.271150E-11
  1.540710E+01  1.440217E-12  4.457431E-11
  1.559661E+01  9.889106E-13  3.154816E-11
  1.578845E+01  6.757653E-13  2.223273E-11
  1.598265E+01  4.595396E-13  1.559978E-11
  1.617923E+01  3.109685E-13  1.089752E-11
  1.637824E+01  2.093890E-13  7.578737E-12
  1.657969E+01  1.402852E-13  5.246900E-12
  1.678362E+01  9.351194E-14  3.615942E-12
  1.699006E+01  6.201471E-14  2.480437E-12
  1.719904E+01  4.091381E-14  1.693553E-12
  1.741059E+01  2.685139E-14  1.150822E-12
  1.762474E+01  1.752909E-14  7.782712E-13
  1.784152E+01  1.138206E-14  5.237712E-13
  1.806097E+01  7.350612E-15  3.507633E-13
  1.828312E+01  4.721064E-15  2.337342E-13
  1.850800E+01  3.015376E-15  1.549671E-13
  1.873565E+01  1.915135E-15  1.022206E-13
  1.896610E+01  1.209439E-15  6.707991E-14
  1.919938E+01  7.593914E-16  4.378983E-14
  1.943554E+01  4.740386E-16  2.843499E-14
  1.967459E+01  2.941691E-16  1.836553E-14
  1.991659E+01  1.814614E-16  1.179765E-14
  2.016156E+01  1.112610E-16  7.537024E-15
  2.040955E+01  6.780176E-17  4.788368E-15
  2.066059E+01  4.106243E-17  3.025019E-15
  2.091471E+01  2.471273E-17  1.900166E-15
  2.117196E+01  1.477855E-17  1.186716E-15
  2.143238E+01  8.781282E-18  7.368228E-16
  2.169600E+01  0.000000E+00  4.547876E-16
  2.196286E+01  0.000000E+00  2.790305E-16
  2.223300E+01  0.000000E+00  1.701609E-16
  2.250647E+01  0.000000E+00  1.031335E-16
  2.278330E+01  0.000000E+00  6.212112E-17
  2.306353E+01  0.000000E+00  3.718296E-17
  2.334721E+01  0.000000E+00  2.211464E-17
  2.363438E+01  0.000000E+00  1.306810E-17
  2.392509E+01  0.000000E+00  7.671967E-18
  2.421937E+01  0.000000E+00  4.474318E-18
  2.451726E+01  0.000000E+00  2.592010E-18
  2.481883E+01  0.000000E+00  1.491421E-18
  2.512410E+01  0.000000E+00  8.522774E-19
  2.543312E+01  0.000000E+00  4.836615E-19
  2.574595E+01  0.000000E+00  2.725486E-19
  2.606263E+01  0.000000E+00  1.524930E-19
  2.638320E+01  0.000000E+00  8.470718E-20
  2.670771E+01  0.000000E+00  4.671060E-20
  2.703622E+01  0.000000E+00  2.556784E-20
  2.736876E+01  0.000000E+00  1.389040E-20
  2.770540E+01  0.000000E+00  7.488868E-21
  2.804617E+01  0.000000E+00  4.006465E-21
  2.839114E+01  0.000000E+00  3.516932E-14
  2.874035E+01  0.000000E+00  2.301056E-14
  2.909386E+01  0.000000E+00  1.497505E-14
  2.945171E+01  0.000000E+00  9.692997E-15
  2.981397E+01  0.000000E+00  6.239761E-15
  3.018068E+01  0.000000E+00  3.994558E-15
  3.055190E+01  0.000000E+00  2.542915E-15
  3.092769E+01  0.000000E+00  1.609639E-15
  3.130810E+01  0.000000E+00  1.013081E-15
  3.169319E+01  0.000000E+00  0.000000E+00
  3.208302E+01  0.000000E+00  0.000000E+00
  3.247764E+01  0.000000E+00  0.000000E+00
  3.287711E+01  0.000000E+00  0.000000E+00
  3.328150E+01  0.000000E+00  0.000000E+00
  3.369087E+01  0.000000E+00  0.000000E+00
  3.410526E+01  0.000000E+00  0.000000E+00
  3.452476E+01  0.000000E+00  0.000000E+00
  3.494941E+01  0.000000E+00  0.000000E+00
  3.537929E+01  0.000000E+00  0.000000E+00
  3.581445E+01  0.000000E+00  0.000000E+00
  3.625497E+01  0.000000E+00  0.000000E+00
  3.670091E+01  0.000000E+00  0.000000E+00
  3.715233E+01  0.000000E+00  0.000000E+00
  3.760930E+01  0.000000E+00  0.000000E+00
  3.807190E+01  0.000000E+00  0.000000E+00
  3.854018E+01  0.000000E+00  0.000000E+00
  3.901423E+01  0.000000E+00  0.000000E+00
  3.949410E+01  0.000000E+00  0.000000E+00
  3.997988E+01  0.000000E+00  0.000000E+00
  4.047163E+01  0.000000E+00  0.000000E+00
  4.096943E+01  0.000000E+00  0.000000E+00
  4.147336E+01  0.000000E+00  0.000000E+00
  4.198348E+01  0.000000E+00  0.000000E+00
  4.249988E+01  0.000000E+00  0.000000E+00
  4.302262E+01  0.000000E+00  0.000000E+00
  4.355180E+01  0.000000E+00  0.000000E+00
  4.408749E+01  0.000000E+00  0.000000E+00
  4.462977E+01  0.000000E+00  0.000000E+00
  4.517871E+01  0.000000E+00  0.000000E+00
  4.573441E+01  0.000000E+00  0.000000E+00
  4.629694E+01  0.000000E+00  0.000000E+00
  4.686640E+01  0.000000E+00  0.000000E+00
  4.744285E+01  0.000000E+00  0.000000E+00
  4.802640E+01  0.000000E+00  0.000000E+00
  4.861712E+01  0.000000E+00  0.000000E+00
  4.921512E+01  0.000000E+00  0.000000E+00
  4.982046E+01  0.000000E+00  0.000000E+00
  5.043325E+01  0.000000E+00  0.000000E+00
  5.105358E+01  0.000000E+00  0.000000E+00
  5.168154E+01  0.000000E+00  0.000000E+00
  5.231722E+01  0.000000E+00  0.000000E+00
  5.296073E+01  0.000000E+00  0.000000E+00
  5.361214E+01  0.000000E+00  0.000000E+00
  5.427157E+01  0.000000E+00  0.000000E+00
  5.493911E+01  0.000000E+00  0.000000E+00
  5.561486E+01  0.000000E+00  0.000000E+00
  5.629893E+01  0.000000E+00  0.000000E+00
  5.699140E+01  0.000000E+00  0.000000E+00
  5.769240E+01  0.000000E+00  0.000000E+00
  5.840201E+01  0.000000E+00  0.000000E+00
  5.912036E+01  0.000000E+00  0.000000E+00
  5.984754E+01  0.000000E+00  0.000000E+00
  6.058366E+01  0.000000E+00  0.000000E+00
  6.132884E+01  0.000000E+00  0.000000E+00
  6.208319E+01  0.000000E+00  0.000000E+00
  6.284681E+01  0.000000E+00  0.000000E+00
  6.361983E+01  0.000000E+00  0.000000E+00
  6.440235E+01  0.000000E+00  0.000000E+00
  6.519450E+01  0.000000E+00  0.000000E+00
  6.599639E+01  0.000000E+00  0.000000E+00
  6.680815E+01  0.000000E+00  0.000000E+00
  6.762989E+01  0.000000E+00  0.000000E+00
  6.846173E+01  0.000000E+00  0.000000E+00
  6.930381E+01  0.000000E+00  0.000000E+00
  7.015625E+01  0.000000E+00  0.000000E+00
  7.101917E+01  0.000000E+00  0.000000E+00
  7.189271E+01  0.000000E+00  0.000000E+00
  7.277699E+01  0.000000E+00  0.000000E+00
  7.367215E+01  0.000000E+00  0.000000E+00
  7.457831E+01  0.000000E+00  0.000000E+00
  7.549563E+01  0.000000E+00  0.000000E+00
  7.642422E+01  0.000000E+00  0.000000E+00
  7.736424E+01  0.000000E+00  0.000000E+00
  7.831582E+01  0.000000E+00  0.000000E+00
