  4.464285714285700E-004  2.353689381992106E-002
  4.519196428571400E-004  2.353689392202675E-002
  4.574782544642900E-004  2.353689402665969E-002
  4.631052369942000E-004  2.353689413388243E-002
  4.688014314092200E-004  2.353689425177966E-002
  4.745676890155600E-004  2.353689439621790E-002
  4.804048715904500E-004  2.353689456343074E-002
  4.863138515110100E-004  2.353689475455486E-002
  4.922955118846000E-004  2.353689496994460E-002
  4.983507466807800E-004  2.353689520996391E-002
  5.044804608649500E-004  2.353689547498760E-002
  5.106855705335900E-004  2.353689576540210E-002
  5.169670030511499E-004  2.353689608160779E-002
  5.233256971886800E-004  2.353689642401613E-002
  5.297626032641001E-004  2.353689679305283E-002
  5.362786832842500E-004  2.353689718915594E-002
  5.428749110886500E-004  2.353689761277743E-002
  5.495522724950400E-004  2.353689806438362E-002
  5.563117654467300E-004  2.353689854445397E-002
  5.631544001617200E-004  2.353689905348346E-002
  5.700811992837100E-004  2.353689959198032E-002
  5.770931980349000E-004  2.353690016046936E-002
  5.841914443707300E-004  2.353690075949032E-002
  5.913769991364900E-004  2.353690138959885E-002
  5.986509362258700E-004  2.353690205136660E-002
  6.060143427414500E-004  2.353690274538192E-002
  6.134683191571700E-004  2.353690347225031E-002
  6.210139794828000E-004  2.353690423259443E-002
  6.286524514304400E-004  2.353690502705404E-002
  6.363848765830301E-004  2.353690585628835E-002
  6.442124105650000E-004  2.353690672097375E-002
  6.521362232149500E-004  2.353690762180630E-002
  6.601574987605000E-004  2.353690855950121E-002
  6.682774359952500E-004  2.353690953479490E-002
  6.764972484579900E-004  2.353691054844215E-002
  6.848181646140300E-004  2.353691160121907E-002
  6.932414280387800E-004  2.353691269392470E-002
  7.017682976036600E-004  2.353691382737766E-002
  7.104000476641800E-004  2.353691500242085E-002
  7.191379682504500E-004  2.353691621991823E-002
  7.279833652599300E-004  2.353691748075847E-002
  7.369375606526300E-004  2.353691878585350E-002
  7.460018926486600E-004  2.353692013614032E-002
  7.551777159282300E-004  2.353692153258145E-002
  7.644664018341500E-004  2.353692297616305E-002
  7.738693385767100E-004  2.353692446789992E-002
  7.833879314412100E-004  2.353692600883233E-002
  7.930236029979300E-004  2.353692760002991E-002
  8.027777933148100E-004  2.353692924258786E-002
  8.126519601725800E-004  2.353693093763299E-002
  8.226475792827000E-004  2.353693268632015E-002
  8.327661445078800E-004  2.353693448983461E-002
  8.430091680853300E-004  2.353693634939338E-002
  8.533781808527800E-004  2.353693826624513E-002
  8.638747324772600E-004  2.353694024167132E-002
  8.745003916867300E-004  2.353694227698544E-002
  8.852567465044800E-004  2.353694437353643E-002
  8.961454044864900E-004  2.353694653270805E-002
  9.071679929616700E-004  2.353694875592037E-002
  9.183261592751000E-004  2.353695104462888E-002
  9.296215710341800E-004  2.353695340032796E-002
  9.410559163579000E-004  2.353695582454956E-002
  9.526309041291100E-004  2.353695831886526E-002
  9.643482642498901E-004  2.353696088488848E-002
  9.762097479001700E-004  2.353696352427141E-002
  9.882171277993399E-004  2.353696623871116E-002
  1.000372198471300E-003  2.353696902994540E-002
  1.012676776512500E-003  2.353697189976070E-002
  1.025132700863600E-003  2.353697484998575E-002
  1.037741833084200E-003  2.353697788249731E-002
  1.050506057631100E-003  2.353698099921916E-002
  1.063427282140000E-003  2.353698420212056E-002
  1.076507437710300E-003  2.353698749323061E-002
  1.089748479194100E-003  2.353699087462199E-002
  1.103152385488200E-003  2.353699434841926E-002
  1.116721159829700E-003  2.353699791680662E-002
  1.130456830095600E-003  2.353700158201988E-002
  1.144361449105800E-003  2.353700534635106E-002
  1.158437094929800E-003  2.353700921215362E-002
  1.172685871197500E-003  2.353701318183457E-002
  1.187109907413200E-003  2.353701725787181E-002
  1.201711359274400E-003  2.353702144279370E-002
  1.216492408993400E-003  2.353702573920360E-002
  1.231455265624100E-003  2.353703014975523E-002
  1.246602165391200E-003  2.353703467719106E-002
  1.261935372025600E-003  2.353703932429809E-002
  1.277457177101500E-003  2.353704409395596E-002
  1.293169900379800E-003  2.353704898910383E-002
  1.309075890154500E-003  2.353705401275339E-002
  1.325177523603400E-003  2.353705916799992E-002
  1.341477207143700E-003  2.353706445801217E-002
  1.357977376791600E-003  2.353706988603606E-002
  1.374680498526100E-003  2.353707545540596E-002
  1.391589068658000E-003  2.353708116953071E-002
  1.408705614202500E-003  2.353708703191236E-002
  1.426032693257200E-003  2.353709304613675E-002
  1.443572895384200E-003  2.353709921588281E-002
  1.461328841997500E-003  2.353710554491215E-002
  1.479303186754000E-003  2.353711203709657E-002
  1.497498615951100E-003  2.353711869638780E-002
  1.515917848927300E-003  2.353712552684784E-002
  1.534563638469100E-003  2.353713253263591E-002
  1.553438771222300E-003  2.353713971801424E-002
  1.572546068108300E-003  2.353714708735595E-002
  1.591888384746000E-003  2.353715464513815E-002
  1.611468611878400E-003  2.353716239595019E-002
  1.631289675804500E-003  2.353717034450000E-002
  1.651354538816900E-003  2.353717849560934E-002
  1.671666199644400E-003  2.353718685422017E-002
  1.692227693900000E-003  2.353719542540233E-002
  1.713042094535000E-003  2.353720421434462E-002
  1.734112512297700E-003  2.353721322637353E-002
  1.755442096199000E-003  2.353722246693732E-002
  1.777034033982300E-003  2.353723194162918E-002
  1.798891552600200E-003  2.353724165618256E-002
  1.821017918697200E-003  2.353725161646342E-002
  1.843416439097200E-003  2.353726182849254E-002
  1.866090461298100E-003  2.353727229843865E-002
  1.889043373972100E-003  2.353728303262207E-002
  1.912278607471900E-003  2.353729403752449E-002
  1.935799634343800E-003  2.353730531978230E-002
  1.959609969846200E-003  2.353731688620237E-002
  1.983713172475400E-003  2.353732874375548E-002
  2.008112844496800E-003  2.353734089959534E-002
  2.032812632484100E-003  2.353735336104303E-002
  2.057816227863700E-003  2.353736613560539E-002
  2.083127367466400E-003  2.353737923097909E-002
  2.108749834086200E-003  2.353739265504782E-002
  2.134687457045500E-003  2.353740641589042E-002
  2.160944112767100E-003  2.353742052179232E-002
  2.187523725354200E-003  2.353743498123590E-002
  2.214430267176000E-003  2.353744980292444E-002
  2.241667759462300E-003  2.353746499576738E-002
  2.269240272903700E-003  2.353748056890239E-002
  2.297151928260400E-003  2.353749653169172E-002
  2.325406896978000E-003  2.353751289372896E-002
  2.354009401810800E-003  2.353752966484749E-002
  2.382963717453100E-003  2.353754685512233E-002
  2.412274171177800E-003  2.353756447488130E-002
  2.441945143483300E-003  2.353758253470760E-002
  2.471981068748100E-003  2.353760104544762E-002
  2.502386435893700E-003  2.353762001821404E-002
  2.533165789055200E-003  2.353763946439790E-002
  2.564323728260600E-003  2.353765939567202E-002
  2.595864910118200E-003  2.353767982399960E-002
  2.627794048512700E-003  2.353770076163842E-002
  2.660115915309400E-003  2.353772222115357E-002
  2.692835341067700E-003  2.353774421541891E-002
  2.725957215762800E-003  2.353776675762901E-002
  2.759486489516700E-003  2.353778986130388E-002
  2.793428173337700E-003  2.353781354030212E-002
  2.827787339869800E-003  2.353783780882097E-002
  2.862569124150200E-003  2.353786268141511E-002
  2.897778724377200E-003  2.353788817299761E-002
  2.933421402687100E-003  2.353791429884870E-002
  2.969502485940100E-003  2.353794107463352E-002
  3.006027366517200E-003  2.353796851639879E-002
  3.043001503125300E-003  2.353799664059520E-002
  3.080430421613800E-003  2.353802546407479E-002
  3.118319715799600E-003  2.353805500411436E-002
  3.156675048304000E-003  2.353808527841195E-002
  3.195502151398100E-003  2.353811630511098E-002
  3.234806827860300E-003  2.353814810279906E-002
  3.274594951843000E-003  2.353818069052712E-002
  3.314872469750700E-003  2.353821408781787E-002
  3.355645401128600E-003  2.353824831467890E-002
  3.396919839562500E-003  2.353828339161090E-002
  3.438701953589100E-003  2.353831933962551E-002
  3.480997987618200E-003  2.353835618025372E-002
  3.523814262865900E-003  2.353839393555922E-002
  3.567157178299200E-003  2.353843262815338E-002
  3.611033211592300E-003  2.353847228120905E-002
  3.655448920094900E-003  2.353851291847192E-002
  3.700410941812000E-003  2.353855456427737E-002
  3.745925996396300E-003  2.353859724356077E-002
  3.792000886152000E-003  2.353864098187832E-002
  3.838642497051700E-003  2.353868580541872E-002
  3.885857799765400E-003  2.353873174102034E-002
  3.933653850702500E-003  2.353877881618465E-002
  3.982037793066100E-003  2.353882705909624E-002
  4.031016857920900E-003  2.353887649863565E-002
  4.080598365273300E-003  2.353892716440373E-002
  4.130789725166100E-003  2.353897908673097E-002
  4.181598438785700E-003  2.353903229669861E-002
  4.233032099582800E-003  2.353908682616142E-002
  4.285098394407600E-003  2.353914270776275E-002
  4.337805104658800E-003  2.353919997495208E-002
  4.391160107446100E-003  2.353925866201008E-002
  4.445171376767700E-003  2.353931880406621E-002
  4.499846984702000E-003  2.353938043712021E-002
  4.555195102613800E-003  2.353944359806556E-002
  4.611224002376000E-003  2.353950832470664E-002
  4.667942057605200E-003  2.353957465578808E-002
  4.725357744913700E-003  2.353964263101234E-002
  4.783479645176200E-003  2.353971229106507E-002
  4.842316444811800E-003  2.353978367764363E-002
  4.901876937083000E-003  2.353985683347426E-002
  4.962170023409100E-003  2.353993180234520E-002
  5.023204714697100E-003  2.354000862912749E-002
  5.084990132687800E-003  2.354008735980745E-002
  5.147535511319900E-003  2.354016804150644E-002
  5.210850198109100E-003  2.354025072251773E-002
  5.274943655545900E-003  2.354033545232815E-002
  5.339825462509100E-003  2.354042228165394E-002
  5.405505315698000E-003  2.354051126246570E-002
  5.471993031081000E-003  2.354060244802463E-002
  5.539298545363300E-003  2.354069589290863E-002
  5.607431917471300E-003  2.354079165305073E-002
  5.676403330056200E-003  2.354088978577015E-002
  5.746223091015900E-003  2.354099034980611E-002
  5.816901635035400E-003  2.354109340535413E-002
  5.888449525146300E-003  2.354119901410203E-002
  5.960877454305600E-003  2.354130723926585E-002
  6.034196246993600E-003  2.354141814562926E-002
  6.108416860831600E-003  2.354153179958273E-002
  6.183550388219800E-003  2.354164826916127E-002
  6.259608057994900E-003  2.354176762408683E-002
  6.336601237108300E-003  2.354188993580979E-002
  6.414541432324700E-003  2.354201527755350E-002
  6.493440291942300E-003  2.354214372435458E-002
  6.573309607533200E-003  2.354227535311142E-002
  6.654161315705800E-003  2.354241024262942E-002
  6.736007499889000E-003  2.354254847366649E-002
  6.818860392137700E-003  2.354269012898444E-002
  6.902732374961000E-003  2.354283529339801E-002
  6.987635983173000E-003  2.354298405382427E-002
  7.073583905766000E-003  2.354313649933611E-002
  7.160588987806900E-003  2.354329272121558E-002
  7.248664232356900E-003  2.354345281300904E-002
  7.337822802414900E-003  2.354361687058289E-002
  7.428078022884600E-003  2.354378499218219E-002
  7.519443382566100E-003  2.354395727848858E-002
  7.611932536171700E-003  2.354413383268180E-002
  7.705559306366600E-003  2.354431476050185E-002
  7.800337685834900E-003  2.354450017031156E-002
  7.896281839370699E-003  2.354469017316268E-002
  7.993406105994900E-003  2.354488488286368E-002
  8.091725001098700E-003  2.354508441604529E-002
  8.191253218612200E-003  2.354528889223523E-002
  8.292005633201101E-003  2.354549843392630E-002
  8.393997302489501E-003  2.354571316665172E-002
  8.497243469310099E-003  2.354593321906188E-002
  8.601759563982601E-003  2.354615872300001E-002
  8.707561206619601E-003  2.354638981358287E-002
  8.814664209461000E-003  2.354662662928250E-002
  8.923084579237401E-003  2.354686931200856E-002
  9.032838519562001E-003  2.354711800719583E-002
  9.143942433352601E-003  2.354737286389021E-002
  9.256412925282899E-003  2.354763403483957E-002
  9.370266804263901E-003  2.354790167658697E-002
  9.485521085956300E-003  2.354817594956403E-002
  9.602192995313600E-003  2.354845701818735E-002
  9.720299969155900E-003  2.354874505096063E-002
  9.839859658776500E-003  2.354904022057334E-002
  9.960889932579500E-003  2.354934270400749E-002
  1.008340887875000E-002  2.354965268264579E-002
  1.020743480795900E-002  2.354997034237423E-002
  1.033298625609700E-002  2.355029587370852E-002
  1.046008198704700E-002  2.355062947189659E-002
  1.058874099548700E-002  2.355097133704525E-002
  1.071898250973200E-002  2.355132167422733E-002
  1.085082599460200E-002  2.355168069363154E-002
  1.098429115433500E-002  2.355204861067230E-002
  1.111939793553400E-002  2.355242564611166E-002
  1.125616653014100E-002  2.355281202622370E-002
  1.139461737846100E-002  2.355320798290513E-002
  1.153477117221600E-002  2.355361375382031E-002
  1.167664885763500E-002  2.355402958255600E-002
  1.182027163858400E-002  2.355445571877121E-002
  1.196566097973800E-002  2.355489241833698E-002
  1.211283860978900E-002  2.355533994349242E-002
  1.226182652468900E-002  2.355579856302202E-002
  1.241264699094300E-002  2.355626855239749E-002
  1.256532254893200E-002  2.355675019396454E-002
  1.271987601628300E-002  2.355724377711024E-002
  1.287633049128400E-002  2.355774959842202E-002
  1.303470935632700E-002  2.355826796190299E-002
  1.319503628140900E-002  2.355879917913391E-002
  1.335733522767100E-002  2.355934356945945E-002
  1.352163045097100E-002  2.355990146021259E-002
  1.368794650551800E-002  2.356047318688385E-002
  1.385630824753600E-002  2.356105909334753E-002
  1.402674083898100E-002  2.356165953206542E-002
  1.419926975130000E-002  2.356227486430874E-002
  1.437392076924100E-002  2.356290546036982E-002
  1.455071999470300E-002  2.356355169980247E-002
  1.472969385063700E-002  2.356421397165574E-002
  1.491086908500000E-002  2.356489267469812E-002
  1.509427277474600E-002  2.356558821768515E-002
  1.527993232987500E-002  2.356630101960482E-002
  1.546787549753300E-002  2.356703150992621E-002
  1.565813036615200E-002  2.356778012888725E-002
  1.585072536965600E-002  2.356854732774307E-002
  1.604568929170300E-002  2.356933356906939E-002
  1.624305126999100E-002  2.357013932703756E-002
  1.644284080061200E-002  2.357096508771225E-002
  1.664508774245900E-002  2.357181134935825E-002
  1.684982232169100E-002  2.357267862274459E-002
  1.705707513624800E-002  2.357356743147085E-002
  1.726687716042400E-002  2.357447831229487E-002
  1.747925974949700E-002  2.357541181546713E-002
  1.769425464441600E-002  2.357636850507412E-002
  1.791189397654200E-002  2.357734895940076E-002
  1.813221027245400E-002  2.357835377128438E-002
  1.835523645880500E-002  2.357938354850255E-002
  1.858100586724800E-002  2.358043891414420E-002
  1.880955223941500E-002  2.358152050701067E-002
  1.904090973196000E-002  2.358262898202052E-002
  1.927511292166300E-002  2.358376501062753E-002
  1.951219681060000E-002  2.358492928124241E-002
  1.975219683137000E-002  2.358612249968196E-002
  1.999514885239600E-002  2.358734538960694E-002
  2.024108918328100E-002  2.358859869299672E-002
  2.049005458023500E-002  2.358988317062416E-002
  2.074208225157200E-002  2.359119960253639E-002
  2.099720986326600E-002  2.359254878856881E-002
  2.125547554458400E-002  2.359393154885318E-002
  2.151691789378300E-002  2.359534872435206E-002
  2.178157598387600E-002  2.359680117741016E-002
  2.204948936847800E-002  2.359828979230117E-002
  2.232069808771000E-002  2.359981547582041E-002
  2.259524267418900E-002  2.360137915786475E-002
  2.287316415908200E-002  2.360298179205006E-002
  2.315450407823800E-002  2.360462435633792E-002
  2.343930447840100E-002  2.360630785366897E-002
  2.372760792348500E-002  2.360803331264377E-002
  2.401945750094400E-002  2.360980178818647E-002
  2.431489682820500E-002  2.361161436225856E-002
  2.461397005919200E-002  2.361347214456940E-002
  2.491672189092000E-002  2.361537627332714E-002
  2.522319757017900E-002  2.361732791599395E-002
  2.553344290029200E-002  2.361932827007869E-002
  2.584750424796500E-002  2.362137856393575E-002
  2.616542855021500E-002  2.362348005759889E-002
  2.648726332138300E-002  2.362563404363958E-002
  2.681305666023600E-002  2.362784184804510E-002
  2.714285725715700E-002  2.363010483112128E-002
  2.747671440142000E-002  2.363242438842793E-002
  2.781467798855700E-002  2.363480195173691E-002
  2.815679852781700E-002  2.363723899001633E-002
  2.850312714970900E-002  2.363973701045670E-002
  2.885371561365000E-002  2.364229755950658E-002
  2.920861631569800E-002  2.364492222395443E-002
  2.956788229638100E-002  2.364761263204049E-002
  2.993156724862700E-002  2.365037045459432E-002
  3.029972552578500E-002  2.365319740621623E-002
  3.067241214975200E-002  2.365609524648229E-002
  3.104968281919400E-002  2.365906578119464E-002
  3.143159391787000E-002  2.366211086366568E-002
  3.181820252306000E-002  2.366523239603821E-002
  3.220956641409400E-002  2.366843233064867E-002
  3.260574408098700E-002  2.367171267142913E-002
  3.300679473318300E-002  2.367507547534694E-002
  3.341277830840100E-002  2.367852285389505E-002
  3.382375548159400E-002  2.368205697462026E-002
  3.423978767401800E-002  2.368568006269686E-002
  3.466093706240900E-002  2.368939440255168E-002
  3.508726658827600E-002  2.369320233953218E-002
  3.551883996731200E-002  2.369710628161847E-002
  3.595572169891000E-002  2.370110870119978E-002
  3.639797707580600E-002  2.370521213688874E-002
  3.684567219383900E-002  2.370941919539022E-002
  3.729887396182300E-002  2.371373255343430E-002
  3.775765011155400E-002  2.371815495974614E-002
  3.822206920792600E-002  2.372268923708995E-002
  3.869220065918300E-002  2.372733828435495E-002
  3.916811472729100E-002  2.373210507870702E-002
  3.964988253843700E-002  2.373699267779990E-002
  4.013757609366000E-002  2.374200422204250E-002
  4.063126827961200E-002  2.374714293692775E-002
  4.113103287945100E-002  2.375241213542341E-002
  4.163694458386800E-002  2.375781522042460E-002
  4.214907900225000E-002  2.376335568726840E-002
  4.266751267397700E-002  2.376903712631529E-002
  4.319232307986700E-002  2.377486322558342E-002
  4.372358865375000E-002  2.378083777345944E-002
  4.426138879419100E-002  2.378696466146524E-002
  4.480580387635900E-002  2.379324788708587E-002
  4.535691526403800E-002  2.379969155666467E-002
  4.591480532178600E-002  2.380629988836029E-002
  4.647955742724400E-002  2.381307721516469E-002
  4.705125598359900E-002  2.382002798797910E-002
  4.762998643219700E-002  2.382715677875280E-002
  4.821583526531300E-002  2.383446828367814E-002
  4.880889003907700E-002  2.384196732644323E-002
  4.940923938655700E-002  2.384965886154127E-002
  5.001697303101200E-002  2.385754797762403E-002
  5.063218179929400E-002  2.386563990091957E-002
  5.125495763542500E-002  2.387393999868868E-002
  5.188539361434100E-002  2.388245378272737E-002
  5.252358395579700E-002  2.389118691292040E-002
  5.316962403845300E-002  2.390014520082657E-002
  5.382361041412600E-002  2.390933461330879E-002
  5.448564082222000E-002  2.391876127619747E-002
  5.515581420433300E-002  2.392843147798741E-002
  5.583423071904700E-002  2.393835167356264E-002
  5.652099175689100E-002  2.394852848795750E-002
  5.721619995550100E-002  2.395896872013352E-002
  5.791995921495300E-002  2.396967934679300E-002
  5.863237471329700E-002  2.398066752620664E-002
  5.935355292227100E-002  2.399194060207441E-002
  6.008360162321500E-002  2.400350610740517E-002
  6.082262992318000E-002  2.401537176842258E-002
  6.157074827123500E-002  2.402754550849864E-002
  6.232806847497200E-002  2.404003545211984E-002
  6.309470371721400E-002  2.405284992888797E-002
  6.387076857293500E-002  2.406599747755611E-002
  6.465637902638301E-002  2.407948685011508E-002
  6.545165248840699E-002  2.409332701593936E-002
  6.625670781401399E-002  2.410752716598412E-002
  6.707166532012700E-002  2.412209671706783E-002
  6.789664680356400E-002  2.413704531623943E-002
  6.873177555924800E-002  2.415238284523802E-002
  6.957717639862700E-002  2.416811942507755E-002
  7.043297566833000E-002  2.418426542075525E-002
  7.129930126905100E-002  2.420083144610924E-002
  7.217628267466000E-002  2.421782836884596E-002
  7.306405095155800E-002  2.423526731574717E-002
  7.396273877826200E-002  2.425315967808813E-002
  7.487248046523499E-002  2.427151711727948E-002
  7.579341197495700E-002  2.429035157075896E-002
  7.672567094224900E-002  2.430967525814845E-002
  7.766939669483899E-002  2.432950068770736E-002
  7.862473027418500E-002  2.434984066309627E-002
  7.959181445655800E-002  2.437070829047276E-002
  8.057079377437400E-002  2.439211698594913E-002
  8.156181453779800E-002  2.441408048342071E-002
  8.256502485661300E-002  2.443661284279124E-002
  8.358057466235000E-002  2.445972845861919E-002
  8.460861573069700E-002  2.448344206919498E-002
  8.564930170418400E-002  2.450776876607074E-002
  8.670278811514601E-002  2.453272400406125E-002
  8.776923240896201E-002  2.455832361173491E-002
  8.884879396759200E-002  2.458458380240039E-002
  8.994163413339400E-002  2.461152118561626E-002
  9.104791623323399E-002  2.463915277923235E-002
  9.216780560290300E-002  2.466749602197165E-002
  9.330146961181900E-002  2.469656878658025E-002
  9.444907768804400E-002  2.472638939354395E-002
  9.561080134360700E-002  2.475697662539260E-002
  9.678681420013301E-002  2.478834974160644E-002
  9.797729201479501E-002  2.482052849413169E-002
  9.918241270657700E-002  2.485353314352683E-002
  0.100402356382870       2.488738447574488E-002
  0.101637305366380       2.492210381957865E-002
  0.102887444222380       2.495771306477055E-002
  0.104152959786320       2.499423468079868E-002
  0.105434041191690       2.503169173640915E-002
  0.106730879898350       2.507010791981127E-002
  0.108043669721100       2.510950755966664E-002
  0.109372606858670       2.514991564680845E-002
  0.110717889923030       2.519135785676279E-002
  0.112079719969080       2.523386057306892E-002
  0.113458300524700       2.527745091143528E-002
  0.114853837621160       2.532215674475944E-002
  0.116266539823900       2.536800672903751E-002
  0.117696618263730       2.541503033017329E-002
  0.119144286668370       2.546325785175644E-002
  0.120609761394400       2.551272046381411E-002
  0.122093261459550       2.556345023260393E-002
  0.123595008575500       2.561548015141554E-002
  0.125115227180980       2.566884417251210E-002
  0.126654144475300       2.572357724019971E-002
  0.128211990452350       2.577971532505534E-002
  0.129788997934910       2.583729545942725E-002
  0.131385402609510       2.589635577416076E-002
  0.133001443061610       2.595693553669638E-002
  0.134637360811270       2.601907519052718E-002
  0.136293400349250       2.608281639609917E-002
  0.137969809173540       2.614820207321520E-002
  0.139666837826380       2.621527644498456E-002
  0.141384739931640       2.628408508343495E-002
  0.143123772232800       2.635467495676656E-002
  0.144884194631260       2.642709447842474E-002
  0.146666270225230       2.650139355797480E-002
  0.148470265349000       2.657762365393452E-002
  0.150296449612790       2.665583782857647E-002
  0.152145095943030       2.673609080484375E-002
  0.154016480623130       2.681843902545069E-002
  0.155910883334790       2.690294071424885E-002
  0.157828587199810       2.698965593997493E-002
  0.159769878822370       2.707864668249832E-002
  0.161735048331880       2.716997690164594E-002
  0.163724389426360       2.726371260873642E-002
  0.165738199416310       2.735992194096044E-002
  0.167776779269130       2.745867523871580E-002
  0.169840433654140       2.756004512601695E-002
  0.171929470988090       2.766410659415700E-002
  0.174044203481240       2.777093708874464E-002
  0.176184947184060       2.788061660025606E-002
  0.178352022034420       2.799322775830715E-002
  0.180545751905450       2.810885592975987E-002
  0.182766464653880       2.822758932090263E-002
  0.185014492169130       2.834951908380822E-002
  0.187290170422810       2.847473942717301E-002
  0.189593839519010       2.860334773172638E-002
  0.191925843745090       2.873544467051695E-002
  0.194286531623150       2.887113433424827E-002
  0.196676255962120       2.901052436192034E-002
  0.199095373910450       2.915372607703336E-002
  0.201544247009550       2.930085462957124E-002
  0.204023241247770       2.945202914410217E-002
  0.206532727115120       2.960737287422495E-002
  0.209073079658630       2.976701336369339E-002
  0.211644678538430       2.993108261451173E-002
  0.214247908084460       3.009971726235931E-002
  0.216883157353900       3.027305875966615E-002
  0.219550820189350       3.045125356669651E-002
  0.222251295277680       3.063445335104474E-002
  0.224984986209590       3.082281519593267E-002
  0.227752301539970       3.101650181770339E-002
  0.230553654848910       3.121568179299222E-002
  0.233389464803550       3.142052979598335E-002
  0.236260155220640       3.163122684627009E-002
  0.239166155129850       3.184796056781247E-002
  0.242107898837950       3.207092545948884E-002
  0.245085825993660       3.230032317784892E-002
  0.248100381653380       3.253636283259059E-002
  0.251152016347710       3.277926129539131E-002
  0.254241186148790       3.302924352271967E-002
  0.257368352738420       3.328654289330049E-002
  0.260533983477100       3.355140156089010E-002
  0.263738551473870       3.382407082311700E-002
  0.266982535657000       3.410481150713211E-002
  0.270266420845580       3.439389437284521E-002
  0.273590697821980       3.469160053458078E-002
  0.276955863405190       3.499822190201073E-002
  0.280362420525080       3.531406164125223E-002
  0.283810878297540       3.563943465707520E-002
  0.287301752100600       3.597466809717040E-002
  0.290835563651430       3.632010187951672E-002
  0.294412841084350       3.667608924387181E-002
  0.298034119029680       3.704299732852601E-002
  0.301699938693750       3.742120777338007E-002
  0.305410847939680       3.781111735062796E-002
  0.309167401369340       3.821313862417020E-002
  0.312970160406180       3.862770063910690E-002
  0.316819693379180       3.905524964256466E-002
  0.320716575607740       3.949624983726274E-002
  0.324661389487720       3.995118416917127E-002
  0.328654724578420       4.042055515076166E-002
  0.332697177690730       4.090488572128242E-002
  0.336789352976330       4.140472014562259E-002
  0.340931862017940       4.192062495333271E-002
  0.345125323920760       4.245318991937739E-002
  0.349370365404980       4.300302908829014E-002
  0.353667620899460       4.357078184337875E-002
  0.358017732636530       4.415711402269119E-002
  0.362421350747960       4.476271908344931E-002
  0.366879133362150       4.538831931667205E-002
  0.371391746702510       4.603466711373691E-002
  0.375959865186950       4.670254628664101E-002
  0.380584171528750       4.739277344362506E-002
  0.385265356838550       4.810619942193430E-002
  0.390004120727670       4.884371077933900E-002
  0.394801171412620       4.960623134607576E-002
  0.399657225820990       5.039472383872281E-002
  0.404573009698590       5.121019153751834E-002
  0.409549257717880       5.205368002848346E-002
  0.414586713587810       5.292627901156067E-002
  0.419686130164940       5.382912417588608E-002
  0.424848269565970       5.476339914306137E-002
  0.430073903281630       5.573033747911520E-002
  0.435363812292000       5.673122477555653E-002
  0.440718787183190       5.776740079965609E-002
  0.446139628265540       5.884026171368573E-002
  0.451627145693210       5.995126236252108E-002
  0.457182159585240       6.110191862849977E-002
  0.462805500148130       6.229380985191524E-002
  0.468498007799960       6.352858131493914E-002
  0.474260533295900       6.480794678614397E-002
  0.480093937855440       6.613369112191013E-002
  0.485999093291060       6.750767292031709E-002
  0.491976882138540       6.893182722203484E-002
  0.498028197788840       7.040816825173800E-002
  0.504153944621640       7.193879219233126E-002
  0.510355038140490       7.352587998298621E-002
  0.516632405109620       7.517170013049103E-002
  0.522986983692470       7.687861152177589E-002
  0.529419723591880       7.864906622370538E-002
  0.535931586192060       8.048561225418135E-002
  0.542523544702230       8.239089630646650E-002
  0.549196584302060       8.436766640615004E-002
  0.555951702288980       8.641877447753457E-002
  0.562789908227130       8.854717879340560E-002
  0.569712224098330       9.075594627877086E-002
  0.576719684454740       9.304825463590044E-002
  0.583813336573530       9.542739425400425E-002
  0.590994240613380       9.789676986292066E-002
  0.598263469772930       0.100459901885621     
  0.605622110451140       0.103120427439540     
  0.613071262409680       0.105882100931459     
  0.620612038937320       0.108748794185054     
  0.628245567016250       0.111724496034190     
  0.635972987490550       0.114813311308390     
  0.643795455236690       0.118019459130087     
  0.651714139336100       0.121347270435744     
  0.659730223249930       0.124801184624992     
  0.667844904995910       0.128385745233670     
  0.676059397327360       0.132105594517691     
  0.684374927914480       0.135965466825441     
  0.692792739527830       0.139970180626709     
  0.701314090224020       0.144124629056167     
  0.709940253533780       0.148433768818897     
  0.718672518652240       0.152902607295142     
  0.727512190631670       0.157536187670560     
  0.736460590576440       0.162339571907934     
  0.745519055840530       0.167317821365671     
  0.754688940227360       0.172475974858879     
  0.763971614192160       0.177819023949535     
  0.773368465046720       0.183351885244638     
  0.782880897166800       0.189079369474812     
  0.792510332201950       0.195006147122106     
  0.802258209288030       0.201136710364394     
  0.812125985262280       0.207475331106615     
  0.822115134881000       0.214026014876279     
  0.832227151040040       0.220792450373707     
  0.842463544997830       0.227777954487918     
  0.852825846601310       0.234985412617606     
  0.863315604514500       0.242417214176131     
  0.873934386450030       0.250075183210485     
  0.884683779403360       0.257960504130105     
  0.895565389890030       0.266073642622926     
  0.906580844185670       0.274414261936784     
  0.917731788569160       0.282981134824598     
  0.929019889568560       0.291772051595024     
  0.940446834210250       0.300783724875684     
  0.952014330271040       0.310011691885626     
  0.963724106533370       0.319450215224826     
  0.975577913043730       0.329092183419168     
  0.987577521374170       0.338929012704657     
  0.999724724887070       0.348950551786531     
   1.01202133900320       0.359144991557989     
   1.02446920147290       0.369498781996316     
   1.03707017265100       0.379996558655036     
   1.04982613577460       0.390621081324592     
   1.06273899724470       0.401353187519237     
   1.07581068691080       0.412171763452448     
   1.08904315835980       0.423053735067630     
   1.10243838920760       0.433974081492110     
   1.11599838139490       0.444905872968098     
   1.12972516148600       0.455820334895364     
   1.14362078097230       0.466686939096398     
   1.15768731657830       0.477473522808310     
   1.17192687057220       0.488146435221570     
   1.18634157108020       0.498670710655589     
   1.20093357240450       0.509010266698517     
   1.21570505534510       0.519128124874339     
   1.23065822752580       0.528986650667942     
   1.24579532372440       0.538547809083559     
   1.26111860620620       0.547773431389095     
   1.27663036506250       0.556625488367579     
   1.29233291855280       0.565066365327710     
   1.30822861345100       0.573059134358116     
   1.32431982539640       0.580567819869351     
   1.34060895924880       0.587557654331393     
   1.35709844944760       0.593995322205715     
   1.37379076037580       0.599849191270279     
   1.39068838672840       0.605089531692049     
   1.40779385388520       0.609688724148492     
   1.42510971828800       0.613621458895719     
   1.44263856782290       0.616864927826514     
   1.46038302220710       0.619399011220762     
   1.47834573338030       0.621206460088249     
   1.49652938590080       0.622273073829674     
   1.51493669734740       0.622587871527676     
   1.53357041872480       0.622143253690229     
   1.55243333487510       0.620935149860439     
   1.57152826489410       0.618963146351097     
   1.59085806255230       0.616230587579332     
   1.61042561672170       0.612744644166013     
   1.63023385180730       0.608516341179357     
   1.65028572818460       0.603560540638687     
   1.67058424264120       0.597895873615830     
   1.69113242882570       0.591544618882679     
   1.71193335770030       0.584532526953200     
   1.73299013800000       0.576888590405629     
   1.75430591669740       0.568644763427906     
   1.77588387947280       0.559835635469992     
   1.79772725119030       0.550498065608885     
   1.81983929637990       0.540670785657566     
   1.84222331972540       0.530393981124649     
   1.86488266655800       0.519708859832152     
   1.88782072335670       0.508657218321381     
   1.91104091825400       0.497281016139389     
   1.93454672154850       0.485621967722518     
   1.95834164622360       0.473721160920990     
   1.98242924847210       0.461618710272861     
   2.00681312822830       0.449353451977303     
   2.03149692970550       0.436962686176227     
   2.05648434194090       0.424481970656453     
   2.08177909934680       0.411944968467946     
   2.10738498226870       0.399383350234762     
   2.13330581755060       0.386826750136476     
   2.15954547910650       0.374302772673047     
   2.18610788849950       0.361837045406172     
   2.21299701552810       0.349453310910319     
   2.24021687881910       0.337173549178789     
   2.26777154642850       0.325018119733583     
   2.29566513644960       0.313005910711202     
   2.32390181762790       0.301154477483045     
   2.35248580998480       0.289480139998599     
   2.38142138544760       0.277998012023607     
   2.41071286848860       0.266721994489626     
   2.44036463677100       0.255664783027399     
   2.47038112180330       0.244837879188201     
   2.50076680960140       0.234251605152287     
   2.53152624135950       0.223915123213188     
   2.56266401412830       0.213836459343875     
   2.59418478150200       0.204022530238565     
   2.62609325431450       0.194479174081858     
   2.65839420134260       0.185211184266869     
   2.69109245001910       0.176222345790649     
   2.72419288715430       0.167515474137146     
   2.75770045966630       0.159092456135121     
   2.79162017532020       0.150954292742653     
   2.82595710347670       0.143101143154966     
   2.86071637584940       0.135532370027705     
   2.89590318727240       0.128246585759076     
   2.93152279647580       0.121241699171033     
   2.96758052687250       0.114514962567065     
   3.00408176735300       0.108063018975070     
   3.04103197309150       0.101881949204335     
   3.07843666636050       9.596731848210377E-002
   3.11630143735670       9.031422264795946E-002
   3.15463194503620       8.491733363056048E-002
   3.19343391796020       7.977094403092655E-002
   3.23271315515110       7.486901064849244E-002
   3.27247552695940       7.020519682023883E-002
   3.31272697594100       6.577291348592332E-002
   3.35347351774510       6.156535887341189E-002
   3.39472124201340       5.757555663469597E-002
   3.43647631329010       5.379639235396341E-002
   3.47874497194360       5.022064844987838E-002
   3.52153353509850       4.684103725264079E-002
   3.56484839758020       4.365023229277994E-002
   3.60869603287040       4.064089777142116E-002
   3.65308299407480       3.780571609707711E-002
   3.69801591490190       3.513741351276500E-002
   3.74350151065520       3.262878375045606E-002
   3.78954657923620       3.027270979398448E-002
   3.83615800216080       2.806218367794343E-002
   3.88334274558740       2.599032436173128E-002
   3.93110786135810       2.405039373268419E-002
   3.97946048805280       2.223581072282168E-002
   4.02840785205590       2.054016363346962E-002
   4.07795726863620       1.895722069972497E-002
   4.12811614304040       1.748093895968670E-002
   4.17889197159980       1.610547152183060E-002
   4.23029234285050       1.482517329194726E-002
   4.28232493866750       1.363460525039793E-002
   4.33499753541310       1.252853737143547E-002
   4.38831800509870       1.150195027510043E-002
   4.44229431656140       1.055003571019340E-002
   4.49693453665510       9.668195967147519E-003
   4.55224683145600       8.852042316267844E-003
   4.60823946748290       8.097392569900377E-003
   4.66492081293300       7.400267863234114E-003
   4.72229933893200       6.756888747906679E-003
   4.78038362080090       6.163670687129516E-003
   4.83918233933670       5.617219039793346E-003
   4.89870428211060       5.114323615546079E-003
   4.95895834478050       4.651952875957778E-003
   5.01995353242130       4.227247855879301E-003
   5.08169896087010       3.837515871075097E-003
   5.14420385808880       3.480224075024468E-003
   5.20747756554330       3.152992919211285E-003
   5.27152953959950       2.853589568068706E-003
   5.33636935293660       2.579921316311953E-003
   5.40200669597770       2.330029045405695E-003
   5.46845137833820       2.102080757304512E-003
   5.53571333029180       1.894365214558456E-003
   5.60380260425440       1.705285712918326E-003
   5.67272937628670       1.533354009247212E-003
   5.74250394761500       1.377184421127905E-003
   5.81313674617070       1.235488113102304E-003
   5.88463832814860       1.107067580432911E-003
   5.95701937958480       9.908113380242881E-004
   6.03029071795370       8.856888199418177E-004
   6.10446329378450       7.907454922861704E-004
   6.17954819229810       7.050981802203160E-004
   6.25555663506340       6.279306078789195E-004
   6.33249998167460       5.584891496133042E-004
   6.41038973144920       4.960787882841589E-004
   6.48923752514610       4.400592760380012E-004
   6.56905514670540       3.898414925505404E-004
   6.64985452500980       3.448839947086314E-004
   6.73164773566750       3.046897512247631E-004
   6.81444700281620       2.688030558056966E-004
   6.89826470095080       2.368066120757711E-004
   6.98311335677250       2.083187833754836E-004
   7.06900565106080       1.829910008947296E-004
   7.15595442056890       1.605053234287860E-004
   7.24397265994180       1.405721419884861E-004
   7.33307352365910       1.229280231027201E-004
   7.42327032800010       1.073336846133422E-004
   7.51457655303450       9.357209781549404E-005
   7.60700584463690       8.144671021425037E-005
   7.70057201652590       7.077978328727621E-005
   7.79528905232920       6.141083967591820E-005
   7.89117110767280       5.319521463588192E-005
   7.98823251229720       4.600270659654436E-005
   8.08648777219840       3.971632185267203E-005
   8.18595157179650       3.423110864027239E-005
   8.28663877612960       2.945307589683930E-005
   8.38856443307600       2.529819219567832E-005
   8.49174377560280       2.169146046710172E-005
   8.59619222404270       1.856606425758446E-005
   8.70192538839850       1.586258140039048E-005
   8.80895907067580       1.352826110230692E-005
   8.91730926724510       1.151636055827574E-005
   9.02699217123220       9.785537372722345E-006
   9.13802417493830       8.299294174976675E-006
   9.25042187229010       7.025471963115536E-006
   9.36420206131920       5.935788823140125E-006
   9.47938174667350       5.005420825361965E-006
   9.59597814215760       4.212622041201545E-006
   9.71400867330610       3.538380751567805E-006
   9.83349097998780       2.966109066654164E-006
   9.95444291904160       2.481363319447968E-006
   10.0768825669460       2.071592730050410E-006
   10.2008282225190       1.725913986439468E-006
   10.3262984096560       1.434909519610666E-006
   10.4533118800950       1.190447391177192E-006
   10.5818876162200       9.855208464638030E-007
   10.7120448339000       8.141057129300125E-007
   10.8438029853570       6.710339545427136E-007
   10.9771817620770       5.518818166536518E-007
   11.1122010977500       4.528711096777155E-007
   11.2488811712520       3.707822975876595E-007
   11.3872424096590       3.028781640963708E-007
   11.5273054912980       2.468369308668458E-007
   11.6690913488410       2.006938023547823E-007
   11.8126211724310       1.627900010934430E-007
   11.9579164128520       1.317284447031841E-007
   12.1049987847300       1.063352960738992E-007
   12.2538902697820       8.562669284429000E-008
   12.4046131201010       6.878003252642250E-008
   12.5571898614780       5.510925329548438E-008
   12.7116432967740       4.404361002813910E-008
   12.8679965093250       3.510949922460373E-008
   13.0262728663890       2.791493609849346E-008
   13.1864960226460       2.213633237646037E-008
   13.3486899237240       1.750726424923195E-008
   13.5128788097860       1.380895690455383E-008
   13.6790872191470       1.086224552962880E-008
   13.8473399919420       8.520802584849271E-009
   14.0176622738430       6.665447863133374E-009
   14.1900795198110       5.199381822044937E-009
   14.3646174979050       4.044203766948544E-009
   14.5413022931290       3.136595278703674E-009
   14.7201603113350       2.425565830419991E-009
   14.9012182831640       1.870172020087203E-009
   15.0845032680470       1.437634620020802E-009
   15.2700426582440       1.101788729336980E-009
   15.4578641829400       8.418119871602810E-010
   15.6479959123900       6.411841632441911E-010
   15.8404662621130       4.868386765555076E-010
   16.0353039971370       3.684728086274638E-010
   16.2325382363020       2.779887095791339E-010
   16.4321984566080       2.090418499198835E-010
   16.6343144976240       1.566774485096467E-010
   16.8389165659450       1.170386962365764E-010
   17.0460352397060       8.713337308550801E-011
   17.2557014731550       6.464779840822773E-011
   17.4679466012750       4.779901747578781E-011
   17.6828023444700       3.521776823734892E-011
   17.9003008133070       2.585614019160907E-011
   18.1204745133110       1.891497107011505E-011
   18.3433563498250       1.378696484806185E-011
   18.5689796329270       1.001228670739032E-011
   18.7973780824120       7.244023953048074E-012
   19.0285858328260       5.221419433188480E-012
   19.2626374385700       3.749205455418254E-012
   19.4995678790640       2.681707735880656E-012
   19.7394125639770       1.910664868906292E-012
   19.9822073385140       1.355930765816191E-012
   20.2279884887770       9.584053193358061E-013
   20.4767927471890       6.746804465347572E-013
   20.7286572979800       4.730014357084330E-013
   20.9836197827450       3.302327567301951E-013
   21.2417183060730       2.295878106755502E-013
   21.5029914412370       1.589372913499371E-013
   21.7674782359650       1.095539613038528E-013
   22.0352182182670       7.518518420275725E-014
   22.3062514023520       5.137062338197659E-014
   22.5806182946010       3.494225480202858E-014
   22.8583598996240       2.366012866283787E-014
   23.1395177263900       1.594742160623780E-014
   23.4241337944240       1.069908866776904E-014
   23.7122506400960       7.144321757597082E-015
   24.0039113229690       4.747968165189074E-015
   24.2991594322410       3.140230460768581E-015
   24.5980390932580       2.066789373033884E-015
   24.9005949741050       1.353585265431697E-015
   25.2068722922860       8.820701439023879E-016
   25.5169168214820       5.719022599035898E-016
   25.8307748983860       3.689049123488030E-016
   26.1484934296360       2.367300640634291E-016
   26.4701198988200       1.511161303916413E-016
   26.7957023735760       9.595296521328082E-017
   27.1252895127710       6.059928973303551E-017
   27.4589305737780       3.806354772954865E-017
   27.7966754198350       2.377684765496082E-017
   28.1385745274990       1.476974137507099E-017
   28.4846789941880       9.122945298933633E-018
   28.8350405458160       5.602868194622606E-018
   29.1897115445300       3.421118473564454E-018
   29.5487449965270       2.076715646628259E-018
   29.9121945599850       1.253157403709715E-018
   30.2801145530730       7.516608817290337E-019
   30.6525599620750       4.481193373371504E-019
   31.0295864496090       2.655144184876827E-019
   31.4112503629390       1.563407164661150E-019
   31.7976087424030       9.147704273632070E-020
   32.1887193299350       5.318316983276531E-020
   32.5846405776930       3.072020012365461E-020
   32.9854316567990       1.762896409525394E-020
   33.3911524661770       1.004956488950761E-020
   33.8018636415110       5.690491589087782E-021
   34.2176265643020       3.200355930648473E-021
   34.6385033710430       1.787541802615445E-021
   35.0645569625060       9.914859708196151E-022
   35.4958510131450       5.460745478506769E-022
   35.9324499806070       2.986168982734423E-022
   36.3744191153680       1.621196027816873E-022
   36.8218244704870       8.737285626222867E-023
   37.2747329114740       4.674100552553046E-023
   37.7332121262860       2.481762744824472E-023
   38.1973306354390       1.307744329192602E-023
   38.6671578022550       6.838250212200185E-024
   39.1427638432230       3.548014324309412E-024
   39.6242198384940       1.826426245779261E-024
   40.1115977425080       9.327235755703426E-025
   40.6049703947400       4.724925055381705E-025
   41.1044115305960       2.374021411968429E-025
   41.6099957924220       1.182981947196713E-025
   42.1217987406690       5.845623952907063E-026
   42.6398968651790       2.864163724962346E-026
   43.1643675966210       1.391340386293263E-026
   43.6952893180590       6.700255053212477E-027
   44.2327413766710       3.198341995901240E-027
   44.7768040956040       1.513166567688083E-027
   45.3275587859800       7.094616237196876E-028
   45.8850877590480       3.296119083007869E-028
   46.4494743384840       1.517258574012280E-028
   47.0208028728480       6.919096701079439E-029
   47.5991587481840       3.125519667524214E-029
   48.1846284007860       1.398388296051786E-029
   48.7772993301160       6.196068500874101E-030
   49.3772601118760       2.718552157162480E-030
   49.9846004112520       1.181016151599584E-030
   50.5994109963110       0.000000000000000E+000
   51.2217837515650       0.000000000000000E+000
   51.8518116917100       0.000000000000000E+000
   52.4895889755180       0.000000000000000E+000
   53.1352109199170       0.000000000000000E+000
   53.7887740142320       0.000000000000000E+000
   54.4503759346070       0.000000000000000E+000
   55.1201155586020       0.000000000000000E+000
   55.7980929799730       0.000000000000000E+000
   56.4844095236270       0.000000000000000E+000
   57.1791677607670       0.000000000000000E+000
   57.8824715242250       0.000000000000000E+000
   58.5944259239730       0.000000000000000E+000
   59.3151373628380       0.000000000000000E+000
   60.0447135524010       0.000000000000000E+000
   60.7832635290950       0.000000000000000E+000
   61.5308976705030       0.000000000000000E+000
   62.2877277118500       0.000000000000000E+000
   63.0538667627060       0.000000000000000E+000
   63.8294293238870       0.000000000000000E+000
   64.6145313045710       0.000000000000000E+000
   65.4092900396170       0.000000000000000E+000
   66.2138243071040       0.000000000000000E+000
   67.0282543460820       0.000000000000000E+000
   67.8527018745390       0.000000000000000E+000
   68.6872901075950       0.000000000000000E+000
   69.5321437759190       0.000000000000000E+000
   70.3873891443630       0.000000000000000E+000
   71.2531540308380       0.000000000000000E+000
   72.1295678254180       0.000000000000000E+000
   73.0167615096700       0.000000000000000E+000
   73.9148676762390       0.000000000000000E+000
   74.8240205486570       0.000000000000000E+000
   75.7443560014050       0.000000000000000E+000
   76.6760115802230       0.000000000000000E+000
   77.6191265226590       0.000000000000000E+000
   78.5738417788880       0.000000000000000E+000
