  4.464286E-04  6.236283E+00
  4.519196E-04  6.236283E+00
  4.574783E-04  6.236283E+00
  4.631052E-04  6.236283E+00
  4.688014E-04  6.236283E+00
  4.745677E-04  6.236284E+00
  4.804049E-04  6.236284E+00
  4.863139E-04  6.236284E+00
  4.922955E-04  6.236285E+00
  4.983507E-04  6.236285E+00
  5.044805E-04  6.236286E+00
  5.106856E-04  6.236286E+00
  5.169670E-04  6.236287E+00
  5.233257E-04  6.236287E+00
  5.297626E-04  6.236288E+00
  5.362787E-04  6.236289E+00
  5.428749E-04  6.236289E+00
  5.495523E-04  6.236290E+00
  5.563118E-04  6.236290E+00
  5.631544E-04  6.236291E+00
  5.700812E-04  6.236292E+00
  5.770932E-04  6.236293E+00
  5.841914E-04  6.236293E+00
  5.913770E-04  6.236294E+00
  5.986509E-04  6.236295E+00
  6.060143E-04  6.236296E+00
  6.134683E-04  6.236296E+00
  6.210140E-04  6.236297E+00
  6.286525E-04  6.236298E+00
  6.363849E-04  6.236299E+00
  6.442124E-04  6.236300E+00
  6.521362E-04  6.236301E+00
  6.601575E-04  6.236301E+00
  6.682774E-04  6.236302E+00
  6.764972E-04  6.236303E+00
  6.848182E-04  6.236304E+00
  6.932414E-04  6.236305E+00
  7.017683E-04  6.236306E+00
  7.104000E-04  6.236307E+00
  7.191380E-04  6.236308E+00
  7.279834E-04  6.236309E+00
  7.369376E-04  6.236310E+00
  7.460019E-04  6.236311E+00
  7.551777E-04  6.236312E+00
  7.644664E-04  6.236314E+00
  7.738693E-04  6.236315E+00
  7.833879E-04  6.236316E+00
  7.930236E-04  6.236317E+00
  8.027778E-04  6.236318E+00
  8.126520E-04  6.236320E+00
  8.226476E-04  6.236321E+00
  8.327661E-04  6.236322E+00
  8.430092E-04  6.236323E+00
  8.533782E-04  6.236325E+00
  8.638747E-04  6.236326E+00
  8.745004E-04  6.236328E+00
  8.852567E-04  6.236329E+00
  8.961454E-04  6.236331E+00
  9.071680E-04  6.236332E+00
  9.183262E-04  6.236334E+00
  9.296216E-04  6.236335E+00
  9.410559E-04  6.236337E+00
  9.526309E-04  6.236338E+00
  9.643483E-04  6.236340E+00
  9.762097E-04  6.236342E+00
  9.882171E-04  6.236344E+00
  1.000372E-03  6.236345E+00
  1.012677E-03  6.236347E+00
  1.025133E-03  6.236349E+00
  1.037742E-03  6.236351E+00
  1.050506E-03  6.236353E+00
  1.063427E-03  6.236355E+00
  1.076507E-03  6.236357E+00
  1.089748E-03  6.236359E+00
  1.103152E-03  6.236361E+00
  1.116721E-03  6.236363E+00
  1.130457E-03  6.236366E+00
  1.144361E-03  6.236368E+00
  1.158437E-03  6.236370E+00
  1.172686E-03  6.236373E+00
  1.187110E-03  6.236375E+00
  1.201711E-03  6.236378E+00
  1.216492E-03  6.236380E+00
  1.231455E-03  6.236383E+00
  1.246602E-03  6.236386E+00
  1.261935E-03  6.236388E+00
  1.277457E-03  6.236391E+00
  1.293170E-03  6.236394E+00
  1.309076E-03  6.236397E+00
  1.325178E-03  6.236400E+00
  1.341477E-03  6.236403E+00
  1.357977E-03  6.236407E+00
  1.374680E-03  6.236410E+00
  1.391589E-03  6.236413E+00
  1.408706E-03  6.236417E+00
  1.426033E-03  6.236420E+00
  1.443573E-03  6.236424E+00
  1.461329E-03  6.236427E+00
  1.479303E-03  6.236431E+00
  1.497499E-03  6.236435E+00
  1.515918E-03  6.236439E+00
  1.534564E-03  6.236443E+00
  1.553439E-03  6.236447E+00
  1.572546E-03  6.236452E+00
  1.591888E-03  6.236456E+00
  1.611469E-03  6.236460E+00
  1.631290E-03  6.236465E+00
  1.651355E-03  6.236470E+00
  1.671666E-03  6.236474E+00
  1.692228E-03  6.236479E+00
  1.713042E-03  6.236484E+00
  1.734113E-03  6.236490E+00
  1.755442E-03  6.236495E+00
  1.777034E-03  6.236500E+00
  1.798892E-03  6.236506E+00
  1.821018E-03  6.236512E+00
  1.843416E-03  6.236517E+00
  1.866090E-03  6.236523E+00
  1.889043E-03  6.236529E+00
  1.912279E-03  6.236536E+00
  1.935800E-03  6.236542E+00
  1.959610E-03  6.236549E+00
  1.983713E-03  6.236556E+00
  2.008113E-03  6.236562E+00
  2.032813E-03  6.236570E+00
  2.057816E-03  6.236577E+00
  2.083127E-03  6.236584E+00
  2.108750E-03  6.236592E+00
  2.134687E-03  6.236600E+00
  2.160944E-03  6.236608E+00
  2.187524E-03  6.236616E+00
  2.214430E-03  6.236624E+00
  2.241668E-03  6.236633E+00
  2.269240E-03  6.236642E+00
  2.297152E-03  6.236651E+00
  2.325407E-03  6.236660E+00
  2.354009E-03  6.236670E+00
  2.382964E-03  6.236679E+00
  2.412274E-03  6.236689E+00
  2.441945E-03  6.236700E+00
  2.471981E-03  6.236710E+00
  2.502386E-03  6.236721E+00
  2.533166E-03  6.236732E+00
  2.564324E-03  6.236743E+00
  2.595865E-03  6.236755E+00
  2.627794E-03  6.236767E+00
  2.660116E-03  6.236779E+00
  2.692835E-03  6.236791E+00
  2.725957E-03  6.236804E+00
  2.759486E-03  6.236817E+00
  2.793428E-03  6.236831E+00
  2.827787E-03  6.236844E+00
  2.862569E-03  6.236859E+00
  2.897779E-03  6.236873E+00
  2.933421E-03  6.236888E+00
  2.969502E-03  6.236903E+00
  3.006027E-03  6.236919E+00
  3.043002E-03  6.236935E+00
  3.080430E-03  6.236951E+00
  3.118320E-03  6.236968E+00
  3.156675E-03  6.236985E+00
  3.195502E-03  6.237003E+00
  3.234807E-03  6.237021E+00
  3.274595E-03  6.237039E+00
  3.314872E-03  6.237058E+00
  3.355645E-03  6.237078E+00
  3.396920E-03  6.237098E+00
  3.438702E-03  6.237118E+00
  3.480998E-03  6.237139E+00
  3.523814E-03  6.237161E+00
  3.567157E-03  6.237183E+00
  3.611033E-03  6.237206E+00
  3.655449E-03  6.237229E+00
  3.700411E-03  6.237253E+00
  3.745926E-03  6.237277E+00
  3.792001E-03  6.237302E+00
  3.838642E-03  6.237328E+00
  3.885858E-03  6.237354E+00
  3.933654E-03  6.237381E+00
  3.982038E-03  6.237409E+00
  4.031017E-03  6.237437E+00
  4.080598E-03  6.237467E+00
  4.130790E-03  6.237497E+00
  4.181598E-03  6.237527E+00
  4.233032E-03  6.237559E+00
  4.285098E-03  6.237591E+00
  4.337805E-03  6.237624E+00
  4.391160E-03  6.237658E+00
  4.445171E-03  6.237693E+00
  4.499847E-03  6.237728E+00
  4.555195E-03  6.237765E+00
  4.611224E-03  6.237803E+00
  4.667942E-03  6.237841E+00
  4.725358E-03  6.237881E+00
  4.783480E-03  6.237921E+00
  4.842316E-03  6.237963E+00
  4.901877E-03  6.238005E+00
  4.962170E-03  6.238049E+00
  5.023205E-03  6.238094E+00
  5.084990E-03  6.238140E+00
  5.147536E-03  6.238188E+00
  5.210850E-03  6.238236E+00
  5.274944E-03  6.238286E+00
  5.339825E-03  6.238337E+00
  5.405505E-03  6.238389E+00
  5.471993E-03  6.238443E+00
  5.539299E-03  6.238498E+00
  5.607432E-03  6.238555E+00
  5.676403E-03  6.238613E+00
  5.746223E-03  6.238673E+00
  5.816902E-03  6.238734E+00
  5.888450E-03  6.238797E+00
  5.960877E-03  6.238862E+00
  6.034196E-03  6.238928E+00
  6.108417E-03  6.238996E+00
  6.183550E-03  6.239066E+00
  6.259608E-03  6.239137E+00
  6.336601E-03  6.239211E+00
  6.414541E-03  6.239286E+00
  6.493440E-03  6.239364E+00
  6.573310E-03  6.239444E+00
  6.654161E-03  6.239525E+00
  6.736007E-03  6.239609E+00
  6.818860E-03  6.239696E+00
  6.902732E-03  6.239784E+00
  6.987636E-03  6.239875E+00
  7.073584E-03  6.239969E+00
  7.160589E-03  6.240065E+00
  7.248664E-03  6.240163E+00
  7.337823E-03  6.240264E+00
  7.428078E-03  6.240368E+00
  7.519443E-03  6.240475E+00
  7.611933E-03  6.240585E+00
  7.705559E-03  6.240698E+00
  7.800338E-03  6.240814E+00
  7.896282E-03  6.240933E+00
  7.993406E-03  6.241055E+00
  8.091725E-03  6.241181E+00
  8.191253E-03  6.241310E+00
  8.292006E-03  6.241443E+00
  8.393997E-03  6.241579E+00
  8.497243E-03  6.241720E+00
  8.601760E-03  6.241864E+00
  8.707561E-03  6.242012E+00
  8.814664E-03  6.242164E+00
  8.923085E-03  6.242321E+00
  9.032839E-03  6.242482E+00
  9.143942E-03  6.242648E+00
  9.256413E-03  6.242818E+00
  9.370267E-03  6.242994E+00
  9.485521E-03  6.243174E+00
  9.602193E-03  6.243359E+00
  9.720300E-03  6.243550E+00
  9.839860E-03  6.243746E+00
  9.960890E-03  6.243948E+00
  1.008341E-02  6.244155E+00
  1.020743E-02  6.244369E+00
  1.033299E-02  6.244589E+00
  1.046008E-02  6.244815E+00
  1.058874E-02  6.245048E+00
  1.071898E-02  6.245287E+00
  1.085083E-02  6.245534E+00
  1.098429E-02  6.245788E+00
  1.111940E-02  6.246049E+00
  1.125617E-02  6.246318E+00
  1.139462E-02  6.246595E+00
  1.153477E-02  6.246880E+00
  1.167665E-02  6.247174E+00
  1.182027E-02  6.247476E+00
  1.196566E-02  6.247788E+00
  1.211284E-02  6.248108E+00
  1.226183E-02  6.248439E+00
  1.241265E-02  6.248779E+00
  1.256532E-02  6.249130E+00
  1.271988E-02  6.249491E+00
  1.287633E-02  6.249864E+00
  1.303471E-02  6.250247E+00
  1.319504E-02  6.250643E+00
  1.335734E-02  6.251050E+00
  1.352163E-02  6.251470E+00
  1.368795E-02  6.251903E+00
  1.385631E-02  6.252350E+00
  1.402674E-02  6.252810E+00
  1.419927E-02  6.253284E+00
  1.437392E-02  6.253774E+00
  1.455072E-02  6.254278E+00
  1.472969E-02  6.254798E+00
  1.491087E-02  6.255335E+00
  1.509427E-02  6.255888E+00
  1.527993E-02  6.256459E+00
  1.546788E-02  6.257048E+00
  1.565813E-02  6.257656E+00
  1.585073E-02  6.258283E+00
  1.604569E-02  6.258929E+00
  1.624305E-02  6.259597E+00
  1.644284E-02  6.260286E+00
  1.664509E-02  6.260996E+00
  1.684982E-02  6.261730E+00
  1.705708E-02  6.262487E+00
  1.726688E-02  6.263269E+00
  1.747926E-02  6.264076E+00
  1.769425E-02  6.264908E+00
  1.791189E-02  6.265768E+00
  1.813221E-02  6.266656E+00
  1.835524E-02  6.267573E+00
  1.858101E-02  6.268519E+00
  1.880955E-02  6.269497E+00
  1.904091E-02  6.270506E+00
  1.927511E-02  6.271548E+00
  1.951220E-02  6.272624E+00
  1.975220E-02  6.273736E+00
  1.999515E-02  6.274884E+00
  2.024109E-02  6.276070E+00
  2.049005E-02  6.277295E+00
  2.074208E-02  6.278560E+00
  2.099721E-02  6.279867E+00
  2.125548E-02  6.281217E+00
  2.151692E-02  6.282611E+00
  2.178158E-02  6.284051E+00
  2.204949E-02  6.285539E+00
  2.232070E-02  6.287076E+00
  2.259524E-02  6.288663E+00
  2.287316E-02  6.290303E+00
  2.315450E-02  6.291997E+00
  2.343930E-02  6.293747E+00
  2.372761E-02  6.295554E+00
  2.401946E-02  6.297421E+00
  2.431490E-02  6.299349E+00
  2.461397E-02  6.301341E+00
  2.491672E-02  6.303398E+00
  2.522320E-02  6.305522E+00
  2.553344E-02  6.307716E+00
  2.584750E-02  6.309981E+00
  2.616543E-02  6.312320E+00
  2.648726E-02  6.314735E+00
  2.681306E-02  6.317228E+00
  2.714286E-02  6.319802E+00
  2.747671E-02  6.322459E+00
  2.781468E-02  6.325201E+00
  2.815680E-02  6.328031E+00
  2.850313E-02  6.330951E+00
  2.885372E-02  6.333964E+00
  2.920862E-02  6.337072E+00
  2.956788E-02  6.340278E+00
  2.993157E-02  6.343585E+00
  3.029973E-02  6.346994E+00
  3.067241E-02  6.350510E+00
  3.104968E-02  6.354133E+00
  3.143159E-02  6.357868E+00
  3.181820E-02  6.361716E+00
  3.220957E-02  6.365680E+00
  3.260574E-02  6.369763E+00
  3.300679E-02  6.373967E+00
  3.341278E-02  6.378295E+00
  3.382376E-02  6.382750E+00
  3.423979E-02  6.387333E+00
  3.466094E-02  6.392046E+00
  3.508727E-02  6.396894E+00
  3.551884E-02  6.401876E+00
  3.595572E-02  6.406996E+00
  3.639798E-02  6.412255E+00
  3.684567E-02  6.417656E+00
  3.729887E-02  6.423198E+00
  3.775765E-02  6.428885E+00
  3.822207E-02  6.434718E+00
  3.869220E-02  6.440696E+00
  3.916811E-02  6.446821E+00
  3.964988E-02  6.453094E+00
  4.013758E-02  6.459514E+00
  4.063127E-02  6.466081E+00
  4.113103E-02  6.472794E+00
  4.163694E-02  6.479654E+00
  4.214908E-02  6.486658E+00
  4.266751E-02  6.493804E+00
  4.319232E-02  6.501091E+00
  4.372359E-02  6.508514E+00
  4.426139E-02  6.516072E+00
  4.480580E-02  6.523760E+00
  4.535692E-02  6.531573E+00
  4.591481E-02  6.539506E+00
  4.647956E-02  6.547554E+00
  4.705126E-02  6.555709E+00
  4.762999E-02  6.563965E+00
  4.821584E-02  6.572312E+00
  4.880889E-02  6.580743E+00
  4.940924E-02  6.589247E+00
  5.001697E-02  6.597813E+00
  5.063218E-02  6.606431E+00
  5.125496E-02  6.615087E+00
  5.188539E-02  6.623769E+00
  5.252358E-02  6.632461E+00
  5.316962E-02  6.641150E+00
  5.382361E-02  6.649819E+00
  5.448564E-02  6.658450E+00
  5.515581E-02  6.667028E+00
  5.583423E-02  6.675532E+00
  5.652099E-02  6.683944E+00
  5.721620E-02  6.692243E+00
  5.791996E-02  6.700410E+00
  5.863237E-02  6.708422E+00
  5.935355E-02  6.716259E+00
  6.008360E-02  6.723899E+00
  6.082263E-02  6.731318E+00
  6.157075E-02  6.738495E+00
  6.232807E-02  6.745407E+00
  6.309470E-02  6.752032E+00
  6.387077E-02  6.758348E+00
  6.465638E-02  6.764333E+00
  6.545165E-02  6.769967E+00
  6.625671E-02  6.775228E+00
  6.707167E-02  6.780097E+00
  6.789665E-02  6.784555E+00
  6.873178E-02  6.788586E+00
  6.957718E-02  6.792173E+00
  7.043298E-02  6.795302E+00
  7.129930E-02  6.797959E+00
  7.217628E-02  6.800132E+00
  7.306405E-02  6.801813E+00
  7.396274E-02  6.802993E+00
  7.487248E-02  6.803666E+00
  7.579341E-02  6.803829E+00
  7.672567E-02  6.803478E+00
  7.766940E-02  6.802614E+00
  7.862473E-02  6.801239E+00
  7.959181E-02  6.799356E+00
  8.057079E-02  6.796970E+00
  8.156181E-02  6.794090E+00
  8.256502E-02  6.790723E+00
  8.358057E-02  6.786881E+00
  8.460862E-02  6.782575E+00
  8.564930E-02  6.777819E+00
  8.670279E-02  6.772627E+00
  8.776923E-02  6.767016E+00
  8.884879E-02  6.761002E+00
  8.994163E-02  6.754602E+00
  9.104792E-02  6.747834E+00
  9.216781E-02  6.740718E+00
  9.330147E-02  6.733272E+00
  9.444908E-02  6.725516E+00
  9.561080E-02  6.717469E+00
  9.678681E-02  6.709152E+00
  9.797729E-02  6.700582E+00
  9.918241E-02  6.691781E+00
  1.004024E-01  6.682766E+00
  1.016373E-01  6.673556E+00
  1.028874E-01  6.664170E+00
  1.041530E-01  6.654625E+00
  1.054340E-01  6.644939E+00
  1.067309E-01  6.635127E+00
  1.080437E-01  6.625207E+00
  1.093726E-01  6.615192E+00
  1.107179E-01  6.605097E+00
  1.120797E-01  6.594937E+00
  1.134583E-01  6.584723E+00
  1.148538E-01  6.574469E+00
  1.162665E-01  6.564184E+00
  1.176966E-01  6.553881E+00
  1.191443E-01  6.543569E+00
  1.206098E-01  6.533256E+00
  1.220933E-01  6.522952E+00
  1.235950E-01  6.512663E+00
  1.251152E-01  6.502397E+00
  1.266541E-01  6.492159E+00
  1.282120E-01  6.481955E+00
  1.297890E-01  6.471789E+00
  1.313854E-01  6.461666E+00
  1.330014E-01  6.451589E+00
  1.346374E-01  6.441561E+00
  1.362934E-01  6.431584E+00
  1.379698E-01  6.421658E+00
  1.396668E-01  6.411787E+00
  1.413847E-01  6.401969E+00
  1.431238E-01  6.392205E+00
  1.448842E-01  6.382494E+00
  1.466663E-01  6.372835E+00
  1.484703E-01  6.363227E+00
  1.502964E-01  6.353667E+00
  1.521451E-01  6.344154E+00
  1.540165E-01  6.334684E+00
  1.559109E-01  6.325253E+00
  1.578286E-01  6.315860E+00
  1.597699E-01  6.306499E+00
  1.617350E-01  6.297166E+00
  1.637244E-01  6.287857E+00
  1.657382E-01  6.278566E+00
  1.677768E-01  6.269288E+00
  1.698404E-01  6.260019E+00
  1.719295E-01  6.250751E+00
  1.740442E-01  6.241478E+00
  1.761849E-01  6.232195E+00
  1.783520E-01  6.222895E+00
  1.805458E-01  6.213570E+00
  1.827665E-01  6.204214E+00
  1.850145E-01  6.194820E+00
  1.872902E-01  6.185379E+00
  1.895938E-01  6.175884E+00
  1.919258E-01  6.166327E+00
  1.942865E-01  6.156700E+00
  1.966763E-01  6.146995E+00
  1.990954E-01  6.137202E+00
  2.015442E-01  6.127314E+00
  2.040232E-01  6.117322E+00
  2.065327E-01  6.107216E+00
  2.090731E-01  6.096988E+00
  2.116447E-01  6.086628E+00
  2.142479E-01  6.076127E+00
  2.168832E-01  6.065474E+00
  2.195508E-01  6.054662E+00
  2.222513E-01  6.043678E+00
  2.249850E-01  6.032514E+00
  2.277523E-01  6.021160E+00
  2.305537E-01  6.009605E+00
  2.333895E-01  5.997838E+00
  2.362602E-01  5.985850E+00
  2.391662E-01  5.973629E+00
  2.421079E-01  5.961165E+00
  2.450858E-01  5.948447E+00
  2.481004E-01  5.935463E+00
  2.511520E-01  5.922204E+00
  2.542412E-01  5.908656E+00
  2.573684E-01  5.894810E+00
  2.605340E-01  5.880653E+00
  2.637386E-01  5.866174E+00
  2.669825E-01  5.851361E+00
  2.702664E-01  5.836203E+00
  2.735907E-01  5.820686E+00
  2.769559E-01  5.804800E+00
  2.803624E-01  5.788531E+00
  2.838109E-01  5.771867E+00
  2.873018E-01  5.754796E+00
  2.908356E-01  5.737306E+00
  2.944128E-01  5.719382E+00
  2.980341E-01  5.701014E+00
  3.016999E-01  5.682186E+00
  3.054108E-01  5.662888E+00
  3.091674E-01  5.643104E+00
  3.129702E-01  5.622822E+00
  3.168197E-01  5.602029E+00
  3.207166E-01  5.580710E+00
  3.246614E-01  5.558853E+00
  3.286547E-01  5.536443E+00
  3.326972E-01  5.513467E+00
  3.367894E-01  5.489910E+00
  3.409319E-01  5.465760E+00
  3.451253E-01  5.441000E+00
  3.493704E-01  5.415619E+00
  3.536676E-01  5.389600E+00
  3.580177E-01  5.362931E+00
  3.624214E-01  5.335596E+00
  3.668791E-01  5.307582E+00
  3.713917E-01  5.278874E+00
  3.759599E-01  5.249458E+00
  3.805842E-01  5.219319E+00
  3.852654E-01  5.188444E+00
  3.900041E-01  5.156818E+00
  3.948012E-01  5.124426E+00
  3.996572E-01  5.091255E+00
  4.045730E-01  5.057291E+00
  4.095493E-01  5.022520E+00
  4.145867E-01  4.986927E+00
  4.196861E-01  4.950500E+00
  4.248483E-01  4.913225E+00
  4.300739E-01  4.875088E+00
  4.353638E-01  4.836077E+00
  4.407188E-01  4.796178E+00
  4.461396E-01  4.755380E+00
  4.516271E-01  4.713670E+00
  4.571822E-01  4.671035E+00
  4.628055E-01  4.627465E+00
  4.684980E-01  4.582949E+00
  4.742605E-01  4.537475E+00
  4.800939E-01  4.491033E+00
  4.859991E-01  4.443614E+00
  4.919769E-01  4.395208E+00
  4.980282E-01  4.345806E+00
  5.041539E-01  4.295400E+00
  5.103550E-01  4.243983E+00
  5.166324E-01  4.191547E+00
  5.229870E-01  4.138086E+00
  5.294197E-01  4.083596E+00
  5.359316E-01  4.028070E+00
  5.425235E-01  3.971505E+00
  5.491966E-01  3.913898E+00
  5.559517E-01  3.855247E+00
  5.627899E-01  3.795549E+00
  5.697122E-01  3.734806E+00
  5.767197E-01  3.673015E+00
  5.838133E-01  3.610181E+00
  5.909942E-01  3.546304E+00
  5.982635E-01  3.481387E+00
  6.056221E-01  3.415437E+00
  6.130713E-01  3.348457E+00
  6.206120E-01  3.280455E+00
  6.282456E-01  3.211438E+00
  6.359730E-01  3.141415E+00
  6.437955E-01  3.070395E+00
  6.517141E-01  2.998390E+00
  6.597302E-01  2.925412E+00
  6.678449E-01  2.851474E+00
  6.760594E-01  2.776590E+00
  6.843749E-01  2.700775E+00
  6.927927E-01  2.624046E+00
  7.013141E-01  2.546421E+00
  7.099403E-01  2.467918E+00
  7.186725E-01  2.388556E+00
  7.275122E-01  2.308356E+00
  7.364606E-01  2.227341E+00
  7.455191E-01  2.145532E+00
  7.546889E-01  2.062954E+00
  7.639716E-01  1.979631E+00
  7.733685E-01  1.895591E+00
  7.828809E-01  1.810860E+00
  7.925103E-01  1.725467E+00
  8.022582E-01  1.639443E+00
  8.121260E-01  1.552820E+00
  8.221151E-01  1.465631E+00
  8.322272E-01  1.377913E+00
  8.424635E-01  1.289704E+00
  8.528258E-01  1.201046E+00
  8.633156E-01  1.111984E+00
  8.739344E-01  1.022567E+00
  8.846838E-01  9.328478E-01
  8.955654E-01  8.428866E-01
  9.065808E-01  7.527478E-01
  9.177318E-01  6.625038E-01
  9.290199E-01  5.722349E-01
  9.404468E-01  4.820302E-01
  9.520143E-01  3.919893E-01
  9.637241E-01  3.022226E-01
  9.755779E-01  2.128528E-01
  9.875775E-01  1.240151E-01
  9.997247E-01  3.585844E-02
  1.012021E+00 -5.145458E-02
  1.024469E+00 -1.377477E-01
  1.037070E+00 -2.228315E-01
  1.049826E+00 -3.065045E-01
  1.062739E+00 -3.885546E-01
  1.075811E+00 -4.687617E-01
  1.089043E+00 -5.468999E-01
  1.102438E+00 -6.227414E-01
  1.115998E+00 -6.960600E-01
  1.129725E+00 -7.666352E-01
  1.143621E+00 -8.342562E-01
  1.157687E+00 -8.987266E-01
  1.171927E+00 -9.598682E-01
  1.186342E+00 -1.017525E+00
  1.200934E+00 -1.071567E+00
  1.215705E+00 -1.121891E+00
  1.230658E+00 -1.168429E+00
  1.245795E+00 -1.211141E+00
  1.261119E+00 -1.250023E+00
  1.276630E+00 -1.285106E+00
  1.292333E+00 -1.316450E+00
  1.308229E+00 -1.344145E+00
  1.324320E+00 -1.368307E+00
  1.340609E+00 -1.389071E+00
  1.357098E+00 -1.406585E+00
  1.373791E+00 -1.421005E+00
  1.390688E+00 -1.432484E+00
  1.407794E+00 -1.441172E+00
  1.425110E+00 -1.447206E+00
  1.442639E+00 -1.450706E+00
  1.460383E+00 -1.451776E+00
  1.478346E+00 -1.450501E+00
  1.496529E+00 -1.446950E+00
  1.514937E+00 -1.441177E+00
  1.533570E+00 -1.433226E+00
  1.552433E+00 -1.423136E+00
  1.571528E+00 -1.410946E+00
  1.590858E+00 -1.396701E+00
  1.610426E+00 -1.380453E+00
  1.630234E+00 -1.362272E+00
  1.650286E+00 -1.342241E+00
  1.670584E+00 -1.320464E+00
  1.691132E+00 -1.297067E+00
  1.711933E+00 -1.272194E+00
  1.732990E+00 -1.246008E+00
  1.754306E+00 -1.218689E+00
  1.775884E+00 -1.190433E+00
  1.797727E+00 -1.161445E+00
  1.819839E+00 -1.131938E+00
  1.842223E+00 -1.102130E+00
  1.864883E+00 -1.072235E+00
  1.887821E+00 -1.042464E+00
  1.911041E+00 -1.013018E+00
  1.934547E+00 -9.840865E-01
  1.958342E+00 -9.558400E-01
  1.982429E+00 -9.284289E-01
  2.006813E+00 -9.019796E-01
  2.031497E+00 -8.765911E-01
  2.056484E+00 -8.523326E-01
  2.081779E+00 -8.292417E-01
  2.107385E+00 -8.073231E-01
  2.133306E+00 -7.865481E-01
  2.159545E+00 -7.668558E-01
  2.186108E+00 -7.481554E-01
  2.212997E+00 -7.303301E-01
  2.240217E+00 -7.132434E-01
  2.267772E+00 -6.967482E-01
  2.295665E+00 -6.806989E-01
  2.323902E+00 -6.649870E-01
  2.352486E+00 -6.495858E-01
  2.381421E+00 -6.344916E-01
  2.410713E+00 -6.197004E-01
  2.440365E+00 -6.052081E-01
  2.470381E+00 -5.910107E-01
  2.500767E+00 -5.771035E-01
  2.531526E+00 -5.634824E-01
  2.562664E+00 -5.501427E-01
  2.594185E+00 -5.370798E-01
  2.626093E+00 -5.242891E-01
  2.658394E+00 -5.117660E-01
  2.691092E+00 -4.995061E-01
  2.724193E+00 -4.875049E-01
  2.757700E+00 -4.757578E-01
  2.791620E+00 -4.642609E-01
  2.825957E+00 -4.530100E-01
  2.860716E+00 -4.420010E-01
  2.895903E+00 -4.312303E-01
  2.931523E+00 -4.206947E-01
  2.967581E+00 -4.103906E-01
  3.004082E+00 -4.003150E-01
  3.041032E+00 -3.904655E-01
  3.078437E+00 -3.808394E-01
  3.116301E+00 -3.714345E-01
  3.154632E+00 -3.622487E-01
  3.193434E+00 -3.532803E-01
  3.232713E+00 -3.445277E-01
  3.272476E+00 -3.359895E-01
  3.312727E+00 -3.276644E-01
  3.353474E+00 -3.195511E-01
  3.394721E+00 -3.116485E-01
  3.436476E+00 -3.039555E-01
  3.478745E+00 -2.964706E-01
  3.521534E+00 -2.891929E-01
  3.564848E+00 -2.821206E-01
  3.608696E+00 -2.752522E-01
  3.653083E+00 -2.685858E-01
  3.698016E+00 -2.621193E-01
  3.743502E+00 -2.558504E-01
  3.789547E+00 -2.497763E-01
  3.836158E+00 -2.438940E-01
  3.883343E+00 -2.382000E-01
  3.931108E+00 -2.326907E-01
  3.979460E+00 -2.273620E-01
  4.028408E+00 -2.222093E-01
  4.077957E+00 -2.172280E-01
  4.128116E+00 -2.124129E-01
  4.178892E+00 -2.077587E-01
  4.230292E+00 -2.032596E-01
  4.282325E+00 -1.989099E-01
  4.334998E+00 -1.947032E-01
  4.388318E+00 -1.906334E-01
  4.442294E+00 -1.866939E-01
  4.496935E+00 -1.828782E-01
  4.552247E+00 -1.791796E-01
  4.608239E+00 -1.755915E-01
  4.664921E+00 -1.721073E-01
  4.722299E+00 -1.687202E-01
  4.780384E+00 -1.654238E-01
  4.839182E+00 -1.622116E-01
  4.898704E+00 -1.590774E-01
  4.958958E+00 -1.560152E-01
  5.019954E+00 -1.530191E-01
  5.081699E+00 -1.500836E-01
  5.144204E+00 -1.472034E-01
  5.207478E+00 -1.443736E-01
  5.271530E+00 -1.415897E-01
  5.336369E+00 -1.388475E-01
  5.402007E+00 -1.361430E-01
  5.468451E+00 -1.334730E-01
  5.535713E+00 -1.308344E-01
  5.603803E+00 -1.282246E-01
  5.672729E+00 -1.256414E-01
  5.742504E+00 -1.230831E-01
  5.813137E+00 -1.205484E-01
  5.884638E+00 -1.180361E-01
  5.957019E+00 -1.155457E-01
  6.030291E+00 -1.130770E-01
  6.104463E+00 -1.106298E-01
  6.179548E+00 -1.082045E-01
  6.255557E+00 -1.058018E-01
  6.332500E+00 -1.034222E-01
  6.410390E+00 -1.010669E-01
  6.489238E+00 -9.873691E-02
  6.569055E+00 -9.643343E-02
  6.649855E+00 -9.415779E-02
  6.731648E+00 -9.191136E-02
  6.814447E+00 -8.969552E-02
  6.898265E+00 -8.751169E-02
  6.983113E+00 -8.536122E-02
  7.069006E+00 -8.324544E-02
  7.155954E+00 -8.116560E-02
  7.243973E+00 -7.912290E-02
  7.333074E+00 -7.711844E-02
  7.423270E+00 -7.515319E-02
  7.514577E+00 -7.322806E-02
  7.607006E+00 -7.134381E-02
  7.700572E+00 -6.950109E-02
  7.795289E+00 -6.770046E-02
  7.891171E+00 -6.594231E-02
  7.988233E+00 -6.422695E-02
  8.086488E+00 -6.255459E-02
  8.185952E+00 -6.092529E-02
  8.286639E+00 -5.933902E-02
  8.388564E+00 -5.779567E-02
  8.491744E+00 -5.629502E-02
  8.596192E+00 -5.483675E-02
  8.701925E+00 -5.342049E-02
  8.808959E+00 -5.204576E-02
  8.917309E+00 -5.071204E-02
  9.026992E+00 -4.941874E-02
  9.138024E+00 -4.816522E-02
  9.250422E+00 -4.695075E-02
  9.364202E+00 -4.577462E-02
  9.479382E+00 -4.463605E-02
  9.595978E+00 -4.353421E-02
  9.714009E+00 -4.246827E-02
  9.833491E+00 -4.143737E-02
  9.954443E+00 -4.044063E-02
  1.007688E+01 -3.947715E-02
  1.020083E+01 -3.854603E-02
  1.032630E+01 -3.764636E-02
  1.045331E+01 -3.677722E-02
  1.058189E+01 -3.593769E-02
  1.071204E+01 -3.512686E-02
  1.084380E+01 -3.434381E-02
  1.097718E+01 -3.358765E-02
  1.111220E+01 -3.285748E-02
  1.124888E+01 -3.215242E-02
  1.138724E+01 -3.147158E-02
  1.152731E+01 -3.081412E-02
  1.166909E+01 -3.017918E-02
  1.181262E+01 -2.956596E-02
  1.195792E+01 -2.897361E-02
  1.210500E+01 -2.840136E-02
  1.225389E+01 -2.784843E-02
  1.240461E+01 -2.731407E-02
  1.255719E+01 -2.679754E-02
  1.271164E+01 -2.629811E-02
  1.286800E+01 -2.581510E-02
  1.302627E+01 -2.534783E-02
  1.318650E+01 -2.489564E-02
  1.334869E+01 -2.445790E-02
  1.351288E+01 -2.403400E-02
  1.367909E+01 -2.362334E-02
  1.384734E+01 -2.322535E-02
  1.401766E+01 -2.283948E-02
  1.419008E+01 -2.246519E-02
  1.436462E+01 -2.210198E-02
  1.454130E+01 -2.174936E-02
  1.472016E+01 -2.140683E-02
  1.490122E+01 -2.107397E-02
  1.508450E+01 -2.075033E-02
  1.527004E+01 -2.043550E-02
  1.545786E+01 -2.012907E-02
  1.564800E+01 -1.983067E-02
  1.584047E+01 -1.953994E-02
  1.603530E+01 -1.925652E-02
  1.623254E+01 -1.898009E-02
  1.643220E+01 -1.871033E-02
  1.663431E+01 -1.844694E-02
  1.683892E+01 -1.818963E-02
  1.704604E+01 -1.793815E-02
  1.725570E+01 -1.769223E-02
  1.746795E+01 -1.745162E-02
  1.768280E+01 -1.721610E-02
  1.790030E+01 -1.698544E-02
  1.812047E+01 -1.675945E-02
  1.834336E+01 -1.653792E-02
  1.856898E+01 -1.632067E-02
  1.879738E+01 -1.610752E-02
  1.902859E+01 -1.589831E-02
  1.926264E+01 -1.569289E-02
  1.949957E+01 -1.549112E-02
  1.973941E+01 -1.529284E-02
  1.998221E+01 -1.509794E-02
  2.022799E+01 -1.490627E-02
  2.047679E+01 -1.471775E-02
  2.072866E+01 -1.453226E-02
  2.098362E+01 -1.434968E-02
  2.124172E+01 -1.416994E-02
  2.150299E+01 -1.399294E-02
  2.176748E+01 -1.381859E-02
  2.203522E+01 -1.364682E-02
  2.230625E+01 -1.347755E-02
  2.258062E+01 -1.331071E-02
  2.285836E+01 -1.312430E-02
  2.313952E+01 -1.296483E-02
  2.342413E+01 -1.280730E-02
  2.371225E+01 -1.265169E-02
  2.400391E+01 -1.249796E-02
  2.429916E+01 -1.234611E-02
  2.459804E+01 -1.219610E-02
  2.490059E+01 -1.204790E-02
  2.520687E+01 -1.190151E-02
  2.551692E+01 -1.175691E-02
  2.583077E+01 -1.161406E-02
  2.614849E+01 -1.147293E-02
  2.647012E+01 -1.133353E-02
  2.679570E+01 -1.119583E-02
  2.712529E+01 -1.105979E-02
  2.745893E+01 -1.092541E-02
  2.779668E+01 -1.079266E-02
  2.813857E+01 -1.066152E-02
  2.848468E+01 -1.053198E-02
  2.883504E+01 -1.040401E-02
  2.918971E+01 -1.027759E-02
  2.954874E+01 -1.015272E-02
  2.991219E+01 -1.002936E-02
  3.028011E+01 -9.907496E-03
  3.065256E+01 -9.787110E-03
  3.102959E+01 -9.668195E-03
  3.141125E+01 -9.550719E-03
  3.179761E+01 -9.434669E-03
  3.218872E+01 -9.320038E-03
  3.258464E+01 -9.206788E-03
  3.298543E+01 -9.094928E-03
  3.339115E+01 -8.984414E-03
  3.380186E+01 -8.875250E-03
  3.421763E+01 -8.767416E-03
  3.463850E+01 -8.660882E-03
  3.506456E+01 -8.555644E-03
  3.549585E+01 -8.451695E-03
  3.593245E+01 -8.348999E-03
  3.637442E+01 -8.247553E-03
  3.682182E+01 -8.147344E-03
  3.727473E+01 -8.048349E-03
  3.773321E+01 -7.950558E-03
  3.819733E+01 -7.853952E-03
  3.866716E+01 -7.758520E-03
  3.914276E+01 -7.664247E-03
  3.962422E+01 -7.571127E-03
  4.011160E+01 -7.479134E-03
  4.060497E+01 -7.388259E-03
  4.110441E+01 -7.298487E-03
  4.161000E+01 -7.209807E-03
  4.212180E+01 -7.122203E-03
  4.263990E+01 -7.035664E-03
  4.316437E+01 -6.950177E-03
  4.369529E+01 -6.865729E-03
  4.423274E+01 -6.782307E-03
  4.477680E+01 -6.699897E-03
  4.532756E+01 -6.618490E-03
  4.588509E+01 -6.538072E-03
  4.644947E+01 -6.458631E-03
  4.702080E+01 -6.380154E-03
  4.759916E+01 -6.302633E-03
  4.818463E+01 -6.226052E-03
  4.877730E+01 -6.150402E-03
  4.937726E+01 -6.075671E-03
  4.998460E+01 -6.001849E-03
  5.059941E+01 -5.928923E-03
  5.122178E+01 -5.856883E-03
  5.185181E+01 -5.785719E-03
  5.248959E+01 -5.715419E-03
  5.313521E+01 -5.645973E-03
  5.378877E+01 -5.577371E-03
  5.445038E+01 -5.509603E-03
  5.512012E+01 -5.442659E-03
  5.579809E+01 -5.376528E-03
  5.648441E+01 -5.311200E-03
  5.717917E+01 -5.246666E-03
  5.788247E+01 -5.182916E-03
  5.859443E+01 -5.119941E-03
  5.931514E+01 -5.057731E-03
  6.004471E+01 -4.996277E-03
  6.078326E+01 -4.935570E-03
  6.153090E+01 -4.875599E-03
  6.228773E+01 -4.816358E-03
  6.305387E+01 -4.757836E-03
  6.382943E+01 -4.700026E-03
  6.461453E+01 -4.642918E-03
  6.540929E+01 -4.586505E-03
  6.621382E+01 -4.530775E-03
  6.702825E+01 -4.475725E-03
  6.785270E+01 -4.421342E-03
  6.868729E+01 -4.367620E-03
  6.953214E+01 -4.314551E-03
  7.038739E+01 -4.262128E-03
  7.125315E+01 -4.210340E-03
  7.212957E+01 -4.159182E-03
  7.301676E+01 -4.108646E-03
  7.391487E+01 -4.058723E-03
  7.482402E+01 -4.009408E-03
  7.574436E+01 -3.960691E-03
  7.667601E+01 -3.912566E-03
  7.761913E+01 -3.865027E-03
  7.857384E+01 -3.818064E-03
