  1.136364E-04  9.817602E-10  2.856738E-06
  1.150341E-04  1.006060E-09  2.913352E-06
  1.164490E-04  1.030961E-09  2.971085E-06
  1.178813E-04  1.056479E-09  3.029960E-06
  1.193313E-04  1.082628E-09  3.090049E-06
  1.207990E-04  1.109425E-09  3.151488E-06
  1.222849E-04  1.136884E-09  3.214274E-06
  1.237890E-04  1.165024E-09  3.278440E-06
  1.253116E-04  1.193860E-09  3.344014E-06
  1.268529E-04  1.223409E-09  3.411025E-06
  1.284132E-04  1.253690E-09  3.479501E-06
  1.299927E-04  1.284720E-09  3.549473E-06
  1.315916E-04  1.316519E-09  3.620970E-06
  1.332102E-04  1.349105E-09  3.694024E-06
  1.348487E-04  1.382497E-09  3.768667E-06
  1.365073E-04  1.416715E-09  3.844931E-06
  1.381863E-04  1.451781E-09  3.922849E-06
  1.398860E-04  1.487714E-09  4.002454E-06
  1.416066E-04  1.524537E-09  4.083783E-06
  1.433484E-04  1.562271E-09  4.166870E-06
  1.451116E-04  1.600939E-09  4.251751E-06
  1.468965E-04  1.640565E-09  4.338463E-06
  1.487033E-04  1.681171E-09  4.427044E-06
  1.505323E-04  1.722782E-09  4.517532E-06
  1.523839E-04  1.765423E-09  4.609968E-06
  1.542582E-04  1.809120E-09  4.704390E-06
  1.561556E-04  1.853898E-09  4.800841E-06
  1.580763E-04  1.899784E-09  4.899362E-06
  1.600206E-04  1.946806E-09  4.999997E-06
  1.619889E-04  1.994992E-09  5.102788E-06
  1.639813E-04  2.044371E-09  5.207782E-06
  1.659983E-04  2.094972E-09  5.315024E-06
  1.680401E-04  2.146825E-09  5.424560E-06
  1.701070E-04  2.199961E-09  5.536438E-06
  1.721993E-04  2.254413E-09  5.650708E-06
  1.743174E-04  2.310213E-09  5.767419E-06
  1.764615E-04  2.367394E-09  5.886623E-06
  1.786319E-04  2.425990E-09  6.008370E-06
  1.808291E-04  2.486036E-09  6.132715E-06
  1.830533E-04  2.547569E-09  6.259712E-06
  1.853049E-04  2.610624E-09  6.389416E-06
  1.875841E-04  2.675241E-09  6.521885E-06
  1.898914E-04  2.741456E-09  6.657175E-06
  1.922271E-04  2.809311E-09  6.795347E-06
  1.945914E-04  2.878845E-09  6.936461E-06
  1.969849E-04  2.950100E-09  7.080578E-06
  1.994078E-04  3.023119E-09  7.227762E-06
  2.018606E-04  3.097945E-09  7.378077E-06
  2.043434E-04  3.174623E-09  7.531589E-06
  2.068569E-04  3.253199E-09  7.688366E-06
  2.094012E-04  3.333720E-09  7.848476E-06
  2.119768E-04  3.416234E-09  8.011989E-06
  2.145842E-04  3.500790E-09  8.178977E-06
  2.172235E-04  3.587439E-09  8.349514E-06
  2.198954E-04  3.676233E-09  8.523674E-06
  2.226001E-04  3.767225E-09  8.701534E-06
  2.253381E-04  3.860468E-09  8.883172E-06
  2.281097E-04  3.956020E-09  9.068668E-06
  2.309155E-04  4.053936E-09  9.258104E-06
  2.337557E-04  4.154277E-09  9.451562E-06
  2.366309E-04  4.257100E-09  9.649128E-06
  2.395415E-04  4.362469E-09  9.850888E-06
  2.424879E-04  4.470446E-09  1.005693E-05
  2.454705E-04  4.581095E-09  1.026735E-05
  2.484898E-04  4.694483E-09  1.048224E-05
  2.515462E-04  4.810678E-09  1.070168E-05
  2.546402E-04  4.929748E-09  1.092579E-05
  2.577723E-04  5.051766E-09  1.115465E-05
  2.609429E-04  5.176803E-09  1.138838E-05
  2.641525E-04  5.304936E-09  1.162706E-05
  2.674015E-04  5.436240E-09  1.187081E-05
  2.706906E-04  5.570794E-09  1.211973E-05
  2.740201E-04  5.708678E-09  1.237394E-05
  2.773905E-04  5.849976E-09  1.263355E-05
  2.808024E-04  5.994770E-09  1.289866E-05
  2.842563E-04  6.143148E-09  1.316941E-05
  2.877526E-04  6.295199E-09  1.344590E-05
  2.912920E-04  6.451013E-09  1.372827E-05
  2.948749E-04  6.610684E-09  1.401663E-05
  2.985019E-04  6.774307E-09  1.431111E-05
  3.021734E-04  6.941980E-09  1.461185E-05
  3.058902E-04  7.113803E-09  1.491898E-05
  3.096526E-04  7.289879E-09  1.523263E-05
  3.134613E-04  7.470313E-09  1.555294E-05
  3.173169E-04  7.655213E-09  1.588006E-05
  3.212199E-04  7.844689E-09  1.621413E-05
  3.251709E-04  8.038855E-09  1.655529E-05
  3.291705E-04  8.237828E-09  1.690371E-05
  3.332193E-04  8.441724E-09  1.725953E-05
  3.373179E-04  8.650668E-09  1.762292E-05
  3.414669E-04  8.864783E-09  1.799403E-05
  3.456670E-04  9.084198E-09  1.837302E-05
  3.499187E-04  9.309044E-09  1.876008E-05
  3.542227E-04  9.539455E-09  1.915537E-05
  3.585796E-04  9.775568E-09  1.955906E-05
  3.629901E-04  1.001753E-08  1.997135E-05
  3.674549E-04  1.026547E-08  2.039240E-05
  3.719746E-04  1.051956E-08  2.082241E-05
  3.765499E-04  1.077993E-08  2.126157E-05
  3.811815E-04  1.104675E-08  2.171008E-05
  3.858700E-04  1.132017E-08  2.216814E-05
  3.906162E-04  1.160036E-08  2.263594E-05
  3.954208E-04  1.188748E-08  2.311371E-05
  4.002845E-04  1.218171E-08  2.360165E-05
  4.052080E-04  1.248322E-08  2.409998E-05
  4.101920E-04  1.279220E-08  2.460893E-05
  4.152374E-04  1.310882E-08  2.512872E-05
  4.203448E-04  1.343328E-08  2.565959E-05
  4.255150E-04  1.376578E-08  2.620177E-05
  4.307489E-04  1.410650E-08  2.675550E-05
  4.360471E-04  1.445565E-08  2.732105E-05
  4.414105E-04  1.481345E-08  2.789865E-05
  4.468398E-04  1.518010E-08  2.848857E-05
  4.523359E-04  1.555583E-08  2.909107E-05
  4.578997E-04  1.594085E-08  2.970642E-05
  4.635318E-04  1.633541E-08  3.033491E-05
  4.692333E-04  1.673973E-08  3.097681E-05
  4.750048E-04  1.715406E-08  3.163240E-05
  4.808474E-04  1.757865E-08  3.230200E-05
  4.867618E-04  1.801374E-08  3.298589E-05
  4.927490E-04  1.845960E-08  3.368439E-05
  4.988098E-04  1.891650E-08  3.439780E-05
  5.049452E-04  1.938471E-08  3.512646E-05
  5.111560E-04  1.986451E-08  3.587069E-05
  5.174432E-04  2.035618E-08  3.663082E-05
  5.238078E-04  2.086002E-08  3.740720E-05
  5.302506E-04  2.137633E-08  3.820018E-05
  5.367727E-04  2.190543E-08  3.901012E-05
  5.433750E-04  2.244761E-08  3.983738E-05
  5.500585E-04  2.300322E-08  4.068234E-05
  5.568242E-04  2.357258E-08  4.154537E-05
  5.636732E-04  2.415603E-08  4.242688E-05
  5.706063E-04  2.475393E-08  4.332725E-05
  5.776248E-04  2.536662E-08  4.424690E-05
  5.847296E-04  2.599448E-08  4.518624E-05
  5.919218E-04  2.663787E-08  4.614569E-05
  5.992024E-04  2.729719E-08  4.712570E-05
  6.065726E-04  2.797284E-08  4.812670E-05
  6.140334E-04  2.866520E-08  4.914916E-05
  6.215860E-04  2.937470E-08  5.019353E-05
  6.292315E-04  3.010176E-08  5.126028E-05
  6.369711E-04  3.084682E-08  5.234991E-05
  6.448058E-04  3.161032E-08  5.346291E-05
  6.527369E-04  3.239272E-08  5.459978E-05
  6.607656E-04  3.319448E-08  5.576104E-05
  6.688930E-04  3.401608E-08  5.694722E-05
  6.771204E-04  3.485803E-08  5.815885E-05
  6.854490E-04  3.572081E-08  5.939649E-05
  6.938800E-04  3.660494E-08  6.066071E-05
  7.024147E-04  3.751096E-08  6.195207E-05
  7.110544E-04  3.843941E-08  6.327117E-05
  7.198004E-04  3.939083E-08  6.461861E-05
  7.286540E-04  4.036581E-08  6.599499E-05
  7.376164E-04  4.136492E-08  6.740096E-05
  7.466891E-04  4.238875E-08  6.883715E-05
  7.558734E-04  4.343793E-08  7.030421E-05
  7.651706E-04  4.451307E-08  7.180282E-05
  7.745822E-04  4.561483E-08  7.333365E-05
  7.841096E-04  4.674386E-08  7.489742E-05
  7.937541E-04  4.790083E-08  7.649483E-05
  8.035173E-04  4.908644E-08  7.812661E-05
  8.134005E-04  5.030139E-08  7.979351E-05
  8.234054E-04  5.154641E-08  8.149629E-05
  8.335333E-04  5.282226E-08  8.323574E-05
  8.437857E-04  5.412968E-08  8.501263E-05
  8.541643E-04  5.546946E-08  8.682780E-05
  8.646705E-04  5.684240E-08  8.868207E-05
  8.753060E-04  5.824932E-08  9.057629E-05
  8.860722E-04  5.969107E-08  9.251132E-05
  8.969709E-04  6.116850E-08  9.448806E-05
  9.080036E-04  6.268250E-08  9.650741E-05
  9.191721E-04  6.423397E-08  9.857029E-05
  9.304779E-04  6.582385E-08  1.006777E-04
  9.419228E-04  6.745308E-08  1.028305E-04
  9.535084E-04  6.912263E-08  1.050297E-04
  9.652366E-04  7.083350E-08  1.072764E-04
  9.771090E-04  7.258673E-08  1.095716E-04
  9.891274E-04  7.438334E-08  1.119163E-04
  1.001294E-03  7.622443E-08  1.143116E-04
  1.013610E-03  7.811108E-08  1.167586E-04
  1.026077E-03  8.004443E-08  1.192584E-04
  1.038698E-03  8.202564E-08  1.218122E-04
  1.051474E-03  8.405588E-08  1.244211E-04
  1.064407E-03  8.613638E-08  1.270864E-04
  1.077499E-03  8.826836E-08  1.298093E-04
  1.090752E-03  9.045312E-08  1.325910E-04
  1.104169E-03  9.269196E-08  1.354328E-04
  1.117750E-03  9.498620E-08  1.383360E-04
  1.131498E-03  9.733724E-08  1.413020E-04
  1.145416E-03  9.974646E-08  1.443320E-04
  1.159504E-03  1.022153E-07  1.474276E-04
  1.173766E-03  1.047453E-07  1.505900E-04
  1.188203E-03  1.073379E-07  1.538209E-04
  1.202818E-03  1.099946E-07  1.571216E-04
  1.217613E-03  1.127171E-07  1.604937E-04
  1.232590E-03  1.155070E-07  1.639387E-04
  1.247750E-03  1.183660E-07  1.674583E-04
  1.263098E-03  1.212957E-07  1.710539E-04
  1.278634E-03  1.242979E-07  1.747274E-04
  1.294361E-03  1.273745E-07  1.784803E-04
  1.310282E-03  1.305272E-07  1.823144E-04
  1.326398E-03  1.337579E-07  1.862315E-04
  1.342713E-03  1.370686E-07  1.902334E-04
  1.359228E-03  1.404612E-07  1.943218E-04
  1.375947E-03  1.439378E-07  1.984988E-04
  1.392871E-03  1.475004E-07  2.027661E-04
  1.410003E-03  1.511513E-07  2.071258E-04
  1.427346E-03  1.548925E-07  2.115799E-04
  1.444903E-03  1.587263E-07  2.161304E-04
  1.462675E-03  1.626550E-07  2.207794E-04
  1.480666E-03  1.666809E-07  2.255290E-04
  1.498878E-03  1.708065E-07  2.303814E-04
  1.517314E-03  1.750342E-07  2.353389E-04
  1.535977E-03  1.793665E-07  2.404037E-04
  1.554870E-03  1.838060E-07  2.455782E-04
  1.573995E-03  1.883555E-07  2.508646E-04
  1.593355E-03  1.930175E-07  2.562655E-04
  1.612953E-03  1.977950E-07  2.617834E-04
  1.632792E-03  2.026907E-07  2.674206E-04
  1.652876E-03  2.077076E-07  2.731799E-04
  1.673206E-03  2.128486E-07  2.790639E-04
  1.693787E-03  2.181169E-07  2.850752E-04
  1.714620E-03  2.235156E-07  2.912166E-04
  1.735710E-03  2.290479E-07  2.974910E-04
  1.757059E-03  2.347171E-07  3.039011E-04
  1.778671E-03  2.405267E-07  3.104499E-04
  1.800549E-03  2.464801E-07  3.171405E-04
  1.822695E-03  2.525808E-07  3.239758E-04
  1.845115E-03  2.588325E-07  3.309590E-04
  1.867809E-03  2.652390E-07  3.380932E-04
  1.890783E-03  2.718040E-07  3.453818E-04
  1.914040E-03  2.785315E-07  3.528280E-04
  1.937583E-03  2.854256E-07  3.604353E-04
  1.961415E-03  2.924902E-07  3.682070E-04
  1.985541E-03  2.997298E-07  3.761467E-04
  2.009963E-03  3.071485E-07  3.842581E-04
  2.034685E-03  3.147509E-07  3.925448E-04
  2.059712E-03  3.225414E-07  4.010105E-04
  2.085046E-03  3.305247E-07  4.096592E-04
  2.110692E-03  3.387057E-07  4.184947E-04
  2.136654E-03  3.470891E-07  4.275210E-04
  2.162935E-03  3.556800E-07  4.367423E-04
  2.189539E-03  3.644836E-07  4.461626E-04
  2.216470E-03  3.735051E-07  4.557862E-04
  2.243733E-03  3.827499E-07  4.656176E-04
  2.271331E-03  3.922235E-07  4.756610E-04
  2.299268E-03  4.019316E-07  4.859211E-04
  2.327549E-03  4.118799E-07  4.964024E-04
  2.356178E-03  4.220746E-07  5.071097E-04
  2.385159E-03  4.325215E-07  5.180477E-04
  2.414496E-03  4.432270E-07  5.292214E-04
  2.444195E-03  4.541975E-07  5.406358E-04
  2.474258E-03  4.654396E-07  5.522959E-04
  2.504692E-03  4.769599E-07  5.642071E-04
  2.535499E-03  4.887653E-07  5.763746E-04
  2.566686E-03  5.008630E-07  5.888038E-04
  2.598256E-03  5.132600E-07  6.015003E-04
  2.630215E-03  5.259640E-07  6.144697E-04
  2.662566E-03  5.389823E-07  6.277178E-04
  2.695316E-03  5.523229E-07  6.412505E-04
  2.728468E-03  5.659937E-07  6.550737E-04
  2.762028E-03  5.800029E-07  6.691937E-04
  2.796001E-03  5.943588E-07  6.836165E-04
  2.830392E-03  6.090701E-07  6.983486E-04
  2.865206E-03  6.241455E-07  7.133965E-04
  2.900448E-03  6.395940E-07  7.287667E-04
  2.936124E-03  6.554249E-07  7.444661E-04
  2.972238E-03  6.716477E-07  7.605015E-04
  3.008796E-03  6.882719E-07  7.768799E-04
  3.045805E-03  7.053077E-07  7.936086E-04
  3.083268E-03  7.227651E-07  8.106947E-04
  3.121192E-03  7.406547E-07  8.281457E-04
  3.159583E-03  7.589870E-07  8.459693E-04
  3.198446E-03  7.777731E-07  8.641731E-04
  3.237787E-03  7.970242E-07  8.827650E-04
  3.277611E-03  8.167517E-07  9.017531E-04
  3.317926E-03  8.369676E-07  9.211455E-04
  3.358737E-03  8.576839E-07  9.409506E-04
  3.400049E-03  8.789129E-07  9.611770E-04
  3.441870E-03  9.006673E-07  9.818332E-04
  3.484205E-03  9.229603E-07  1.002928E-03
  3.527060E-03  9.458050E-07  1.024471E-03
  3.570443E-03  9.692152E-07  1.046470E-03
  3.614360E-03  9.932048E-07  1.068936E-03
  3.658816E-03  1.017788E-06  1.091877E-03
  3.703820E-03  1.042980E-06  1.115304E-03
  3.749377E-03  1.068796E-06  1.139226E-03
  3.795494E-03  1.095250E-06  1.163654E-03
  3.842179E-03  1.122359E-06  1.188597E-03
  3.889437E-03  1.150139E-06  1.214067E-03
  3.937277E-03  1.178607E-06  1.240073E-03
  3.985706E-03  1.207780E-06  1.266626E-03
  4.034730E-03  1.237674E-06  1.293738E-03
  4.084357E-03  1.268309E-06  1.321420E-03
  4.134595E-03  1.299702E-06  1.349684E-03
  4.185450E-03  1.331871E-06  1.378540E-03
  4.236931E-03  1.364837E-06  1.408000E-03
  4.289046E-03  1.398620E-06  1.438078E-03
  4.341801E-03  1.433238E-06  1.468784E-03
  4.395205E-03  1.468713E-06  1.500132E-03
  4.449266E-03  1.505066E-06  1.532134E-03
  4.503992E-03  1.542319E-06  1.564803E-03
  4.559391E-03  1.580494E-06  1.598152E-03
  4.615472E-03  1.619614E-06  1.632195E-03
  4.672242E-03  1.659703E-06  1.666945E-03
  4.729711E-03  1.700783E-06  1.702417E-03
  4.787886E-03  1.742881E-06  1.738623E-03
  4.846777E-03  1.786020E-06  1.775579E-03
  4.906392E-03  1.830228E-06  1.813298E-03
  4.966741E-03  1.875529E-06  1.851797E-03
  5.027832E-03  1.921952E-06  1.891089E-03
  5.089674E-03  1.969524E-06  1.931191E-03
  5.152277E-03  2.018273E-06  1.972117E-03
  5.215650E-03  2.068230E-06  2.013883E-03
  5.279803E-03  2.119422E-06  2.056506E-03
  5.344744E-03  2.171882E-06  2.100002E-03
  5.410485E-03  2.225640E-06  2.144387E-03
  5.477034E-03  2.280729E-06  2.189678E-03
  5.544401E-03  2.337182E-06  2.235892E-03
  5.612597E-03  2.395032E-06  2.283047E-03
  5.681632E-03  2.454314E-06  2.331160E-03
  5.751516E-03  2.515063E-06  2.380249E-03
  5.822260E-03  2.577316E-06  2.430332E-03
  5.893874E-03  2.641110E-06  2.481428E-03
  5.966368E-03  2.706483E-06  2.533555E-03
  6.039755E-03  2.773474E-06  2.586732E-03
  6.114044E-03  2.842124E-06  2.640979E-03
  6.189246E-03  2.912473E-06  2.696315E-03
  6.265374E-03  2.984563E-06  2.752760E-03
  6.342438E-03  3.058437E-06  2.810334E-03
  6.420450E-03  3.134140E-06  2.869057E-03
  6.499422E-03  3.211718E-06  2.928950E-03
  6.579365E-03  3.291215E-06  2.990034E-03
  6.660291E-03  3.372680E-06  3.052330E-03
  6.742212E-03  3.456162E-06  3.115859E-03
  6.825142E-03  3.541710E-06  3.180644E-03
  6.909091E-03  3.629376E-06  3.246706E-03
  6.994073E-03  3.719212E-06  3.314068E-03
  7.080100E-03  3.811271E-06  3.382752E-03
  7.167185E-03  3.905610E-06  3.452781E-03
  7.255341E-03  4.002283E-06  3.524178E-03
  7.344582E-03  4.101350E-06  3.596967E-03
  7.434921E-03  4.202869E-06  3.671171E-03
  7.526370E-03  4.306901E-06  3.746815E-03
  7.618944E-03  4.413508E-06  3.823922E-03
  7.712657E-03  4.522754E-06  3.902518E-03
  7.807523E-03  4.634704E-06  3.982626E-03
  7.903556E-03  4.749426E-06  4.064272E-03
  8.000769E-03  4.866987E-06  4.147481E-03
  8.099179E-03  4.987459E-06  4.232279E-03
  8.198799E-03  5.110913E-06  4.318691E-03
  8.299644E-03  5.237422E-06  4.406743E-03
  8.401730E-03  5.367064E-06  4.496462E-03
  8.505071E-03  5.499915E-06  4.587875E-03
  8.609683E-03  5.636054E-06  4.681007E-03
  8.715582E-03  5.775564E-06  4.775886E-03
  8.822784E-03  5.918527E-06  4.872538E-03
  8.931304E-03  6.065029E-06  4.970992E-03
  9.041159E-03  6.215157E-06  5.071275E-03
  9.152366E-03  6.369003E-06  5.173414E-03
  9.264940E-03  6.526656E-06  5.277438E-03
  9.378898E-03  6.688213E-06  5.383374E-03
  9.494259E-03  6.853769E-06  5.491250E-03
  9.611038E-03  7.023423E-06  5.601096E-03
  9.729254E-03  7.197277E-06  5.712939E-03
  9.848924E-03  7.375435E-06  5.826809E-03
  9.970066E-03  7.558003E-06  5.942733E-03
  1.009270E-02  7.745091E-06  6.060742E-03
  1.021684E-02  7.936811E-06  6.180863E-03
  1.034250E-02  8.133277E-06  6.303125E-03
  1.046972E-02  8.334607E-06  6.427559E-03
  1.059849E-02  8.540921E-06  6.554192E-03
  1.072886E-02  8.752342E-06  6.683055E-03
  1.086082E-02  8.968998E-06  6.814176E-03
  1.099441E-02  9.191017E-06  6.947584E-03
  1.112964E-02  9.418533E-06  7.083308E-03
  1.126654E-02  9.651682E-06  7.221379E-03
  1.140511E-02  9.890602E-06  7.361823E-03
  1.154540E-02  1.013544E-05  7.504671E-03
  1.168740E-02  1.038633E-05  7.649951E-03
  1.183116E-02  1.064344E-05  7.797692E-03
  1.197668E-02  1.090692E-05  7.947922E-03
  1.212400E-02  1.117692E-05  8.100670E-03
  1.227312E-02  1.145360E-05  8.255963E-03
  1.242408E-02  1.173713E-05  8.413829E-03
  1.257690E-02  1.202768E-05  8.574297E-03
  1.273159E-02  1.232543E-05  8.737392E-03
  1.288819E-02  1.263055E-05  8.903143E-03
  1.304672E-02  1.294322E-05  9.071575E-03
  1.320719E-02  1.326363E-05  9.242715E-03
  1.336964E-02  1.359198E-05  9.416589E-03
  1.353409E-02  1.392845E-05  9.593221E-03
  1.370056E-02  1.427326E-05  9.772636E-03
  1.386907E-02  1.462661E-05  9.954859E-03
  1.403966E-02  1.498870E-05  1.013991E-02
  1.421235E-02  1.535976E-05  1.032782E-02
  1.438716E-02  1.574001E-05  1.051861E-02
  1.456412E-02  1.612967E-05  1.071229E-02
  1.474326E-02  1.652898E-05  1.090889E-02
  1.492460E-02  1.693818E-05  1.110843E-02
  1.510818E-02  1.735751E-05  1.131093E-02
  1.529401E-02  1.778723E-05  1.151640E-02
  1.548212E-02  1.822758E-05  1.172487E-02
  1.567255E-02  1.867884E-05  1.193635E-02
  1.586533E-02  1.914128E-05  1.215085E-02
  1.606047E-02  1.961516E-05  1.236840E-02
  1.625801E-02  2.010079E-05  1.258899E-02
  1.645799E-02  2.059843E-05  1.281265E-02
  1.666042E-02  2.110840E-05  1.303938E-02
  1.686534E-02  2.163100E-05  1.326920E-02
  1.707279E-02  2.216654E-05  1.350210E-02
  1.728278E-02  2.271535E-05  1.373811E-02
  1.749536E-02  2.327774E-05  1.397721E-02
  1.771055E-02  2.385407E-05  1.421942E-02
  1.792839E-02  2.444466E-05  1.446474E-02
  1.814891E-02  2.504989E-05  1.471316E-02
  1.837214E-02  2.567010E-05  1.496469E-02
  1.859812E-02  2.630568E-05  1.521931E-02
  1.882688E-02  2.695699E-05  1.547703E-02
  1.905845E-02  2.762444E-05  1.573783E-02
  1.929287E-02  2.830842E-05  1.600171E-02
  1.953017E-02  2.900934E-05  1.626864E-02
  1.977039E-02  2.972762E-05  1.653863E-02
  2.001357E-02  3.046370E-05  1.681164E-02
  2.025973E-02  3.121801E-05  1.708766E-02
  2.050893E-02  3.199100E-05  1.736667E-02
  2.076119E-02  3.278314E-05  1.764864E-02
  2.101655E-02  3.359490E-05  1.793354E-02
  2.127506E-02  3.442677E-05  1.822134E-02
  2.153674E-02  3.527925E-05  1.851202E-02
  2.180164E-02  3.615285E-05  1.880552E-02
  2.206980E-02  3.704809E-05  1.910182E-02
  2.234126E-02  3.796551E-05  1.940087E-02
  2.261606E-02  3.890566E-05  1.970262E-02
  2.289423E-02  3.986910E-05  2.000702E-02
  2.317583E-02  4.085641E-05  2.031402E-02
  2.346090E-02  4.186818E-05  2.062357E-02
  2.374946E-02  4.290503E-05  2.093559E-02
  2.404158E-02  4.396756E-05  2.125003E-02
  2.433729E-02  4.505643E-05  2.156681E-02
  2.463664E-02  4.617227E-05  2.188587E-02
  2.493967E-02  4.731577E-05  2.220713E-02
  2.524643E-02  4.848760E-05  2.253050E-02
  2.555696E-02  4.968847E-05  2.285591E-02
  2.587131E-02  5.091910E-05  2.318325E-02
  2.618953E-02  5.218024E-05  2.351243E-02
  2.651166E-02  5.347262E-05  2.384336E-02
  2.683776E-02  5.479704E-05  2.417593E-02
  2.716786E-02  5.615429E-05  2.451003E-02
  2.750203E-02  5.754518E-05  2.484554E-02
  2.784030E-02  5.897054E-05  2.518235E-02
  2.818274E-02  6.043124E-05  2.552033E-02
  2.852938E-02  6.192815E-05  2.585934E-02
  2.888029E-02  6.346217E-05  2.619926E-02
  2.923552E-02  6.503421E-05  2.653995E-02
  2.959512E-02  6.664523E-05  2.688124E-02
  2.995914E-02  6.829620E-05  2.722299E-02
  3.032764E-02  6.998810E-05  2.756505E-02
  3.070067E-02  7.172195E-05  2.790724E-02
  3.107828E-02  7.349879E-05  2.824939E-02
  3.146055E-02  7.531970E-05  2.859133E-02
  3.184751E-02  7.718577E-05  2.893287E-02
  3.223924E-02  7.909811E-05  2.927381E-02
  3.263578E-02  8.105788E-05  2.961398E-02
  3.303720E-02  8.306626E-05  2.995315E-02
  3.344356E-02  8.512446E-05  3.029112E-02
  3.385491E-02  8.723371E-05  3.062767E-02
  3.427133E-02  8.939528E-05  3.096258E-02
  3.469287E-02  9.161048E-05  3.129561E-02
  3.511959E-02  9.388064E-05  3.162654E-02
  3.555156E-02  9.620713E-05  3.195510E-02
  3.598884E-02  9.859134E-05  3.228106E-02
  3.643151E-02  1.010347E-04  3.260415E-02
  3.687961E-02  1.035387E-04  3.292410E-02
  3.733323E-02  1.061049E-04  3.324065E-02
  3.779243E-02  1.087347E-04  3.355350E-02
  3.825728E-02  1.114298E-04  3.386238E-02
  3.872784E-02  1.141919E-04  3.416698E-02
  3.920420E-02  1.170224E-04  3.446701E-02
  3.968641E-02  1.199233E-04  3.476215E-02
  4.017455E-02  1.228962E-04  3.505209E-02
  4.066870E-02  1.259429E-04  3.533650E-02
  4.116892E-02  1.290653E-04  3.561504E-02
  4.167530E-02  1.322652E-04  3.588739E-02
  4.218791E-02  1.355445E-04  3.615319E-02
  4.270682E-02  1.389054E-04  3.641209E-02
  4.323211E-02  1.423497E-04  3.666373E-02
  4.376387E-02  1.458796E-04  3.690775E-02
  4.430216E-02  1.494972E-04  3.714376E-02
  4.484708E-02  1.532047E-04  3.737140E-02
  4.539870E-02  1.570043E-04  3.759026E-02
  4.595710E-02  1.608984E-04  3.779996E-02
  4.652237E-02  1.648892E-04  3.800010E-02
  4.709460E-02  1.689793E-04  3.819027E-02
  4.767386E-02  1.731711E-04  3.837007E-02
  4.826025E-02  1.774670E-04  3.853906E-02
  4.885385E-02  1.818698E-04  3.869684E-02
  4.945475E-02  1.863821E-04  3.884297E-02
  5.006305E-02  1.910067E-04  3.897703E-02
  5.067882E-02  1.957463E-04  3.909857E-02
  5.130217E-02  2.006038E-04  3.920715E-02
  5.193319E-02  2.055822E-04  3.930233E-02
  5.257197E-02  2.106845E-04  3.938366E-02
  5.321860E-02  2.159138E-04  3.945069E-02
  5.387319E-02  2.212732E-04  3.950297E-02
  5.453583E-02  2.267661E-04  3.954004E-02
  5.520662E-02  2.323958E-04  3.956143E-02
  5.588566E-02  2.381657E-04  3.956670E-02
  5.657306E-02  2.440793E-04  3.955538E-02
  5.726891E-02  2.501402E-04  3.952700E-02
  5.797331E-02  2.563522E-04  3.948112E-02
  5.868638E-02  2.627190E-04  3.941727E-02
  5.940823E-02  2.692445E-04  3.933499E-02
  6.013895E-02  2.759327E-04  3.923382E-02
  6.087866E-02  2.827876E-04  3.911331E-02
  6.162747E-02  2.898135E-04  3.897301E-02
  6.238548E-02  2.970147E-04  3.881248E-02
  6.315282E-02  3.043955E-04  3.863127E-02
  6.392960E-02  3.119606E-04  3.842894E-02
  6.471594E-02  3.197144E-04  3.820506E-02
  6.551194E-02  3.276619E-04  3.795921E-02
  6.631774E-02  3.358078E-04  3.769098E-02
  6.713345E-02  3.441571E-04  3.739995E-02
  6.795919E-02  3.527151E-04  3.708573E-02
  6.879509E-02  3.614869E-04  3.674793E-02
  6.964127E-02  3.704779E-04  3.638617E-02
  7.049786E-02  3.796938E-04  3.600009E-02
  7.136498E-02  3.891401E-04  3.558933E-02
  7.224277E-02  3.988226E-04  3.515355E-02
  7.313136E-02  4.087475E-04  3.469245E-02
  7.403087E-02  4.189207E-04  3.420569E-02
  7.494145E-02  4.293486E-04  3.369301E-02
  7.586323E-02  4.400376E-04  3.315411E-02
  7.679635E-02  4.509944E-04  3.258876E-02
  7.774094E-02  4.622257E-04  3.199671E-02
  7.869716E-02  4.737385E-04  3.137775E-02
  7.966513E-02  4.855399E-04  3.073170E-02
  8.064501E-02  4.976373E-04  3.005838E-02
  8.163695E-02  5.100381E-04  2.935766E-02
  8.264108E-02  5.227502E-04  2.862941E-02
  8.365757E-02  5.357814E-04  2.787355E-02
  8.468655E-02  5.491399E-04  2.709001E-02
  8.572820E-02  5.628339E-04  2.627876E-02
  8.678266E-02  5.768720E-04  2.543980E-02
  8.785008E-02  5.912631E-04  2.457315E-02
  8.893064E-02  6.060160E-04  2.367888E-02
  9.002449E-02  6.211402E-04  2.275707E-02
  9.113179E-02  6.366449E-04  2.180785E-02
  9.225271E-02  6.525401E-04  2.083140E-02
  9.338742E-02  6.688356E-04  1.982790E-02
  9.453608E-02  6.855418E-04  1.879760E-02
  9.569887E-02  7.026691E-04  1.774077E-02
  9.687597E-02  7.202283E-04  1.665774E-02
  9.806755E-02  7.382307E-04  1.554885E-02
  9.927378E-02  7.566874E-04  1.441450E-02
  1.004948E-01  7.756102E-04  1.325515E-02
  1.017309E-01  7.950112E-04  1.207128E-02
  1.029822E-01  8.149026E-04  1.086341E-02
  1.042489E-01  8.352970E-04  9.632120E-03
  1.055312E-01  8.562075E-04  8.378040E-03
  1.068292E-01  8.776474E-04  7.101835E-03
  1.081432E-01  8.996303E-04  5.804223E-03
  1.094734E-01  9.221703E-04  4.485969E-03
  1.108199E-01  9.452818E-04  3.147887E-03
  1.121830E-01  9.689796E-04  1.790841E-03
  1.135628E-01  9.932791E-04  4.157442E-04
  1.149596E-01  1.018196E-03 -9.764392E-04
  1.163736E-01  1.043745E-03 -2.384695E-03
  1.178050E-01  1.069945E-03 -3.807959E-03
  1.192540E-01  1.096811E-03 -5.245115E-03
  1.207209E-01  1.124361E-03 -6.694997E-03
  1.222057E-01  1.152613E-03 -8.156388E-03
  1.237089E-01  1.181585E-03 -9.628019E-03
  1.252305E-01  1.211297E-03 -1.110857E-02
  1.267708E-01  1.241766E-03 -1.259668E-02
  1.283301E-01  1.273014E-03 -1.409092E-02
  1.299086E-01  1.305061E-03 -1.558983E-02
  1.315064E-01  1.337927E-03 -1.709189E-02
  1.331240E-01  1.371635E-03 -1.859555E-02
  1.347614E-01  1.406206E-03 -2.009918E-02
  1.364189E-01  1.441664E-03 -2.160113E-02
  1.380969E-01  1.478031E-03 -2.309970E-02
  1.397955E-01  1.515332E-03 -2.459315E-02
  1.415150E-01  1.553591E-03 -2.607969E-02
  1.432556E-01  1.592835E-03 -2.755749E-02
  1.450177E-01  1.633088E-03 -2.902468E-02
  1.468014E-01  1.674378E-03 -3.047936E-02
  1.486070E-01  1.716734E-03 -3.191958E-02
  1.504349E-01  1.760182E-03 -3.334338E-02
  1.522852E-01  1.804752E-03 -3.474874E-02
  1.541584E-01  1.850475E-03 -3.613362E-02
  1.560545E-01  1.897380E-03 -3.749596E-02
  1.579740E-01  1.945501E-03 -3.883367E-02
  1.599171E-01  1.994869E-03 -4.014464E-02
  1.618840E-01  2.045519E-03 -4.142672E-02
  1.638752E-01  2.097485E-03 -4.267778E-02
  1.658909E-01  2.150802E-03 -4.389565E-02
  1.679313E-01  2.205507E-03 -4.507815E-02
  1.699969E-01  2.261637E-03 -4.622310E-02
  1.720878E-01  2.319232E-03 -4.732831E-02
  1.742045E-01  2.378332E-03 -4.839160E-02
  1.763472E-01  2.438977E-03 -4.941078E-02
  1.785163E-01  2.501209E-03 -5.038367E-02
  1.807121E-01  2.565073E-03 -5.130813E-02
  1.829348E-01  2.630613E-03 -5.218198E-02
  1.851849E-01  2.697874E-03 -5.300312E-02
  1.874627E-01  2.766905E-03 -5.376943E-02
  1.897685E-01  2.837754E-03 -5.447884E-02
  1.921026E-01  2.910472E-03 -5.512931E-02
  1.944655E-01  2.985110E-03 -5.571884E-02
  1.968574E-01  3.061722E-03 -5.624546E-02
  1.992788E-01  3.140362E-03 -5.670726E-02
  2.017299E-01  3.221088E-03 -5.710239E-02
  2.042112E-01  3.303958E-03 -5.742903E-02
  2.067230E-01  3.389031E-03 -5.768546E-02
  2.092657E-01  3.476369E-03 -5.786998E-02
  2.118396E-01  3.566037E-03 -5.798099E-02
  2.144453E-01  3.658100E-03 -5.801698E-02
  2.170829E-01  3.752626E-03 -5.797649E-02
  2.197531E-01  3.849684E-03 -5.785816E-02
  2.224560E-01  3.949347E-03 -5.766073E-02
  2.251922E-01  4.051688E-03 -5.738302E-02
  2.279621E-01  4.156784E-03 -5.702395E-02
  2.307660E-01  4.264715E-03 -5.658256E-02
  2.336045E-01  4.375561E-03 -5.605800E-02
  2.364778E-01  4.489405E-03 -5.544951E-02
  2.393865E-01  4.606335E-03 -5.475647E-02
  2.423309E-01  4.726440E-03 -5.397838E-02
  2.453116E-01  4.849812E-03 -5.311487E-02
  2.483289E-01  4.976544E-03 -5.216568E-02
  2.513834E-01  5.106736E-03 -5.113071E-02
  2.544754E-01  5.240489E-03 -5.000999E-02
  2.576054E-01  5.377905E-03 -4.880369E-02
  2.607740E-01  5.519093E-03 -4.751211E-02
  2.639815E-01  5.664164E-03 -4.613574E-02
  2.672285E-01  5.813231E-03 -4.467518E-02
  2.705154E-01  5.966414E-03 -4.313120E-02
  2.738427E-01  6.123833E-03 -4.150473E-02
  2.772110E-01  6.285615E-03 -3.979685E-02
  2.806207E-01  6.451889E-03 -3.800881E-02
  2.840723E-01  6.622790E-03 -3.614201E-02
  2.875664E-01  6.798456E-03 -3.419803E-02
  2.911035E-01  6.979028E-03 -3.217860E-02
  2.946840E-01  7.164656E-03 -3.008561E-02
  2.983087E-01  7.355491E-03 -2.792114E-02
  3.019779E-01  7.551690E-03 -2.568741E-02
  3.056922E-01  7.753415E-03 -2.338682E-02
  3.094522E-01  7.960834E-03 -2.102193E-02
  3.132585E-01  8.174120E-03 -1.859547E-02
  3.171115E-01  8.393452E-03 -1.611030E-02
  3.210120E-01  8.619013E-03 -1.356949E-02
  3.249605E-01  8.850995E-03 -1.097624E-02
  3.289575E-01  9.089594E-03 -8.333885E-03
  3.330036E-01  9.335013E-03 -5.645949E-03
  3.370996E-01  9.587461E-03 -2.916083E-03
  3.412459E-01  9.847156E-03 -1.480858E-04
  3.454432E-01  1.011432E-02  2.654106E-03
  3.496922E-01  1.038919E-02  5.486419E-03
  3.539934E-01  1.067199E-02  8.344653E-03
  3.583475E-01  1.096298E-02  1.122448E-02
  3.627552E-01  1.126241E-02  1.412147E-02
  3.672171E-01  1.157054E-02  1.703106E-02
  3.717339E-01  1.188764E-02  1.994860E-02
  3.763062E-01  1.221399E-02  2.286933E-02
  3.809348E-01  1.254989E-02  2.578842E-02
  3.856203E-01  1.289562E-02  2.870096E-02
  3.903634E-01  1.325149E-02  3.160194E-02
  3.951648E-01  1.361783E-02  3.448633E-02
  4.000254E-01  1.399495E-02  3.734901E-02
  4.049457E-01  1.438321E-02  4.018484E-02
  4.099265E-01  1.478293E-02  4.298864E-02
  4.149686E-01  1.519448E-02  4.575522E-02
  4.200727E-01  1.561824E-02  4.847935E-02
  4.252396E-01  1.605458E-02  5.115582E-02
  4.304701E-01  1.650389E-02  5.377942E-02
  4.357649E-01  1.696658E-02  5.634495E-02
  4.411248E-01  1.744306E-02  5.884724E-02
  4.465506E-01  1.793377E-02  6.128114E-02
  4.520432E-01  1.843914E-02  6.364154E-02
  4.576033E-01  1.895963E-02  6.592338E-02
  4.632318E-01  1.949570E-02  6.812164E-02
  4.689296E-01  2.004784E-02  7.023135E-02
  4.746974E-01  2.061654E-02  7.224762E-02
  4.805362E-01  2.120230E-02  7.416562E-02
  4.864468E-01  2.180564E-02  7.598062E-02
  4.924301E-01  2.242710E-02  7.768797E-02
  4.984870E-01  2.306723E-02  7.928316E-02
  5.046184E-01  2.372658E-02  8.076181E-02
  5.108252E-01  2.440573E-02  8.211969E-02
  5.171083E-01  2.510527E-02  8.335274E-02
  5.234687E-01  2.582581E-02  8.445709E-02
  5.299074E-01  2.656794E-02  8.542905E-02
  5.364253E-01  2.733231E-02  8.626514E-02
  5.430233E-01  2.811955E-02  8.696211E-02
  5.497025E-01  2.893032E-02  8.751693E-02
  5.564638E-01  2.976527E-02  8.792680E-02
  5.633083E-01  3.062510E-02  8.818914E-02
  5.702370E-01  3.151047E-02  8.830164E-02
  5.772509E-01  3.242210E-02  8.826223E-02
  5.843511E-01  3.336068E-02  8.806910E-02
  5.915386E-01  3.432694E-02  8.772072E-02
  5.988146E-01  3.532158E-02  8.721580E-02
  6.061800E-01  3.634534E-02  8.655335E-02
  6.136360E-01  3.739894E-02  8.573264E-02
  6.211837E-01  3.848313E-02  8.475324E-02
  6.288243E-01  3.959863E-02  8.361500E-02
  6.365588E-01  4.074618E-02  8.231807E-02
  6.443885E-01  4.192650E-02  8.086287E-02
  6.523145E-01  4.314033E-02  7.925014E-02
  6.603379E-01  4.438838E-02  7.748090E-02
  6.684601E-01  4.567136E-02  7.555645E-02
  6.766822E-01  4.698995E-02  7.347841E-02
  6.850054E-01  4.834483E-02  7.124868E-02
  6.934309E-01  4.973667E-02  6.886944E-02
  7.019601E-01  5.116607E-02  6.634315E-02
  7.105942E-01  5.263366E-02  6.367258E-02
  7.193345E-01  5.414000E-02  6.086073E-02
  7.281824E-01  5.568561E-02  5.791090E-02
  7.371390E-01  5.727099E-02  5.482666E-02
  7.462058E-01  5.889658E-02  5.161180E-02
  7.553841E-01  6.056276E-02  4.827041E-02
  7.646754E-01  6.226987E-02  4.480677E-02
  7.740809E-01  6.401817E-02  4.122544E-02
  7.836021E-01  6.580784E-02  3.753117E-02
  7.932404E-01  6.763901E-02  3.372895E-02
  8.029972E-01  6.951170E-02  2.982397E-02
  8.128741E-01  7.142585E-02  2.582160E-02
  8.228724E-01  7.338129E-02  2.172744E-02
  8.329938E-01  7.537775E-02  1.754722E-02
  8.432396E-01  7.741485E-02  1.328687E-02
  8.536114E-01  7.949207E-02  8.952455E-03
  8.641109E-01  8.160877E-02  4.550198E-03
  8.747394E-01  8.376418E-02  8.644726E-05
  8.854987E-01  8.595736E-02 -4.432324E-03
  8.963904E-01  8.818723E-02 -8.999534E-03
  9.074160E-01  9.045254E-02 -1.360850E-02
  9.185772E-01  9.275189E-02 -1.825246E-02
  9.298757E-01  9.508367E-02 -2.292457E-02
  9.413131E-01  9.744610E-02 -2.761794E-02
  9.528913E-01  9.983721E-02 -3.232560E-02
  9.646119E-01  1.022548E-01 -3.704057E-02
  9.764766E-01  1.046966E-01 -4.175584E-02
  9.884872E-01  1.071599E-01 -4.646437E-02
  1.000646E+00  1.096420E-01 -5.115914E-02
  1.012954E+00  1.121398E-01 -5.583313E-02
  1.025413E+00  1.146502E-01 -6.047933E-02
  1.038025E+00  1.171696E-01 -6.509078E-02
  1.050793E+00  1.196944E-01 -6.966056E-02
  1.063718E+00  1.222207E-01 -7.418180E-02
  1.076802E+00  1.247443E-01 -7.864769E-02
  1.090046E+00  1.272610E-01 -8.305153E-02
  1.103454E+00  1.297663E-01 -8.738665E-02
  1.117026E+00  1.322552E-01 -9.164653E-02
  1.130766E+00  1.347230E-01 -9.582472E-02
  1.144674E+00  1.371644E-01 -9.991490E-02
  1.158754E+00  1.395740E-01 -1.039109E-01
  1.173006E+00  1.419464E-01 -1.078065E-01
  1.187434E+00  1.442758E-01 -1.115960E-01
  1.202040E+00  1.465563E-01 -1.152734E-01
  1.216825E+00  1.487819E-01 -1.188331E-01
  1.231792E+00  1.509465E-01 -1.222696E-01
  1.246943E+00  1.530438E-01 -1.255775E-01
  1.262280E+00  1.550673E-01 -1.287517E-01
  1.277806E+00  1.570105E-01 -1.317870E-01
  1.293523E+00  1.588670E-01 -1.346786E-01
  1.309434E+00  1.606300E-01 -1.374217E-01
  1.325540E+00  1.622930E-01 -1.400118E-01
  1.341844E+00  1.638493E-01 -1.424443E-01
  1.358349E+00  1.652923E-01 -1.447151E-01
  1.375056E+00  1.666155E-01 -1.468200E-01
  1.391969E+00  1.678122E-01 -1.487551E-01
  1.409091E+00  1.688763E-01 -1.505167E-01
  1.426422E+00  1.698015E-01 -1.521011E-01
  1.443967E+00  1.705818E-01 -1.535051E-01
  1.461728E+00  1.712113E-01 -1.547253E-01
  1.479708E+00  1.716847E-01 -1.557590E-01
  1.497908E+00  1.719965E-01 -1.566032E-01
  1.516332E+00  1.721420E-01 -1.572556E-01
  1.534983E+00  1.721165E-01 -1.577138E-01
  1.553863E+00  1.719159E-01 -1.579758E-01
  1.572976E+00  1.715362E-01 -1.580397E-01
  1.592324E+00  1.709743E-01 -1.579040E-01
  1.611909E+00  1.702271E-01 -1.575674E-01
  1.631736E+00  1.692922E-01 -1.570289E-01
  1.651806E+00  1.681675E-01 -1.562875E-01
  1.672123E+00  1.668515E-01 -1.553427E-01
  1.692690E+00  1.653432E-01 -1.541942E-01
  1.713510E+00  1.636418E-01 -1.528419E-01
  1.734587E+00  1.617473E-01 -1.512861E-01
  1.755922E+00  1.596599E-01 -1.495271E-01
  1.777520E+00  1.573803E-01 -1.475656E-01
  1.799383E+00  1.549096E-01 -1.454025E-01
  1.821516E+00  1.522492E-01 -1.430390E-01
  1.843920E+00  1.494009E-01 -1.404765E-01
  1.866601E+00  1.463668E-01 -1.377166E-01
  1.889560E+00  1.431494E-01 -1.347611E-01
  1.912801E+00  1.397513E-01 -1.316122E-01
  1.936329E+00  1.361754E-01 -1.282721E-01
  1.960146E+00  1.324246E-01 -1.247433E-01
  1.984255E+00  1.285023E-01 -1.210285E-01
  2.008662E+00  1.244116E-01 -1.171308E-01
  2.033368E+00  1.201560E-01 -1.130530E-01
  2.058379E+00  1.157389E-01 -1.087987E-01
  2.083697E+00  1.111638E-01 -1.043712E-01
  2.109326E+00  1.064342E-01 -9.977414E-02
  2.135271E+00  1.015536E-01 -9.501141E-02
  2.161535E+00  9.652552E-02 -9.008696E-02
  2.188122E+00  9.135335E-02 -8.500491E-02
  2.215036E+00  8.604054E-02 -7.976953E-02
  2.242280E+00  8.059051E-02 -7.438522E-02
  2.269861E+00  7.500667E-02 -6.885650E-02
  2.297780E+00  6.929240E-02 -6.318803E-02
  2.326043E+00  6.345109E-02 -5.738456E-02
  2.354653E+00  5.748619E-02 -5.145093E-02
  2.383615E+00  5.140116E-02 -4.539210E-02
  2.412934E+00  4.519952E-02 -3.921309E-02
  2.442613E+00  3.888491E-02 -3.291899E-02
  2.472657E+00  3.246103E-02 -2.651498E-02
  2.503070E+00  2.593173E-02 -2.000628E-02
  2.533858E+00  1.930098E-02 -1.339814E-02
  2.565025E+00  1.257291E-02 -6.695870E-03
  2.596574E+00  5.751787E-03  9.519754E-05
  2.628512E+00 -1.157955E-03  6.969713E-03
  2.660843E+00 -8.151734E-03  1.392231E-02
  2.693571E+00 -1.522482E-02  2.094763E-02
  2.726702E+00 -2.237235E-02  2.804031E-02
  2.760241E+00 -2.958935E-02  3.519498E-02
  2.794192E+00 -3.687074E-02  4.240631E-02
  2.828560E+00 -4.421137E-02  4.966898E-02
  2.863352E+00 -5.160601E-02  5.697771E-02
  2.898571E+00 -5.904941E-02  6.432722E-02
  2.934223E+00 -6.653627E-02  7.171229E-02
  2.970314E+00 -7.406126E-02  7.912772E-02
  3.006849E+00 -8.161903E-02  8.656836E-02
  3.043833E+00 -8.920419E-02  9.402907E-02
  3.081272E+00 -9.681130E-02  1.015048E-01
  3.119172E+00 -1.044349E-01  1.089904E-01
  3.157538E+00 -1.120693E-01  1.164810E-01
  3.196376E+00 -1.197088E-01  1.239715E-01
  3.235691E+00 -1.273477E-01  1.314570E-01
  3.275490E+00 -1.349801E-01  1.389325E-01
  3.315779E+00 -1.426000E-01  1.463931E-01
  3.356563E+00 -1.502015E-01  1.538341E-01
  3.397848E+00 -1.577788E-01  1.612504E-01
  3.439642E+00 -1.653263E-01  1.686373E-01
  3.481949E+00 -1.728385E-01  1.759900E-01
  3.524777E+00 -1.803104E-01  1.833037E-01
  3.568132E+00 -1.877369E-01  1.905735E-01
  3.612020E+00 -1.951130E-01  1.977949E-01
  3.656448E+00 -2.024336E-01  2.049630E-01
  3.701422E+00 -2.096939E-01  2.120731E-01
  3.746950E+00 -2.168890E-01  2.191208E-01
  3.793037E+00 -2.240140E-01  2.261013E-01
  3.839692E+00 -2.310642E-01  2.330101E-01
  3.886920E+00 -2.380347E-01  2.398429E-01
  3.934729E+00 -2.449209E-01  2.465951E-01
  3.983126E+00 -2.517182E-01  2.532626E-01
  4.032119E+00 -2.584219E-01  2.598412E-01
  4.081714E+00 -2.650278E-01  2.663266E-01
  4.131919E+00 -2.715312E-01  2.727150E-01
  4.182741E+00 -2.779280E-01  2.790025E-01
  4.234189E+00 -2.842138E-01  2.851852E-01
  4.286270E+00 -2.903845E-01  2.912595E-01
  4.338991E+00 -2.964360E-01  2.972217E-01
  4.392360E+00 -3.023642E-01  3.030682E-01
  4.446386E+00 -3.081650E-01  3.087955E-01
  4.501077E+00 -3.138346E-01  3.143999E-01
  4.556440E+00 -3.193689E-01  3.198777E-01
  4.612484E+00 -3.247639E-01  3.252251E-01
  4.669218E+00 -3.300155E-01  3.304382E-01
  4.726649E+00 -3.351197E-01  3.355127E-01
  4.784787E+00 -3.400723E-01  3.404442E-01
  4.843640E+00 -3.448690E-01  3.452281E-01
  4.903217E+00 -3.495053E-01  3.498594E-01
  4.963526E+00 -3.539768E-01  3.543331E-01
  5.024578E+00 -3.582788E-01  3.586438E-01
  5.086380E+00 -3.624066E-01  3.627860E-01
  5.148943E+00 -3.663555E-01  3.667540E-01
  5.212275E+00 -3.701204E-01  3.705422E-01
  5.276385E+00 -3.736967E-01  3.741447E-01
  5.341285E+00 -3.770794E-01  3.775560E-01
  5.406983E+00 -3.802637E-01  3.807703E-01
  5.473489E+00 -3.832451E-01  3.837825E-01
  5.540813E+00 -3.860191E-01  3.865872E-01
  5.608965E+00 -3.885814E-01  3.891797E-01
  5.677955E+00 -3.909281E-01  3.915555E-01
  5.747794E+00 -3.930554E-01  3.937105E-01
  5.818492E+00 -3.949603E-01  3.956411E-01
  5.890059E+00 -3.966398E-01  3.973443E-01
  5.962507E+00 -3.980916E-01  3.988175E-01
  6.035846E+00 -3.993137E-01  4.000587E-01
  6.110087E+00 -4.003049E-01  4.010664E-01
  6.185241E+00 -4.010640E-01  4.018400E-01
  6.261319E+00 -4.015909E-01  4.023791E-01
  6.338333E+00 -4.018857E-01  4.026840E-01
  6.416295E+00 -4.019490E-01  4.027556E-01
  6.495215E+00 -4.017819E-01  4.025951E-01
  6.575106E+00 -4.013859E-01  4.022044E-01
  6.655980E+00 -4.007631E-01  4.015855E-01
  6.737849E+00 -3.999158E-01  4.007412E-01
  6.820724E+00 -3.988468E-01  3.996743E-01
  6.904619E+00 -3.975589E-01  3.983879E-01
  6.989546E+00 -3.960555E-01  3.968854E-01
  7.075517E+00 -3.943400E-01  3.951706E-01
  7.162546E+00 -3.924162E-01  3.932471E-01
  7.250646E+00 -3.902878E-01  3.911189E-01
  7.339829E+00 -3.879589E-01  3.887901E-01
  7.430108E+00 -3.854334E-01  3.862647E-01
  7.521499E+00 -3.827157E-01  3.835470E-01
  7.614013E+00 -3.798098E-01  3.806412E-01
  7.707666E+00 -3.767201E-01  3.775516E-01
  7.802470E+00 -3.734510E-01  3.742826E-01
  7.898440E+00 -3.700067E-01  3.708384E-01
  7.995591E+00 -3.663918E-01  3.672235E-01
  8.093937E+00 -3.626107E-01  3.634423E-01
  8.193492E+00 -3.586678E-01  3.594993E-01
  8.294272E+00 -3.545679E-01  3.553991E-01
  8.396292E+00 -3.503155E-01  3.511463E-01
  8.499566E+00 -3.459154E-01  3.467455E-01
  8.604111E+00 -3.413724E-01  3.422016E-01
  8.709941E+00 -3.366913E-01  3.375193E-01
  8.817074E+00 -3.318774E-01  3.327039E-01
  8.925524E+00 -3.269357E-01  3.277603E-01
  9.035308E+00 -3.218717E-01  3.226940E-01
  9.146442E+00 -3.166908E-01  3.175105E-01
  9.258943E+00 -3.113987E-01  3.122153E-01
  9.372828E+00 -3.060013E-01  3.068143E-01
  9.488114E+00 -3.005046E-01  3.013136E-01
  9.604818E+00 -2.949150E-01  2.957195E-01
  9.722957E+00 -2.892390E-01  2.900384E-01
  9.842549E+00 -2.834831E-01  2.842769E-01
  9.963613E+00 -2.776542E-01  2.784420E-01
  1.008617E+01 -2.717595E-01  2.725407E-01
  1.021022E+01 -2.658061E-01  2.665801E-01
  1.033581E+01 -2.598013E-01  2.605677E-01
  1.046294E+01 -2.537528E-01  2.545110E-01
  1.059164E+01 -2.476682E-01  2.484176E-01
  1.072191E+01 -2.415551E-01  2.422953E-01
  1.085379E+01 -2.354214E-01  2.361518E-01
  1.098729E+01 -2.292750E-01  2.299951E-01
  1.112244E+01 -2.231236E-01  2.238331E-01
  1.125924E+01 -2.169752E-01  2.176735E-01
  1.139773E+01 -2.108374E-01  2.115241E-01
  1.153792E+01 -2.047181E-01  2.053928E-01
  1.167984E+01 -1.986248E-01  1.992871E-01
  1.182350E+01 -1.925650E-01  1.932145E-01
  1.196893E+01 -1.865460E-01  1.871824E-01
  1.211615E+01 -1.805749E-01  1.811979E-01
  1.226518E+01 -1.746586E-01  1.752678E-01
  1.241604E+01 -1.688037E-01  1.693989E-01
  1.256876E+01 -1.630165E-01  1.635976E-01
  1.272335E+01 -1.573033E-01  1.578701E-01
  1.287985E+01 -1.516698E-01  1.522220E-01
  1.303827E+01 -1.461214E-01  1.466590E-01
  1.319864E+01 -1.406634E-01  1.411861E-01
  1.336099E+01 -1.353004E-01  1.358083E-01
  1.352533E+01 -1.300370E-01  1.305301E-01
  1.369169E+01 -1.248773E-01  1.253554E-01
  1.386010E+01 -1.198249E-01  1.202882E-01
  1.403057E+01 -1.148834E-01  1.153317E-01
  1.420315E+01 -1.100555E-01  1.104891E-01
  1.437785E+01 -1.053441E-01  1.057630E-01
  1.455470E+01 -1.007514E-01  1.011558E-01
  1.473372E+01 -9.627936E-02  9.666928E-02
  1.491494E+01 -9.192954E-02  9.230520E-02
  1.509840E+01 -8.770321E-02  8.806479E-02
  1.528411E+01 -8.360130E-02  8.394900E-02
  1.547210E+01 -7.962443E-02  7.995847E-02
  1.566241E+01 -7.577289E-02  7.609350E-02
  1.585506E+01 -7.204670E-02  7.235414E-02
  1.605008E+01 -6.844558E-02  6.874011E-02
  1.624749E+01 -6.496898E-02  6.525089E-02
  1.644734E+01 -6.161613E-02  6.188570E-02
  1.664964E+01 -5.838599E-02  5.864351E-02
  1.685443E+01 -5.527729E-02  5.552308E-02
  1.706174E+01 -5.228857E-02  5.252294E-02
  1.727160E+01 -4.941817E-02  4.964145E-02
  1.748404E+01 -4.666425E-02  4.687675E-02
  1.769909E+01 -4.402479E-02  4.422685E-02
  1.791679E+01 -4.149764E-02  4.168959E-02
  1.813717E+01 -3.908051E-02  3.926268E-02
  1.836025E+01 -3.677097E-02  3.694370E-02
  1.858608E+01 -3.456649E-02  3.473011E-02
  1.881469E+01 -3.246447E-02  3.261931E-02
  1.904611E+01 -3.046219E-02  3.060859E-02
  1.928038E+01 -2.855689E-02  2.869516E-02
  1.951753E+01 -2.674572E-02  2.687621E-02
  1.975760E+01 -2.502583E-02  2.514884E-02
  2.000061E+01 -2.339430E-02  2.351015E-02
  2.024662E+01 -2.184819E-02  2.195720E-02
  2.049566E+01 -2.038457E-02  2.048702E-02
  2.074775E+01 -1.900047E-02  1.909668E-02
  2.100295E+01 -1.769295E-02  1.778320E-02
  2.126129E+01 -1.645908E-02  1.654366E-02
  2.152280E+01 -1.529594E-02  1.537512E-02
  2.178753E+01 -1.420065E-02  1.427470E-02
  2.205552E+01 -1.317035E-02  1.323954E-02
  2.232680E+01 -1.220223E-02  1.226680E-02
  2.260142E+01 -1.129353E-02  1.135373E-02
  2.287942E+01 -1.044152E-02  1.049760E-02
  2.316083E+01 -9.643564E-03  9.695734E-03
  2.344571E+01 -8.897045E-03  8.945532E-03
  2.373409E+01 -8.199433E-03  8.244447E-03
  2.402602E+01 -7.548256E-03  7.590001E-03
  2.432154E+01 -6.941113E-03  6.979785E-03
  2.462070E+01 -6.375675E-03  6.411459E-03
  2.492353E+01 -5.849685E-03  5.882761E-03
  2.523009E+01 -5.360961E-03  5.391498E-03
  2.554042E+01 -4.907396E-03  4.935558E-03
  2.585457E+01 -4.486961E-03  4.512902E-03
  2.617258E+01 -4.097703E-03  4.121571E-03
  2.649450E+01 -3.737746E-03  3.759680E-03
  2.682039E+01 -3.405291E-03  3.425424E-03
  2.715028E+01 -3.098616E-03  3.117074E-03
  2.748422E+01 -2.816075E-03  2.832977E-03
  2.782228E+01 -2.556097E-03  2.571555E-03
  2.816449E+01 -2.317185E-03  2.331305E-03
  2.851092E+01 -2.097915E-03  2.110796E-03
  2.886160E+01 -1.896934E-03  1.908669E-03
  2.921660E+01 -1.712958E-03  1.723637E-03
  2.957596E+01 -1.544774E-03  1.554478E-03
  2.993975E+01 -1.391233E-03  1.400040E-03
  3.030801E+01 -1.251250E-03  1.259233E-03
  3.068080E+01 -1.123805E-03  1.131030E-03
  3.105817E+01 -1.007935E-03  1.014466E-03
  3.144019E+01 -9.027388E-04  9.086332E-04
  3.182690E+01 -8.073681E-04  8.126810E-04
  3.221837E+01 -7.210301E-04  7.258122E-04
  3.261466E+01 -6.429833E-04  6.472814E-04
  3.301582E+01 -5.725357E-04  5.763931E-04
  3.342191E+01 -5.090424E-04  5.124993E-04
  3.383300E+01 -4.519026E-04  4.549959E-04
  3.424915E+01 -4.005604E-04  4.033242E-04
  3.467041E+01 -3.545005E-04  3.569661E-04
  3.509686E+01 -3.132445E-04  3.154407E-04
  3.552855E+01 -2.763499E-04  2.783031E-04
  3.596555E+01 -2.434085E-04  2.451428E-04
  3.640793E+01 -2.140445E-04  2.155820E-04
  3.685574E+01 -1.879123E-04  1.892731E-04
  3.730907E+01 -1.646951E-04  1.658975E-04
  3.776797E+01 -1.441023E-04  1.451630E-04
  3.823252E+01 -1.258684E-04  1.268026E-04
  3.870278E+01 -1.097512E-04  1.105725E-04
  3.917882E+01 -9.552978E-05  9.625062E-05
  3.966072E+01 -8.300340E-05  8.363494E-05
  4.014855E+01 -7.198978E-05  7.254212E-05
  4.064237E+01 -6.232381E-05  6.280601E-05
  4.114228E+01 -5.385617E-05  5.427637E-05
  4.164833E+01 -4.645208E-05  4.681758E-05
  4.216060E+01 -3.999016E-05  4.030748E-05
  4.267918E+01 -3.436125E-05  3.463624E-05
  4.320413E+01 -2.946744E-05  2.970528E-05
  4.373554E+01 -2.522104E-05  2.542635E-05
  4.427349E+01 -2.154369E-05  2.172057E-05
  4.481805E+01 -1.836551E-05  1.851760E-05
  4.536931E+01 -1.562430E-05  1.575481E-05
  4.592736E+01 -1.326484E-05  1.337661E-05
  4.649226E+01 -1.123819E-05  1.133370E-05
  4.706412E+01 -9.501060E-06  9.582517E-06
  4.764301E+01 -8.015263E-06  8.084585E-06
  4.822901E+01 -6.747175E-06  6.806043E-06
  4.882223E+01 -5.667258E-06  5.717140E-06
  4.942274E+01 -4.749620E-06  4.791796E-06
  5.003064E+01 -3.971620E-06  4.007202E-06
  5.064602E+01 -3.313504E-06  3.343453E-06
  5.126897E+01 -2.758073E-06  2.783225E-06
  5.189958E+01 -2.290393E-06  2.311468E-06
  5.253794E+01 -1.897527E-06  1.915144E-06
  5.318416E+01 -1.568291E-06  1.582983E-06
  5.383832E+01 -1.293044E-06  1.305267E-06
  5.450053E+01 -1.063494E-06  1.073638E-06
  5.517089E+01 -8.725255E-07  8.809237E-07
  5.584949E+01 -7.140516E-07  7.209872E-07
  5.653644E+01 -5.828756E-07  5.885889E-07
  5.723184E+01 -4.745732E-07  4.792677E-07
  5.793579E+01 -3.853877E-07  3.892350E-07
  5.864840E+01 -3.121372E-07  3.152820E-07
  5.936978E+01 -2.521345E-07  2.546983E-07
  6.010002E+01 -2.031157E-07  2.052003E-07
  6.083926E+01 -1.631792E-07  1.648695E-07
  6.158758E+01 -1.307319E-07  1.320987E-07
  6.234511E+01 -1.044428E-07  1.055450E-07
  6.311195E+01 -8.320335E-08  8.408962E-08
  6.388823E+01 -6.609264E-08  6.680327E-08
  6.467405E+01 -5.234799E-08  5.291614E-08
  6.546954E+01 -4.133955E-08  4.179247E-08
  6.627482E+01 -3.254877E-08  3.290877E-08
  6.709000E+01 -2.554998E-08  2.583525E-08
  6.791521E+01 -1.999483E-08  2.022020E-08
  6.875056E+01 -1.559909E-08  1.577660E-08
  6.959619E+01 -1.213164E-08  1.227101E-08
  7.045223E+01 -9.405063E-09  9.514149E-09
  7.131879E+01 -7.267917E-09  7.353027E-09
  7.219601E+01 -5.598203E-09  5.664393E-09
  7.308402E+01 -4.297968E-09  4.349277E-09
  7.398296E+01 -3.288825E-09  3.328468E-09
  7.489295E+01 -2.508267E-09  2.538795E-09
  7.581413E+01  0.000000E+00  0.000000E+00
  7.674664E+01  0.000000E+00  0.000000E+00
  7.769063E+01  0.000000E+00  0.000000E+00
  7.864622E+01  0.000000E+00  0.000000E+00
