  2.976190E-04  9.251855E-12  2.150588E-09
  3.012798E-04  9.597465E-12  2.219744E-09
  3.049855E-04  9.955985E-12  2.291122E-09
  3.087368E-04  1.032790E-11  2.364793E-09
  3.125343E-04  1.071370E-11  2.440942E-09
  3.163785E-04  1.111392E-11  2.519888E-09
  3.202699E-04  1.152909E-11  2.601663E-09
  3.242092E-04  1.195977E-11  2.686373E-09
  3.281970E-04  1.240654E-11  2.774117E-09
  3.322338E-04  1.286999E-11  2.864997E-09
  3.363203E-04  1.335076E-11  2.959120E-09
  3.404570E-04  1.384949E-11  3.056594E-09
  3.446447E-04  1.436684E-11  3.157533E-09
  3.488838E-04  1.490353E-11  3.262056E-09
  3.531751E-04  1.546026E-11  3.370284E-09
  3.575191E-04  1.603779E-11  3.482343E-09
  3.619166E-04  1.663689E-11  3.598365E-09
  3.663682E-04  1.725838E-11  3.718485E-09
  3.708745E-04  1.790308E-11  3.842844E-09
  3.754363E-04  1.857186E-11  3.971587E-09
  3.800541E-04  1.926563E-11  4.104865E-09
  3.847288E-04  1.998531E-11  4.242835E-09
  3.894610E-04  2.073187E-11  4.385657E-09
  3.942513E-04  2.150633E-11  4.533500E-09
  3.991006E-04  2.230971E-11  4.686538E-09
  4.040096E-04  2.314311E-11  4.844950E-09
  4.089789E-04  2.400764E-11  5.008922E-09
  4.140093E-04  2.490446E-11  5.178648E-09
  4.191016E-04  2.583479E-11  5.354326E-09
  4.242566E-04  2.679987E-11  5.536165E-09
  4.294749E-04  2.780100E-11  5.724378E-09
  4.347575E-04  2.883952E-11  5.919188E-09
  4.401050E-04  2.991685E-11  6.120824E-09
  4.455183E-04  3.103441E-11  6.329525E-09
  4.509982E-04  3.219373E-11  6.545537E-09
  4.565454E-04  3.339635E-11  6.769116E-09
  4.621610E-04  3.464390E-11  7.000527E-09
  4.678455E-04  3.593805E-11  7.240043E-09
  4.736000E-04  3.728054E-11  7.487948E-09
  4.794253E-04  3.867318E-11  7.744537E-09
  4.853222E-04  4.011785E-11  8.010114E-09
  4.912917E-04  4.161648E-11  8.284994E-09
  4.973346E-04  4.317110E-11  8.569504E-09
  5.034518E-04  4.478379E-11  8.863983E-09
  5.096443E-04  4.645672E-11  9.168781E-09
  5.159129E-04  4.819215E-11  9.484261E-09
  5.222586E-04  4.999241E-11  9.810799E-09
  5.286824E-04  5.185991E-11  1.014878E-08
  5.351852E-04  5.379718E-11  1.049862E-08
  5.417680E-04  5.580682E-11  1.086073E-08
  5.484317E-04  5.789152E-11  1.123553E-08
  5.551774E-04  6.005411E-11  1.162349E-08
  5.620061E-04  6.229748E-11  1.202506E-08
  5.689188E-04  6.462465E-11  1.244072E-08
  5.759165E-04  6.703876E-11  1.287098E-08
  5.830003E-04  6.954304E-11  1.331635E-08
  5.901712E-04  7.214088E-11  1.377736E-08
  5.974303E-04  7.483576E-11  1.425457E-08
  6.047787E-04  7.763131E-11  1.474855E-08
  6.122174E-04  8.053129E-11  1.525989E-08
  6.197477E-04  8.353960E-11  1.578921E-08
  6.273706E-04  8.666029E-11  1.633716E-08
  6.350873E-04  8.989756E-11  1.690438E-08
  6.428988E-04  9.325575E-11  1.749156E-08
  6.508065E-04  9.673940E-11  1.809941E-08
  6.588114E-04  1.003532E-10  1.872867E-08
  6.669148E-04  1.041020E-10  1.938009E-08
  6.751179E-04  1.079908E-10  2.005447E-08
  6.834218E-04  1.120249E-10  2.075261E-08
  6.918279E-04  1.162096E-10  2.147537E-08
  7.003374E-04  1.205507E-10  2.222362E-08
  7.089515E-04  1.250540E-10  2.299826E-08
  7.176716E-04  1.297255E-10  2.380024E-08
  7.264990E-04  1.345715E-10  2.463053E-08
  7.354349E-04  1.395986E-10  2.549015E-08
  7.444808E-04  1.448134E-10  2.638012E-08
  7.536379E-04  1.502230E-10  2.730154E-08
  7.629076E-04  1.558347E-10  2.825553E-08
  7.722914E-04  1.616561E-10  2.924325E-08
  7.817906E-04  1.676949E-10  3.026591E-08
  7.914066E-04  1.739592E-10  3.132475E-08
  8.011409E-04  1.804576E-10  3.242106E-08
  8.109949E-04  1.871988E-10  3.355618E-08
  8.209702E-04  1.941918E-10  3.473150E-08
  8.310681E-04  2.014460E-10  3.594846E-08
  8.412902E-04  2.089712E-10  3.720854E-08
  8.516381E-04  2.167775E-10  3.851329E-08
  8.621133E-04  2.248754E-10  3.986431E-08
  8.727173E-04  2.332758E-10  4.126324E-08
  8.834517E-04  2.419900E-10  4.271182E-08
  8.943181E-04  2.510298E-10  4.421181E-08
  9.053183E-04  2.604072E-10  4.576506E-08
  9.164537E-04  2.701350E-10  4.737347E-08
  9.277260E-04  2.802261E-10  4.903903E-08
  9.391371E-04  2.906942E-10  5.076377E-08
  9.506885E-04  3.015534E-10  5.254984E-08
  9.623819E-04  3.128182E-10  5.439941E-08
  9.742192E-04  3.245038E-10  5.631478E-08
  9.862021E-04  3.366259E-10  5.829831E-08
  9.983324E-04  3.492009E-10  6.035243E-08
  1.010612E-03  3.622456E-10  6.247970E-08
  1.023042E-03  3.757777E-10  6.468272E-08
  1.035626E-03  3.898152E-10  6.696424E-08
  1.048364E-03  4.043771E-10  6.932706E-08
  1.061259E-03  4.194830E-10  7.177411E-08
  1.074312E-03  4.351532E-10  7.430843E-08
  1.087526E-03  4.514088E-10  7.693314E-08
  1.100903E-03  4.682716E-10  7.965150E-08
  1.114444E-03  4.857644E-10  8.246689E-08
  1.128152E-03  5.039106E-10  8.538279E-08
  1.142028E-03  5.227347E-10  8.840282E-08
  1.156075E-03  5.422619E-10  9.153073E-08
  1.170295E-03  5.625187E-10  9.477041E-08
  1.184689E-03  5.835322E-10  9.812588E-08
  1.199261E-03  6.053306E-10  1.016013E-07
  1.214012E-03  6.279434E-10  1.052011E-07
  1.228944E-03  6.514008E-10  1.089296E-07
  1.244060E-03  6.757346E-10  1.127915E-07
  1.259362E-03  7.009774E-10  1.167916E-07
  1.274852E-03  7.271631E-10  1.209350E-07
  1.290533E-03  7.543271E-10  1.252268E-07
  1.306407E-03  7.825058E-10  1.296722E-07
  1.322475E-03  8.117372E-10  1.342770E-07
  1.338742E-03  8.420605E-10  1.390468E-07
  1.355208E-03  8.735166E-10  1.439877E-07
  1.371877E-03  9.061478E-10  1.491056E-07
  1.388752E-03  9.399980E-10  1.544072E-07
  1.405833E-03  9.751127E-10  1.598990E-07
  1.423125E-03  1.011539E-09  1.655879E-07
  1.440629E-03  1.049326E-09  1.714809E-07
  1.458349E-03  1.088525E-09  1.775856E-07
  1.476287E-03  1.129188E-09  1.839095E-07
  1.494445E-03  1.171371E-09  1.904606E-07
  1.512827E-03  1.215129E-09  1.972470E-07
  1.531435E-03  1.260521E-09  2.042774E-07
  1.550271E-03  1.307610E-09  2.115605E-07
  1.569340E-03  1.356457E-09  2.191055E-07
  1.588642E-03  1.407129E-09  2.269218E-07
  1.608183E-03  1.459694E-09  2.350193E-07
  1.627963E-03  1.514223E-09  2.434082E-07
  1.647987E-03  1.570789E-09  2.520989E-07
  1.668258E-03  1.629468E-09  2.611025E-07
  1.688777E-03  1.690338E-09  2.704303E-07
  1.709549E-03  1.753483E-09  2.800940E-07
  1.730577E-03  1.818987E-09  2.901059E-07
  1.751863E-03  1.886938E-09  3.004784E-07
  1.773411E-03  1.957427E-09  3.112247E-07
  1.795224E-03  2.030550E-09  3.223583E-07
  1.817305E-03  2.106404E-09  3.338933E-07
  1.839658E-03  2.185091E-09  3.458442E-07
  1.862285E-03  2.266719E-09  3.582261E-07
  1.885192E-03  2.351395E-09  3.710547E-07
  1.908379E-03  2.439235E-09  3.843460E-07
  1.931852E-03  2.530357E-09  3.981170E-07
  1.955614E-03  2.624882E-09  4.123851E-07
  1.979668E-03  2.722939E-09  4.271682E-07
  2.004018E-03  2.824658E-09  4.424850E-07
  2.028668E-03  2.930178E-09  4.583549E-07
  2.053620E-03  3.039639E-09  4.747981E-07
  2.078880E-03  3.153190E-09  4.918352E-07
  2.104450E-03  3.270983E-09  5.094878E-07
  2.130335E-03  3.393176E-09  5.277784E-07
  2.156538E-03  3.519934E-09  5.467300E-07
  2.183063E-03  3.651427E-09  5.663667E-07
  2.209915E-03  3.787833E-09  5.867133E-07
  2.237097E-03  3.929334E-09  6.077956E-07
  2.264613E-03  4.076122E-09  6.296404E-07
  2.292468E-03  4.228393E-09  6.522753E-07
  2.320665E-03  4.386352E-09  6.757289E-07
  2.349210E-03  4.550213E-09  7.000312E-07
  2.378105E-03  4.720195E-09  7.252128E-07
  2.407355E-03  4.896527E-09  7.513058E-07
  2.436966E-03  5.079447E-09  7.783432E-07
  2.466941E-03  5.269200E-09  8.063593E-07
  2.497284E-03  5.466042E-09  8.353898E-07
  2.528001E-03  5.670238E-09  8.654714E-07
  2.559095E-03  5.882062E-09  8.966424E-07
  2.590572E-03  6.101799E-09  9.289423E-07
  2.622436E-03  6.329746E-09  9.624122E-07
  2.654692E-03  6.566208E-09  9.970946E-07
  2.687345E-03  6.811504E-09  1.033033E-06
  2.720399E-03  7.065964E-09  1.070275E-06
  2.753860E-03  7.329930E-09  1.108865E-06
  2.787732E-03  7.603757E-09  1.148854E-06
  2.822021E-03  7.887815E-09  1.190293E-06
  2.856732E-03  8.182484E-09  1.233234E-06
  2.891870E-03  8.488162E-09  1.277731E-06
  2.927440E-03  8.805260E-09  1.323842E-06
  2.963448E-03  9.134204E-09  1.371624E-06
  2.999898E-03  9.475438E-09  1.421139E-06
  3.036797E-03  9.829419E-09  1.472450E-06
  3.074149E-03  1.019663E-08  1.525622E-06
  3.111961E-03  1.057755E-08  1.580722E-06
  3.150238E-03  1.097271E-08  1.637820E-06
  3.188986E-03  1.138263E-08  1.696990E-06
  3.228211E-03  1.180786E-08  1.758306E-06
  3.267918E-03  1.224898E-08  1.821847E-06
  3.308113E-03  1.270658E-08  1.887693E-06
  3.348803E-03  1.318128E-08  1.955928E-06
  3.389993E-03  1.367371E-08  2.026639E-06
  3.431690E-03  1.418454E-08  2.099916E-06
  3.473900E-03  1.471445E-08  2.175852E-06
  3.516629E-03  1.526416E-08  2.254544E-06
  3.559884E-03  1.583441E-08  2.336091E-06
  3.603670E-03  1.642597E-08  2.420598E-06
  3.647995E-03  1.703962E-08  2.508171E-06
  3.692866E-03  1.767620E-08  2.598924E-06
  3.738288E-03  1.833657E-08  2.692970E-06
  3.784269E-03  1.902161E-08  2.790429E-06
  3.830815E-03  1.973224E-08  2.891426E-06
  3.877934E-03  2.046942E-08  2.996089E-06
  3.925633E-03  2.123415E-08  3.104551E-06
  3.973918E-03  2.202745E-08  3.216949E-06
  4.022797E-03  2.285038E-08  3.333428E-06
  4.072278E-03  2.370407E-08  3.454134E-06
  4.122367E-03  2.458965E-08  3.579222E-06
  4.173072E-03  2.550831E-08  3.708850E-06
  4.224401E-03  2.646131E-08  3.843183E-06
  4.276361E-03  2.744991E-08  3.982392E-06
  4.328960E-03  2.847544E-08  4.126654E-06
  4.382206E-03  2.953930E-08  4.276152E-06
  4.436108E-03  3.064290E-08  4.431075E-06
  4.490672E-03  3.178774E-08  4.591622E-06
  4.545907E-03  3.297535E-08  4.757995E-06
  4.601822E-03  3.420734E-08  4.930406E-06
  4.658424E-03  3.548536E-08  5.109074E-06
  4.715723E-03  3.681113E-08  5.294225E-06
  4.773726E-03  3.818644E-08  5.486095E-06
  4.832443E-03  3.961314E-08  5.684927E-06
  4.891882E-03  4.109315E-08  5.890973E-06
  4.952052E-03  4.262846E-08  6.104495E-06
  5.012962E-03  4.422114E-08  6.325764E-06
  5.074622E-03  4.587333E-08  6.555059E-06
  5.137040E-03  4.758726E-08  6.792671E-06
  5.200225E-03  4.936523E-08  7.038903E-06
  5.264188E-03  5.120963E-08  7.294065E-06
  5.328937E-03  5.312296E-08  7.558481E-06
  5.394483E-03  5.510778E-08  7.832486E-06
  5.460835E-03  5.716677E-08  8.116426E-06
  5.528004E-03  5.930270E-08  8.410661E-06
  5.595998E-03  6.151844E-08  8.715563E-06
  5.664829E-03  6.381698E-08  9.031518E-06
  5.734506E-03  6.620141E-08  9.358926E-06
  5.805041E-03  6.867495E-08  9.698200E-06
  5.876443E-03  7.124092E-08  1.004977E-05
  5.948723E-03  7.390278E-08  1.041408E-05
  6.021892E-03  7.666411E-08  1.079158E-05
  6.095962E-03  7.952863E-08  1.118277E-05
  6.170942E-03  8.250020E-08  1.158812E-05
  6.246845E-03  8.558282E-08  1.200815E-05
  6.323681E-03  8.878063E-08  1.244340E-05
  6.401462E-03  9.209796E-08  1.289440E-05
  6.480200E-03  9.553925E-08  1.336173E-05
  6.559906E-03  9.910916E-08  1.384598E-05
  6.640593E-03  1.028125E-07  1.434775E-05
  6.722273E-03  1.066542E-07  1.486768E-05
  6.804957E-03  1.106395E-07  1.540642E-05
  6.888658E-03  1.147737E-07  1.596466E-05
  6.973388E-03  1.190625E-07  1.654308E-05
  7.059161E-03  1.235115E-07  1.714242E-05
  7.145988E-03  1.281268E-07  1.776343E-05
  7.233884E-03  1.329146E-07  1.840689E-05
  7.322861E-03  1.378814E-07  1.907361E-05
  7.412932E-03  1.430338E-07  1.976442E-05
  7.504111E-03  1.483788E-07  2.048018E-05
  7.596412E-03  1.539235E-07  2.122181E-05
  7.689847E-03  1.596755E-07  2.199022E-05
  7.784433E-03  1.656425E-07  2.278638E-05
  7.880181E-03  1.718325E-07  2.361127E-05
  7.977107E-03  1.782539E-07  2.446595E-05
  8.075226E-03  1.849153E-07  2.535146E-05
  8.174551E-03  1.918258E-07  2.626892E-05
  8.275098E-03  1.989945E-07  2.721947E-05
  8.376882E-03  2.064312E-07  2.820430E-05
  8.479917E-03  2.141459E-07  2.922463E-05
  8.584220E-03  2.221490E-07  3.028174E-05
  8.689806E-03  2.304512E-07  3.137695E-05
  8.796691E-03  2.390639E-07  3.251160E-05
  8.904890E-03  2.479985E-07  3.368713E-05
  9.014420E-03  2.572671E-07  3.490498E-05
  9.125298E-03  2.668822E-07  3.616667E-05
  9.237539E-03  2.768568E-07  3.747376E-05
  9.351161E-03  2.872043E-07  3.882788E-05
  9.466180E-03  2.979386E-07  4.023071E-05
  9.582614E-03  3.090743E-07  4.168397E-05
  9.700480E-03  3.206264E-07  4.318948E-05
  9.819796E-03  3.326104E-07  4.474908E-05
  9.940579E-03  3.450424E-07  4.636472E-05
  1.006285E-02  3.579393E-07  4.803837E-05
  1.018662E-02  3.713184E-07  4.977212E-05
  1.031192E-02  3.851979E-07  5.156809E-05
  1.043875E-02  3.995963E-07  5.342850E-05
  1.056715E-02  4.145331E-07  5.535564E-05
  1.069713E-02  4.300285E-07  5.735187E-05
  1.082870E-02  4.461034E-07  5.941965E-05
  1.096189E-02  4.627795E-07  6.156153E-05
  1.109673E-02  4.800792E-07  6.378012E-05
  1.123321E-02  4.980259E-07  6.607815E-05
  1.137138E-02  5.166438E-07  6.845843E-05
  1.151125E-02  5.359580E-07  7.092387E-05
  1.165284E-02  5.559947E-07  7.347748E-05
  1.179617E-02  5.767808E-07  7.612240E-05
  1.194126E-02  5.983444E-07  7.886183E-05
  1.208814E-02  6.207146E-07  8.169913E-05
  1.223682E-02  6.439217E-07  8.463774E-05
  1.238734E-02  6.679969E-07  8.768124E-05
  1.253970E-02  6.929727E-07  9.083333E-05
  1.269394E-02  7.188829E-07  9.409784E-05
  1.285008E-02  7.457625E-07  9.747873E-05
  1.300813E-02  7.736477E-07  1.009801E-04
  1.316813E-02  8.025763E-07  1.046062E-04
  1.333010E-02  8.325873E-07  1.083613E-04
  1.349406E-02  8.637213E-07  1.122501E-04
  1.366004E-02  8.960203E-07  1.162773E-04
  1.382805E-02  9.295280E-07  1.204475E-04
  1.399814E-02  9.642897E-07  1.247660E-04
  1.417032E-02  1.000352E-06  1.292379E-04
  1.434461E-02  1.037765E-06  1.338686E-04
  1.452105E-02  1.076577E-06  1.386635E-04
  1.469966E-02  1.116843E-06  1.436285E-04
  1.488047E-02  1.158615E-06  1.487695E-04
  1.506350E-02  1.201951E-06  1.540927E-04
  1.524878E-02  1.246910E-06  1.596043E-04
  1.543634E-02  1.293552E-06  1.653110E-04
  1.562620E-02  1.341940E-06  1.712196E-04
  1.581841E-02  1.392140E-06  1.773371E-04
  1.601297E-02  1.444219E-06  1.836707E-04
  1.620993E-02  1.498249E-06  1.902280E-04
  1.640931E-02  1.554301E-06  1.970167E-04
  1.661115E-02  1.612454E-06  2.040448E-04
  1.681547E-02  1.672784E-06  2.113208E-04
  1.702230E-02  1.735374E-06  2.188530E-04
  1.723167E-02  1.800308E-06  2.266505E-04
  1.744362E-02  1.867675E-06  2.347224E-04
  1.765818E-02  1.937565E-06  2.430781E-04
  1.787537E-02  2.010074E-06  2.517275E-04
  1.809524E-02  2.085300E-06  2.606807E-04
  1.831781E-02  2.163345E-06  2.699481E-04
  1.854312E-02  2.244314E-06  2.795406E-04
  1.877120E-02  2.328318E-06  2.894694E-04
  1.900208E-02  2.415470E-06  2.997459E-04
  1.923581E-02  2.505889E-06  3.103822E-04
  1.947241E-02  2.599697E-06  3.213905E-04
  1.971192E-02  2.697022E-06  3.327837E-04
  1.995438E-02  2.797996E-06  3.445749E-04
  2.019982E-02  2.902757E-06  3.567776E-04
  2.044827E-02  3.011446E-06  3.694060E-04
  2.069979E-02  3.124211E-06  3.824746E-04
  2.095440E-02  3.241205E-06  3.959983E-04
  2.121214E-02  3.362588E-06  4.099927E-04
  2.147304E-02  3.488525E-06  4.244738E-04
  2.173716E-02  3.619186E-06  4.394581E-04
  2.200453E-02  3.754750E-06  4.549626E-04
  2.227519E-02  3.895402E-06  4.710051E-04
  2.254917E-02  4.041332E-06  4.876037E-04
  2.282653E-02  4.192739E-06  5.047773E-04
  2.310729E-02  4.349831E-06  5.225452E-04
  2.339151E-02  4.512820E-06  5.409274E-04
  2.367923E-02  4.681929E-06  5.599448E-04
  2.397048E-02  4.857389E-06  5.796187E-04
  2.426532E-02  5.039439E-06  5.999712E-04
  2.456378E-02  5.228327E-06  6.210249E-04
  2.486592E-02  5.424311E-06  6.428035E-04
  2.517177E-02  5.627660E-06  6.653313E-04
  2.548138E-02  5.838650E-06  6.886332E-04
  2.579480E-02  6.057569E-06  7.127351E-04
  2.611208E-02  6.284718E-06  7.376637E-04
  2.643326E-02  6.520407E-06  7.634466E-04
  2.675838E-02  6.764958E-06  7.901122E-04
  2.708751E-02  7.018706E-06  8.176897E-04
  2.742069E-02  7.281999E-06  8.462095E-04
  2.775796E-02  7.555197E-06  8.757027E-04
  2.809939E-02  7.838675E-06  9.062016E-04
  2.844501E-02  8.132820E-06  9.377394E-04
  2.879488E-02  8.438038E-06  9.703503E-04
  2.914906E-02  8.754746E-06  1.004070E-03
  2.950759E-02  9.083380E-06  1.038934E-03
  2.987054E-02  9.424391E-06  1.074981E-03
  3.023794E-02  9.778248E-06  1.112249E-03
  3.060987E-02  1.014544E-05  1.150778E-03
  3.098637E-02  1.052646E-05  1.190610E-03
  3.136750E-02  1.092185E-05  1.231786E-03
  3.175332E-02  1.133215E-05  1.274352E-03
  3.214389E-02  1.175792E-05  1.318351E-03
  3.253926E-02  1.219974E-05  1.363831E-03
  3.293949E-02  1.265824E-05  1.410839E-03
  3.334465E-02  1.313404E-05  1.459425E-03
  3.375479E-02  1.362780E-05  1.509639E-03
  3.416997E-02  1.414020E-05  1.561536E-03
  3.459026E-02  1.467195E-05  1.615167E-03
  3.501572E-02  1.522379E-05  1.670590E-03
  3.544642E-02  1.579648E-05  1.727861E-03
  3.588241E-02  1.639082E-05  1.787040E-03
  3.632376E-02  1.700763E-05  1.848187E-03
  3.677054E-02  1.764776E-05  1.911366E-03
  3.722282E-02  1.831211E-05  1.976641E-03
  3.768066E-02  1.900161E-05  2.044079E-03
  3.814413E-02  1.971720E-05  2.113747E-03
  3.861331E-02  2.045988E-05  2.185718E-03
  3.908825E-02  2.123070E-05  2.260062E-03
  3.956904E-02  2.203073E-05  2.336856E-03
  4.005573E-02  2.286108E-05  2.416176E-03
  4.054842E-02  2.372292E-05  2.498101E-03
  4.104717E-02  2.461744E-05  2.582713E-03
  4.155205E-02  2.554591E-05  2.670095E-03
  4.206314E-02  2.650963E-05  2.760335E-03
  4.258051E-02  2.750994E-05  2.853520E-03
  4.310425E-02  2.854826E-05  2.949743E-03
  4.363443E-02  2.962603E-05  3.049097E-03
  4.417114E-02  3.074478E-05  3.151678E-03
  4.471444E-02  3.190609E-05  3.257587E-03
  4.526443E-02  3.311159E-05  3.366925E-03
  4.582118E-02  3.436299E-05  3.479798E-03
  4.638478E-02  3.566205E-05  3.596314E-03
  4.695532E-02  3.701061E-05  3.716583E-03
  4.753287E-02  3.841059E-05  3.840720E-03
  4.811752E-02  3.986396E-05  3.968842E-03
  4.870937E-02  4.137280E-05  4.101070E-03
  4.930849E-02  4.293926E-05  4.237527E-03
  4.991499E-02  4.456555E-05  4.378342E-03
  5.052894E-02  4.625401E-05  4.523644E-03
  5.115045E-02  4.800704E-05  4.673568E-03
  5.177960E-02  4.982716E-05  4.828253E-03
  5.241649E-02  5.171696E-05  4.987839E-03
  5.306121E-02  5.367916E-05  5.152472E-03
  5.371386E-02  5.571658E-05  5.322302E-03
  5.437454E-02  5.783215E-05  5.497482E-03
  5.504335E-02  6.002892E-05  5.678169E-03
  5.572038E-02  6.231006E-05  5.864525E-03
  5.640574E-02  6.467887E-05  6.056716E-03
  5.709953E-02  6.713877E-05  6.254911E-03
  5.780186E-02  6.969335E-05  6.459285E-03
  5.851282E-02  7.234631E-05  6.670017E-03
  5.923253E-02  7.510152E-05  6.887290E-03
  5.996109E-02  7.796299E-05  7.111293E-03
  6.069861E-02  8.093491E-05  7.342219E-03
  6.144520E-02  8.402162E-05  7.580265E-03
  6.220098E-02  8.722766E-05  7.825634E-03
  6.296605E-02  9.055775E-05  8.078534E-03
  6.374053E-02  9.401678E-05  8.339178E-03
  6.452454E-02  9.760986E-05  8.607784E-03
  6.531819E-02  1.013423E-04  8.884576E-03
  6.612161E-02  1.052197E-04  9.169782E-03
  6.693490E-02  1.092477E-04  9.463637E-03
  6.775820E-02  1.134324E-04  9.766381E-03
  6.859163E-02  1.177800E-04  1.007826E-02
  6.943531E-02  1.222970E-04  1.039953E-02
  7.028936E-02  1.269902E-04  1.073043E-02
  7.115392E-02  1.318666E-04  1.107125E-02
  7.202911E-02  1.369337E-04  1.142224E-02
  7.291507E-02  1.421990E-04  1.178369E-02
  7.381193E-02  1.476706E-04  1.215587E-02
  7.471981E-02  1.533567E-04  1.253907E-02
  7.563887E-02  1.592660E-04  1.293359E-02
  7.656923E-02  1.654076E-04  1.333973E-02
  7.751103E-02  1.717908E-04  1.375780E-02
  7.846441E-02  1.784255E-04  1.418810E-02
  7.942952E-02  1.853219E-04  1.463097E-02
  8.040651E-02  1.924906E-04  1.508674E-02
  8.139551E-02  1.999428E-04  1.555572E-02
  8.239667E-02  2.076901E-04  1.603828E-02
  8.341015E-02  2.157445E-04  1.653476E-02
  8.443610E-02  2.241187E-04  1.704551E-02
  8.547466E-02  2.328257E-04  1.757091E-02
  8.652600E-02  2.418794E-04  1.811131E-02
  8.759027E-02  2.512941E-04  1.866711E-02
  8.866763E-02  2.610846E-04  1.923868E-02
  8.975824E-02  2.712667E-04  1.982642E-02
  9.086227E-02  2.818565E-04  2.043074E-02
  9.197987E-02  2.928710E-04  2.105204E-02
  9.311123E-02  3.043280E-04  2.169073E-02
  9.425649E-02  3.162461E-04  2.234725E-02
  9.541585E-02  3.286444E-04  2.302203E-02
  9.658946E-02  3.415434E-04  2.371551E-02
  9.777751E-02  3.549639E-04  2.442813E-02
  9.898018E-02  3.689282E-04  2.516035E-02
  1.001976E-01  3.834592E-04  2.591264E-02
  1.014301E-01  3.985810E-04  2.668547E-02
  1.026777E-01  4.143187E-04  2.747933E-02
  1.039406E-01  4.306986E-04  2.829469E-02
  1.052191E-01  4.477483E-04  2.913206E-02
  1.065133E-01  4.654965E-04  2.999194E-02
  1.078234E-01  4.839731E-04  3.087484E-02
  1.091496E-01  5.032098E-04  3.178129E-02
  1.104921E-01  5.232393E-04  3.271181E-02
  1.118512E-01  5.440960E-04  3.366694E-02
  1.132270E-01  5.658160E-04  3.464723E-02
  1.146196E-01  5.884369E-04  3.565322E-02
  1.160295E-01  6.119981E-04  3.668549E-02
  1.174566E-01  6.365410E-04  3.774458E-02
  1.189013E-01  6.621087E-04  3.883109E-02
  1.203638E-01  6.887466E-04  3.994559E-02
  1.218443E-01  7.165020E-04  4.108868E-02
  1.233430E-01  7.454245E-04  4.226094E-02
  1.248601E-01  7.755663E-04  4.346298E-02
  1.263959E-01  8.069818E-04  4.469542E-02
  1.279506E-01  8.397281E-04  4.595886E-02
  1.295244E-01  8.738653E-04  4.725394E-02
  1.311175E-01  9.094560E-04  4.858127E-02
  1.327302E-01  9.465661E-04  4.994150E-02
  1.343628E-01  9.852647E-04  5.133526E-02
  1.360155E-01  1.025624E-03  5.276320E-02
  1.376885E-01  1.067721E-03  5.422597E-02
  1.393821E-01  1.111634E-03  5.572422E-02
  1.410965E-01  1.157447E-03  5.725861E-02
  1.428319E-01  1.205249E-03  5.882981E-02
  1.445888E-01  1.255131E-03  6.043847E-02
  1.463672E-01  1.307190E-03  6.208527E-02
  1.481675E-01  1.361529E-03  6.377088E-02
  1.499900E-01  1.418253E-03  6.549597E-02
  1.518349E-01  1.477476E-03  6.726122E-02
  1.537024E-01  1.539314E-03  6.906732E-02
  1.555930E-01  1.603893E-03  7.091493E-02
  1.575068E-01  1.671342E-03  7.280474E-02
  1.594441E-01  1.741798E-03  7.473743E-02
  1.614053E-01  1.815406E-03  7.671369E-02
  1.633906E-01  1.892316E-03  7.873419E-02
  1.654003E-01  1.972689E-03  8.079962E-02
  1.674347E-01  2.056692E-03  8.291065E-02
  1.694941E-01  2.144502E-03  8.506796E-02
  1.715789E-01  2.236304E-03  8.727223E-02
  1.736893E-01  2.332293E-03  8.952412E-02
  1.758257E-01  2.432676E-03  9.182432E-02
  1.779884E-01  2.537668E-03  9.417348E-02
  1.801776E-01  2.647499E-03  9.657226E-02
  1.823938E-01  2.762409E-03  9.902131E-02
  1.846372E-01  2.882650E-03  1.015213E-01
  1.869083E-01  3.008490E-03  1.040729E-01
  1.892073E-01  3.140210E-03  1.066766E-01
  1.915345E-01  3.278107E-03  1.093332E-01
  1.938904E-01  3.422491E-03  1.120432E-01
  1.962752E-01  3.573694E-03  1.148073E-01
  1.986894E-01  3.732061E-03  1.176261E-01
  2.011333E-01  3.897960E-03  1.205001E-01
  2.036072E-01  4.071777E-03  1.234299E-01
  2.061116E-01  4.253919E-03  1.264161E-01
  2.086468E-01  4.444815E-03  1.294592E-01
  2.112131E-01  4.644920E-03  1.325598E-01
  2.138111E-01  4.854712E-03  1.357184E-01
  2.164409E-01  5.074696E-03  1.389354E-01
  2.191031E-01  5.305405E-03  1.422115E-01
  2.217981E-01  5.547402E-03  1.455469E-01
  2.245262E-01  5.801281E-03  1.489423E-01
  2.272879E-01  6.067669E-03  1.523980E-01
  2.300835E-01  6.347229E-03  1.559143E-01
  2.329136E-01  6.640660E-03  1.594918E-01
  2.357784E-01  6.948699E-03  1.631308E-01
  2.386785E-01  7.272128E-03  1.668315E-01
  2.416142E-01  7.611769E-03  1.705944E-01
  2.445861E-01  7.968493E-03  1.744196E-01
  2.475945E-01  8.343219E-03  1.783075E-01
  2.506399E-01  8.736916E-03  1.822583E-01
  2.537228E-01  9.150609E-03  1.862722E-01
  2.568436E-01  9.585382E-03  1.903493E-01
  2.600027E-01  1.004238E-02  1.944897E-01
  2.632008E-01  1.052280E-02  1.986937E-01
  2.664382E-01  1.102794E-02  2.029611E-01
  2.697153E-01  1.155912E-02  2.072922E-01
  2.730328E-01  1.211779E-02  2.116867E-01
  2.763911E-01  1.270543E-02  2.161448E-01
  2.797908E-01  1.332363E-02  2.206663E-01
  2.832322E-01  1.397408E-02  2.252511E-01
  2.867159E-01  1.465853E-02  2.298990E-01
  2.902425E-01  1.537886E-02  2.346099E-01
  2.938125E-01  1.613703E-02  2.393833E-01
  2.974264E-01  1.693512E-02  2.442191E-01
  3.010848E-01  1.777533E-02  2.491170E-01
  3.047881E-01  1.865996E-02  2.540764E-01
  3.085370E-01  1.959146E-02  2.590969E-01
  3.123320E-01  2.057239E-02  2.641782E-01
  3.161737E-01  2.160547E-02  2.693195E-01
  3.200626E-01  2.269354E-02  2.745203E-01
  3.239994E-01  2.383963E-02  2.797801E-01
  3.279846E-01  2.504688E-02  2.850979E-01
  3.320188E-01  2.631863E-02  2.904732E-01
  3.361026E-01  2.765840E-02  2.959051E-01
  3.402367E-01  2.906986E-02  3.013927E-01
  3.444216E-01  3.055688E-02  3.069350E-01
  3.486580E-01  3.212354E-02  3.125312E-01
  3.529465E-01  3.377412E-02  3.181802E-01
  3.572877E-01  3.551309E-02  3.238809E-01
  3.616824E-01  3.734516E-02  3.296321E-01
  3.661311E-01  3.927525E-02  3.354326E-01
  3.706345E-01  4.130853E-02  3.412811E-01
  3.751933E-01  4.345040E-02  3.471763E-01
  3.798081E-01  4.570651E-02  3.531169E-01
  3.844798E-01  4.808274E-02  3.591013E-01
  3.892089E-01  5.058527E-02  3.651281E-01
  3.939962E-01  5.322050E-02  3.711957E-01
  3.988423E-01  5.599514E-02  3.773024E-01
  4.037481E-01  5.891612E-02  3.834466E-01
  4.087142E-01  6.199068E-02  3.896265E-01
  4.137414E-01  6.522633E-02  3.958403E-01
  4.188304E-01  6.863083E-02  4.020861E-01
  4.239820E-01  7.221223E-02  4.083621E-01
  4.291970E-01  7.597884E-02  4.146661E-01
  4.344761E-01  7.993925E-02  4.209962E-01
  4.398201E-01  8.410226E-02  4.273503E-01
  4.452299E-01  8.847696E-02  4.337262E-01
  4.507063E-01  9.307265E-02  4.401216E-01
  4.562500E-01  9.789882E-02  4.465343E-01
  4.618618E-01  1.029652E-01  4.529620E-01
  4.675427E-01  1.082816E-01  4.594024E-01
  4.732935E-01  1.138582E-01  4.658529E-01
  4.791150E-01  1.197049E-01  4.723112E-01
  4.850081E-01  1.258321E-01  4.787747E-01
  4.909737E-01  1.322499E-01  4.852410E-01
  4.970127E-01  1.389685E-01  4.917076E-01
  5.031260E-01  1.459982E-01  4.981718E-01
  5.093144E-01  1.533488E-01  5.046312E-01
  5.155790E-01  1.610302E-01  5.110833E-01
  5.219206E-01  1.690520E-01  5.175255E-01
  5.283402E-01  1.774232E-01  5.239554E-01
  5.348388E-01  1.861526E-01  5.303706E-01
  5.414173E-01  1.952485E-01  5.367686E-01
  5.480768E-01  2.047182E-01  5.431470E-01
  5.548181E-01  2.145685E-01  5.495036E-01
  5.616424E-01  2.248054E-01  5.558359E-01
  5.685506E-01  2.354336E-01  5.621415E-01
  5.755437E-01  2.464568E-01  5.684179E-01
  5.826229E-01  2.578774E-01  5.746626E-01
  5.897892E-01  2.696963E-01  5.808728E-01
  5.970436E-01  2.819130E-01  5.870455E-01
  6.043872E-01  2.945249E-01  5.931776E-01
  6.118212E-01  3.075277E-01  5.992656E-01
  6.193466E-01  3.209153E-01  6.053056E-01
  6.269646E-01  3.346790E-01  6.112937E-01
  6.346762E-01  3.488080E-01  6.172255E-01
  6.424827E-01  3.632891E-01  6.230966E-01
  6.503853E-01  3.781066E-01  6.289022E-01
  6.583850E-01  3.932421E-01  6.346378E-01
  6.664831E-01  4.086743E-01  6.402986E-01
  6.746809E-01  4.243796E-01  6.458797E-01
  6.829795E-01  4.403313E-01  6.513766E-01
  6.913801E-01  4.565001E-01  6.567847E-01
  6.998841E-01  4.728539E-01  6.620995E-01
  7.084927E-01  4.893580E-01  6.673167E-01
  7.172071E-01  5.059753E-01  6.724320E-01
  7.260288E-01  5.226662E-01  6.774411E-01
  7.349589E-01  5.393891E-01  6.823401E-01
  7.439989E-01  5.561005E-01  6.871250E-01
  7.531501E-01  5.727554E-01  6.917917E-01
  7.624139E-01  5.893077E-01  6.963366E-01
  7.717915E-01  6.057101E-01  7.007557E-01
  7.812846E-01  6.219152E-01  7.050453E-01
  7.908944E-01  6.378749E-01  7.092019E-01
  8.006224E-01  6.535413E-01  7.132219E-01
  8.104700E-01  6.688663E-01  7.171017E-01
  8.204388E-01  6.838023E-01  7.208380E-01
  8.305302E-01  6.983016E-01  7.244275E-01
  8.407457E-01  7.123169E-01  7.278669E-01
  8.510869E-01  7.258018E-01  7.311531E-01
  8.615553E-01  7.387110E-01  7.342832E-01
  8.721524E-01  7.510009E-01  7.372543E-01
  8.828799E-01  7.626304E-01  7.400636E-01
  8.937393E-01  7.735617E-01  7.427085E-01
  9.047323E-01  7.837608E-01  7.451866E-01
  9.158605E-01  7.931982E-01  7.474954E-01
  9.271256E-01  8.018496E-01  7.496329E-01
  9.385292E-01  8.096963E-01  7.515969E-01
  9.500731E-01  8.167251E-01  7.533856E-01
  9.617590E-01  8.229292E-01  7.549973E-01
  9.735887E-01  8.283077E-01  7.564304E-01
  9.855638E-01  8.328660E-01  7.576835E-01
  9.976863E-01  8.366157E-01  7.587554E-01
  1.009958E+00  8.395742E-01  7.596449E-01
  1.022380E+00  8.417650E-01  7.603513E-01
  1.034956E+00  8.432168E-01  7.608737E-01
  1.047686E+00  8.439637E-01  7.612115E-01
  1.060572E+00  8.440444E-01  7.613643E-01
  1.073617E+00  8.435020E-01  7.613318E-01
  1.086823E+00  8.423831E-01  7.611140E-01
  1.100190E+00  8.407375E-01  7.607108E-01
  1.113723E+00  8.386175E-01  7.601225E-01
  1.127422E+00  8.360771E-01  7.593495E-01
  1.141289E+00  8.331715E-01  7.583921E-01
  1.155327E+00  8.299562E-01  7.572511E-01
  1.169537E+00  8.264863E-01  7.559274E-01
  1.183923E+00  8.228158E-01  7.544217E-01
  1.198485E+00  8.189969E-01  7.527354E-01
  1.213226E+00  8.150793E-01  7.508695E-01
  1.228149E+00  8.111092E-01  7.488255E-01
  1.243255E+00  8.071291E-01  7.466050E-01
  1.258547E+00  8.031771E-01  7.442095E-01
  1.274027E+00  7.992858E-01  7.416409E-01
  1.289698E+00  7.954824E-01  7.389011E-01
  1.305561E+00  7.917881E-01  7.359922E-01
  1.321619E+00  7.882172E-01  7.329164E-01
  1.337875E+00  7.847776E-01  7.296760E-01
  1.354331E+00  7.814699E-01  7.262735E-01
  1.370990E+00  7.782873E-01  7.227113E-01
  1.387853E+00  7.752162E-01  7.189924E-01
  1.404923E+00  7.722354E-01  7.151193E-01
  1.422204E+00  7.693171E-01  7.110950E-01
  1.439697E+00  7.664266E-01  7.069226E-01
  1.457405E+00  7.635235E-01  7.026051E-01
  1.475331E+00  7.605618E-01  6.981457E-01
  1.493478E+00  7.574912E-01  6.935478E-01
  1.511848E+00  7.542576E-01  6.888147E-01
  1.530443E+00  7.508051E-01  6.839499E-01
  1.549268E+00  7.470765E-01  6.789568E-01
  1.568324E+00  7.430156E-01  6.738391E-01
  1.587614E+00  7.385682E-01  6.686004E-01
  1.607142E+00  7.336839E-01  6.632443E-01
  1.626910E+00  7.283182E-01  6.577746E-01
  1.646921E+00  7.224337E-01  6.521951E-01
  1.667178E+00  7.160020E-01  6.465094E-01
  1.687684E+00  7.090046E-01  6.407215E-01
  1.708443E+00  7.014347E-01  6.348352E-01
  1.729457E+00  6.932978E-01  6.288541E-01
  1.750729E+00  6.846118E-01  6.227823E-01
  1.772263E+00  6.754078E-01  6.166234E-01
  1.794062E+00  6.657292E-01  6.103814E-01
  1.816129E+00  6.556313E-01  6.040600E-01
  1.838467E+00  6.451798E-01  5.976632E-01
  1.861080E+00  6.344492E-01  5.911946E-01
  1.883971E+00  6.235207E-01  5.846583E-01
  1.907144E+00  6.124796E-01  5.780579E-01
  1.930602E+00  6.014130E-01  5.713975E-01
  1.954349E+00  5.904063E-01  5.646808E-01
  1.978387E+00  5.795408E-01  5.579118E-01
  2.002721E+00  5.688903E-01  5.510945E-01
  2.027355E+00  5.585188E-01  5.442329E-01
  2.052291E+00  5.484777E-01  5.373310E-01
  2.077534E+00  5.388043E-01  5.303928E-01
  2.103088E+00  5.295198E-01  5.234225E-01
  2.128956E+00  5.206287E-01  5.164242E-01
  2.155142E+00  5.121184E-01  5.094020E-01
  2.181650E+00  5.039598E-01  5.023600E-01
  2.208485E+00  4.961089E-01  4.953023E-01
  2.235649E+00  4.885110E-01  4.882328E-01
  2.263147E+00  4.811056E-01  4.811553E-01
  2.290984E+00  4.738338E-01  4.740734E-01
  2.319163E+00  4.666453E-01  4.669905E-01
  2.347689E+00  4.595047E-01  4.599098E-01
  2.376566E+00  4.523947E-01  4.528340E-01
  2.405797E+00  4.453101E-01  4.457658E-01
  2.435389E+00  4.382492E-01  4.387074E-01
  2.465344E+00  4.312110E-01  4.316607E-01
  2.495668E+00  4.241944E-01  4.246274E-01
  2.526364E+00  4.171988E-01  4.176089E-01
  2.557439E+00  4.102237E-01  4.106066E-01
  2.588895E+00  4.032688E-01  4.036214E-01
  2.620739E+00  3.963340E-01  3.966545E-01
  2.652974E+00  3.894194E-01  3.897068E-01
  2.685605E+00  3.825254E-01  3.827792E-01
  2.718638E+00  3.756523E-01  3.758726E-01
  2.752077E+00  3.688009E-01  3.689880E-01
  2.785928E+00  3.619717E-01  3.621263E-01
  2.820195E+00  3.551657E-01  3.552886E-01
  2.854883E+00  3.483837E-01  3.484759E-01
  2.889998E+00  3.416267E-01  3.416895E-01
  2.925545E+00  3.348959E-01  3.349304E-01
  2.961530E+00  3.281923E-01  3.282001E-01
  2.997956E+00  3.215174E-01  3.214998E-01
  3.034831E+00  3.148723E-01  3.148309E-01
  3.072160E+00  3.082585E-01  3.081950E-01
  3.109947E+00  3.016774E-01  3.015934E-01
  3.148200E+00  2.951307E-01  2.950278E-01
  3.186922E+00  2.886198E-01  2.884998E-01
  3.226122E+00  2.821466E-01  2.820111E-01
  3.265803E+00  2.757127E-01  2.755635E-01
  3.305972E+00  2.693200E-01  2.691587E-01
  3.346636E+00  2.629704E-01  2.627985E-01
  3.387799E+00  2.566658E-01  2.564850E-01
  3.429469E+00  2.504082E-01  2.502200E-01
  3.471652E+00  2.441997E-01  2.440056E-01
  3.514353E+00  2.380425E-01  2.378437E-01
  3.557580E+00  2.319387E-01  2.317366E-01
  3.601338E+00  2.258905E-01  2.256862E-01
  3.645634E+00  2.199003E-01  2.196949E-01
  3.690476E+00  2.139702E-01  2.137647E-01
  3.735868E+00  2.081028E-01  2.078981E-01
  3.781820E+00  2.023002E-01  2.020971E-01
  3.828336E+00  1.965650E-01  1.963641E-01
  3.875424E+00  1.908993E-01  1.907013E-01
  3.923092E+00  1.853056E-01  1.851110E-01
  3.971346E+00  1.797862E-01  1.795954E-01
  4.020194E+00  1.743434E-01  1.741568E-01
  4.069642E+00  1.689795E-01  1.687973E-01
  4.119699E+00  1.636965E-01  1.635190E-01
  4.170371E+00  1.584966E-01  1.583240E-01
  4.221667E+00  1.533819E-01  1.532142E-01
  4.273593E+00  1.483541E-01  1.481916E-01
  4.326158E+00  1.434153E-01  1.432578E-01
  4.379370E+00  1.385669E-01  1.384145E-01
  4.433236E+00  1.338106E-01  1.336634E-01
  4.487765E+00  1.291479E-01  1.290056E-01
  4.542965E+00  1.245798E-01  1.244426E-01
  4.598843E+00  1.201077E-01  1.199754E-01
  4.655409E+00  1.157324E-01  1.156049E-01
  4.712670E+00  1.114548E-01  1.113320E-01
  4.770636E+00  1.072755E-01  1.071573E-01
  4.829315E+00  1.031949E-01  1.030813E-01
  4.888716E+00  9.921351E-02  9.910425E-02
  4.948847E+00  9.533138E-02  9.522640E-02
  5.009718E+00  9.154856E-02  9.144775E-02
  5.071337E+00  8.786493E-02  8.776818E-02
  5.133715E+00  8.428022E-02  8.418742E-02
  5.196859E+00  8.079404E-02  8.070507E-02
  5.260781E+00  7.740587E-02  7.732061E-02
  5.325488E+00  7.411504E-02  7.403339E-02
  5.390992E+00  7.092081E-02  7.084266E-02
  5.457301E+00  6.782231E-02  6.774754E-02
  5.524426E+00  6.481857E-02  6.474708E-02
  5.592376E+00  6.190854E-02  6.184024E-02
  5.661163E+00  5.909110E-02  5.902588E-02
  5.730795E+00  5.636503E-02  5.630279E-02
  5.801284E+00  5.372907E-02  5.366970E-02
  5.872639E+00  5.118188E-02  5.112530E-02
  5.944873E+00  4.872207E-02  4.866818E-02
  6.017995E+00  4.634822E-02  4.629693E-02
  6.092016E+00  4.405886E-02  4.401007E-02
  6.166948E+00  4.185247E-02  4.180610E-02
  6.242801E+00  3.972750E-02  3.968346E-02
  6.319588E+00  3.768240E-02  3.764061E-02
  6.397319E+00  3.571557E-02  3.567593E-02
  6.476006E+00  3.382539E-02  3.378782E-02
  6.555661E+00  3.201022E-02  3.197465E-02
  6.636295E+00  3.026841E-02  3.023476E-02
  6.717922E+00  2.859830E-02  2.856649E-02
  6.800552E+00  2.699820E-02  2.696815E-02
  6.884199E+00  2.546642E-02  2.543806E-02
  6.968875E+00  2.400125E-02  2.397452E-02
  7.054592E+00  2.260100E-02  2.257581E-02
  7.141363E+00  2.126392E-02  2.124021E-02
  7.229202E+00  1.998830E-02  1.996601E-02
  7.318121E+00  1.877240E-02  1.875146E-02
  7.408134E+00  1.761449E-02  1.759483E-02
  7.499254E+00  1.651282E-02  1.649438E-02
  7.591495E+00  1.546566E-02  1.544839E-02
  7.684870E+00  1.447126E-02  1.445510E-02
  7.779394E+00  1.352790E-02  1.351278E-02
  7.875081E+00  1.263383E-02  1.261972E-02
  7.971944E+00  1.178735E-02  1.177417E-02
  8.069999E+00  1.098672E-02  1.097444E-02
  8.169260E+00  1.023026E-02  1.021882E-02
  8.269742E+00  9.516273E-03  9.505634E-03
  8.371460E+00  8.843089E-03  8.833202E-03
  8.474429E+00  8.209057E-03  8.199879E-03
  8.578664E+00  7.612548E-03  7.604036E-03
  8.684182E+00  7.051956E-03  7.044072E-03
  8.790997E+00  6.525702E-03  6.518406E-03
  8.899127E+00  6.032235E-03  6.025492E-03
  9.008586E+00  5.570035E-03  5.563809E-03
  9.119391E+00  5.137615E-03  5.131873E-03
  9.231560E+00  4.733521E-03  4.728231E-03
  9.345108E+00  4.356336E-03  4.351469E-03
  9.460053E+00  4.004681E-03  4.000208E-03
  9.576412E+00  3.677216E-03  3.673110E-03
  9.694202E+00  3.372641E-03  3.368876E-03
  9.813440E+00  3.089695E-03  3.086247E-03
  9.934146E+00  2.827163E-03  2.824009E-03
  1.005634E+01  2.583869E-03  2.580987E-03
  1.018003E+01  2.358683E-03  2.356053E-03
  1.030524E+01  2.150516E-03  2.148119E-03
  1.043200E+01  1.958323E-03  1.956141E-03
  1.056031E+01  1.781104E-03  1.779121E-03
  1.069020E+01  1.617901E-03  1.616100E-03
  1.082169E+01  1.467800E-03  1.466167E-03
  1.095480E+01  1.329928E-03  1.328449E-03
  1.108954E+01  1.203456E-03  1.202118E-03
  1.122594E+01  1.087594E-03  1.086386E-03
  1.136402E+01  9.815951E-04  9.805050E-04
  1.150380E+01  8.847499E-04  8.837679E-04
  1.164530E+01  7.963887E-04  7.955053E-04
  1.178853E+01  7.158793E-04  7.150857E-04
  1.193353E+01  6.426260E-04  6.419140E-04
  1.208032E+01  5.760683E-04  5.754303E-04
  1.222890E+01  5.156798E-04  5.151091E-04
  1.237932E+01  4.609673E-04  4.604575E-04
  1.253159E+01  4.114689E-04  4.110141E-04
  1.268572E+01  3.667530E-04  3.663479E-04
  1.284176E+01  3.264174E-04  3.260571E-04
  1.299971E+01  2.900870E-04  2.897671E-04
  1.315961E+01  2.574136E-04  2.571299E-04
  1.332147E+01  2.280738E-04  2.278226E-04
  1.348533E+01  2.017681E-04  2.015460E-04
  1.365120E+01  1.782193E-04  1.780233E-04
  1.381910E+01  1.571717E-04  1.569990E-04
  1.398908E+01  1.383897E-04  1.382377E-04
  1.416115E+01  1.216562E-04  1.215227E-04
  1.433533E+01  1.067721E-04  1.066550E-04
  1.451165E+01  9.355477E-05  9.345226E-05
  1.469015E+01  8.183712E-05  8.174752E-05
  1.487083E+01  7.146645E-05  7.138827E-05
  1.505375E+01  6.230355E-05  6.223546E-05
  1.523891E+01  5.422171E-05  5.416249E-05
  1.542635E+01  4.710579E-05  4.705439E-05
  1.561609E+01  4.085140E-05  4.080686E-05
  1.580817E+01  3.536403E-05  3.532551E-05
  1.600261E+01  3.055831E-05  3.052506E-05
  1.619944E+01  2.635724E-05  2.632859E-05
  1.639869E+01  2.269154E-05  2.266690E-05
  1.660040E+01  1.949897E-05  1.947781E-05
  1.680458E+01  1.672371E-05  1.670558E-05
  1.701128E+01  1.431584E-05  1.430033E-05
  1.722052E+01  1.223078E-05  1.221754E-05
  1.743233E+01  1.042879E-05  1.041751E-05
  1.764675E+01  8.874530E-06  8.864947E-06
  1.786380E+01  7.536647E-06  7.528517E-06
  1.808353E+01  6.387357E-06  6.380474E-06
  1.830595E+01  5.402110E-06  5.396295E-06
  1.853112E+01  4.559254E-06  4.554351E-06
  1.875905E+01  3.839730E-06  3.835606E-06
  1.898979E+01  3.226806E-06  3.223344E-06
  1.922336E+01  2.705818E-06  2.702918E-06
  1.945981E+01  2.263946E-06  2.261523E-06
  1.969916E+01  1.890007E-06  1.887986E-06
  1.994146E+01  1.574267E-06  1.572586E-06
  2.018674E+01  1.308275E-06  1.306879E-06
  2.043504E+01  1.084707E-06  1.083551E-06
  2.068639E+01  8.972353E-07  8.962804E-07
  2.094083E+01  7.404026E-07  7.396157E-07
  2.119841E+01  6.095149E-07  6.088679E-07
  2.145915E+01  5.005441E-07  5.000135E-07
  2.172309E+01  4.100424E-07  4.096083E-07
  2.199029E+01  3.350658E-07  3.347115E-07
  2.226077E+01  2.731070E-07  2.728186E-07
  2.253458E+01  2.220355E-07  2.218014E-07
  2.281175E+01  1.800469E-07  1.798573E-07
  2.309234E+01  1.456158E-07  1.454628E-07
  2.337637E+01  1.174567E-07  1.173334E-07
  2.366390E+01  9.448834E-08  9.438939E-08
  2.395497E+01  7.580462E-08  7.572541E-08
  2.424961E+01  6.064782E-08  6.058463E-08
  2.454788E+01  4.838624E-08  4.833600E-08
  2.484982E+01  3.849466E-08  3.845489E-08
  2.515547E+01  3.053767E-08  3.050634E-08
  2.546489E+01  2.415532E-08  2.413078E-08
  2.577811E+01  1.905089E-08  1.903185E-08
  2.609518E+01  1.498057E-08  1.496598E-08
  2.641615E+01  1.174455E-08  1.173358E-08
  2.674107E+01  9.179609E-09  9.171645E-09
  2.706998E+01  7.152819E-09  2.037252E-02
  2.740294E+01  5.556254E-09  1.889925E-02
  2.774000E+01  4.302574E-09  1.750852E-02
  2.808120E+01  0.000000E+00  1.619763E-02
  2.842660E+01  0.000000E+00  1.496385E-02
  2.877625E+01  0.000000E+00  1.380441E-02
  2.913019E+01  0.000000E+00  1.271649E-02
  2.948849E+01  0.000000E+00  1.169725E-02
  2.985120E+01  0.000000E+00  1.074384E-02
  3.021837E+01  0.000000E+00  9.853414E-03
  3.059006E+01  0.000000E+00  9.023136E-03
  3.096632E+01  0.000000E+00  8.250184E-03
  3.134720E+01  0.000000E+00  7.531769E-03
  3.173277E+01  0.000000E+00  6.865138E-03
  3.212309E+01  0.000000E+00  6.247584E-03
  3.251820E+01  0.000000E+00  5.676452E-03
  3.291817E+01  0.000000E+00  5.149147E-03
  3.332307E+01  0.000000E+00  4.663139E-03
  3.373294E+01  0.000000E+00  4.215968E-03
  3.414786E+01  0.000000E+00  3.805252E-03
  3.456787E+01  0.000000E+00  3.428684E-03
  3.499306E+01  0.000000E+00  3.084043E-03
  3.542347E+01  0.000000E+00  2.769191E-03
  3.585918E+01  0.000000E+00  2.482080E-03
  3.630025E+01  0.000000E+00  2.220748E-03
  3.674674E+01  0.000000E+00  1.983326E-03
  3.719873E+01  0.000000E+00  1.768033E-03
  3.765627E+01  0.000000E+00  1.573180E-03
  3.811945E+01  0.000000E+00  1.397166E-03
  3.858831E+01  0.000000E+00  1.238481E-03
  3.906295E+01  0.000000E+00  1.095701E-03
  3.954342E+01  0.000000E+00  9.674890E-04
  4.002981E+01  0.000000E+00  8.525906E-04
  4.052218E+01  0.000000E+00  7.498341E-04
  4.102060E+01  0.000000E+00  6.581262E-04
  4.152515E+01  0.000000E+00  5.764502E-04
  4.203591E+01  0.000000E+00  5.038624E-04
  4.255295E+01  0.000000E+00  4.394895E-04
  4.307635E+01  0.000000E+00  3.825255E-04
  4.360619E+01  0.000000E+00  3.322279E-04
  4.414255E+01  0.000000E+00  2.879149E-04
  4.468550E+01  0.000000E+00  2.489618E-04
  4.523513E+01  0.000000E+00  2.147980E-04
  4.579153E+01  0.000000E+00  1.849033E-04
  4.635476E+01  0.000000E+00  1.588049E-04
  4.692493E+01  0.000000E+00  1.360742E-04
  4.750210E+01  0.000000E+00  1.163236E-04
  4.808638E+01  0.000000E+00  9.920355E-05
  4.867784E+01  0.000000E+00  8.439984E-05
  4.927658E+01  0.000000E+00  7.163052E-05
  4.988268E+01  0.000000E+00  6.064341E-05
  5.049624E+01  0.000000E+00  5.121356E-05
  5.111734E+01  0.000000E+00  4.314086E-05
  5.174608E+01  0.000000E+00  3.624780E-05
  5.238256E+01  0.000000E+00  3.037734E-05
  5.302687E+01  0.000000E+00  2.539097E-05
  5.367910E+01  0.000000E+00  2.116686E-05
  5.433935E+01  0.000000E+00  1.759814E-05
  5.500772E+01  0.000000E+00  1.459137E-05
  5.568432E+01  0.000000E+00  1.206506E-05
  5.636924E+01  0.000000E+00  9.948393E-06
  5.706258E+01  0.000000E+00  8.179957E-06
  5.776445E+01  0.000000E+00  6.706698E-06
  5.847495E+01  0.000000E+00  5.482907E-06
  5.919419E+01  0.000000E+00  4.469326E-06
  5.992228E+01  0.000000E+00  3.632340E-06
  6.065932E+01  0.000000E+00  2.943259E-06
  6.140543E+01  0.000000E+00  2.377672E-06
  6.216072E+01  0.000000E+00  1.914875E-06
  6.292530E+01  0.000000E+00  1.537369E-06
  6.369928E+01  0.000000E+00  1.230404E-06
  6.448278E+01  0.000000E+00  9.815962E-07
  6.527592E+01  0.000000E+00  7.805783E-07
  6.607881E+01  0.000000E+00  6.187019E-07
  6.689158E+01  0.000000E+00  4.887768E-07
  6.771435E+01  0.000000E+00  3.848455E-07
  6.854723E+01  0.000000E+00  3.019895E-07
  6.939037E+01  0.000000E+00  2.361618E-07
  7.024387E+01  0.000000E+00  1.840447E-07
  7.110787E+01  0.000000E+00  1.429280E-07
  7.198249E+01  0.000000E+00  1.106059E-07
  7.286788E+01  0.000000E+00  8.528955E-08
  7.376415E+01  0.000000E+00  6.553405E-08
  7.467145E+01  0.000000E+00  5.017627E-08
  7.558991E+01  0.000000E+00  3.828470E-08
  7.651967E+01  0.000000E+00  0.000000E+00
  7.746086E+01  0.000000E+00  0.000000E+00
  7.841363E+01  0.000000E+00  0.000000E+00
  7.937812E+01  0.000000E+00  0.000000E+00
