  2.976190476190500E-004  8.715282448034174E-003
  3.012797619047600E-004  8.715283117365778E-003
  3.049855029761900E-004  8.715283803264192E-003
  3.087368246628000E-004  8.715284506139486E-003
  3.125342876061500E-004  8.715285238056947E-003
  3.163784593437100E-004  8.715286023517465E-003
  3.202699143936300E-004  8.715286857212229E-003
  3.242092343406700E-004  8.715287741193312E-003
  3.281970079230700E-004  8.715288676349471E-003
  3.322338311205200E-004  8.715289663591304E-003
  3.363203072433000E-004  8.715290703854696E-003
  3.404570470223900E-004  8.715291798103809E-003
  3.446446687007700E-004  8.715292947330431E-003
  3.488837981257900E-004  8.715294152555991E-003
  3.531750688427400E-004  8.715295414830376E-003
  3.575191221895000E-004  8.715296735234357E-003
  3.619166073924300E-004  8.715298114878258E-003
  3.663681816633600E-004  8.715299554904533E-003
  3.708745102978200E-004  8.715301056488069E-003
  3.754362667744800E-004  8.715302620836416E-003
  3.800541328558100E-004  8.715304249190250E-003
  3.847287986899300E-004  8.715305942826011E-003
  3.894609629138200E-004  8.715307703053669E-003
  3.942513327576600E-004  8.715309531220891E-003
  3.991006241505800E-004  8.715311428711429E-003
  4.040095618276300E-004  8.715313396947229E-003
  4.089788794381100E-004  8.715315437388561E-003
  4.140093196552000E-004  8.715317551535578E-003
  4.191016342869600E-004  8.715319740929010E-003
  4.242565843886900E-004  8.715322007151067E-003
  4.294749403766700E-004  8.715324351826469E-003
  4.347574821433000E-004  8.715326776623442E-003
  4.401049991736700E-004  8.715329283254242E-003
  4.455182906635000E-004  8.715331873478180E-003
  4.509981656386600E-004  8.715334549099573E-003
  4.565454430760200E-004  8.715337311971274E-003
  4.621609520258500E-004  8.715340163995666E-003
  4.678455317357700E-004  8.715343107124069E-003
  4.736000317761200E-004  8.715346143360090E-003
  4.794253121669700E-004  8.715349274759344E-003
  4.853222435066200E-004  8.715352503431879E-003
  4.912917071017500E-004  8.715355831542098E-003
  4.973345950991000E-004  8.715359261311274E-003
  5.034518106188200E-004  8.715362795018325E-003
  5.096442678894300E-004  8.715366435001596E-003
  5.159128923844700E-004  8.715370183659771E-003
  5.222586209608000E-004  8.715374043453758E-003
  5.286824019986200E-004  8.715378016908030E-003
  5.351851955432000E-004  8.715382106612411E-003
  5.417679734483900E-004  8.715386315222652E-003
  5.484317195218000E-004  8.715390645464210E-003
  5.551774296719200E-004  8.715395100131028E-003
  5.620061120568800E-004  8.715399682089809E-003
  5.689187872351800E-004  8.715404394279900E-003
  5.759164883181800E-004  8.715409239716159E-003
  5.830002611244901E-004  8.715414221491061E-003
  5.901711643363200E-004  8.715419342775064E-003
  5.974302696576599E-004  8.715424606819774E-003
  6.047786619744500E-004  8.715430016959898E-003
  6.122174395167299E-004  8.715435576614859E-003
  6.197477140227900E-004  8.715441289290388E-003
  6.273706109052700E-004  8.715447158582129E-003
  6.350872694194000E-004  8.715453188176507E-003
  6.428988428332600E-004  8.715459381853077E-003
  6.508064986001100E-004  8.715465743487591E-003
  6.588114185328900E-004  8.715472277053731E-003
  6.669147989808500E-004  8.715478986625350E-003
  6.751178510083100E-004  8.715485876379920E-003
  6.834218005757100E-004  8.715492950599609E-003
  6.918278887228000E-004  8.715500213674728E-003
  7.003373717540900E-004  8.715507670107037E-003
  7.089515214266600E-004  8.715515324511085E-003
  7.176716251402100E-004  8.715523181617465E-003
  7.264989861294300E-004  8.715531246276500E-003
  7.354349236588200E-004  8.715539523459961E-003
  7.444807732198300E-004  8.715548018264728E-003
  7.536378867304300E-004  8.715556735916402E-003
  7.629076327372200E-004  8.715565681770938E-003
  7.722913966198800E-004  8.715574861319818E-003
  7.817905807983100E-004  8.715584280191252E-003
  7.914066049421300E-004  8.715593944155726E-003
  8.011409061829200E-004  8.715603859127964E-003
  8.109949393289700E-004  8.715614031171246E-003
  8.209701770827100E-004  8.715624466500933E-003
  8.310681102608300E-004  8.715635171487778E-003
  8.412902480170400E-004  8.715646152662774E-003
  8.516381180676500E-004  8.715657416720392E-003
  8.621132669198800E-004  8.715668970522847E-003
  8.727172601029900E-004  8.715680821104282E-003
  8.834516824022600E-004  8.715692975674854E-003
  8.943181380958100E-004  8.715705441625726E-003
  9.053182511943899E-004  8.715718226533022E-003
  9.164536656840800E-004  8.715731338162697E-003
  9.277260457719900E-004  8.715744784475220E-003
  9.391370761349900E-004  8.715758573630248E-003
  9.506884621714500E-004  8.715772713992341E-003
  9.623819302561600E-004  8.715787214135276E-003
  9.742192279983100E-004  8.715802082847857E-003
  9.862021245026901E-004  8.715817329139038E-003
  9.983324106340699E-004  8.715832962243791E-003
  1.010611899284900E-003  8.715848991627870E-003
  1.023042425646100E-003  8.715865426996304E-003
  1.035625847481500E-003  8.715882278296486E-003
  1.048364045405500E-003  8.715899555724183E-003
  1.061258923164000E-003  8.715917269732150E-003
  1.074312407918900E-003  8.715935431036829E-003
  1.087526450536400E-003  8.715954050620532E-003
  1.100903025877900E-003  8.715973139748917E-003
  1.114444133096200E-003  8.715992709961217E-003
  1.128151795933300E-003  8.716012773093135E-003
  1.142028063023300E-003  8.716033341277131E-003
  1.156075008198500E-003  8.716054426951276E-003
  1.170294730799300E-003  8.716076042867669E-003
  1.184689355988200E-003  8.716098202096918E-003
  1.199261035066800E-003  8.716120918045448E-003
  1.214011945798100E-003  8.716144204452535E-003
  1.228944292731500E-003  8.716168075406129E-003
  1.244060307532100E-003  8.716192545354291E-003
  1.259362249314700E-003  8.716217629107745E-003
  1.274852404981300E-003  8.716243341851461E-003
  1.290533089562500E-003  8.716269699159753E-003
  1.306406646564200E-003  8.716296716996665E-003
  1.322475448316900E-003  8.716324411739232E-003
  1.338741896331200E-003  8.716352800175414E-003
  1.355208421656100E-003  8.716381899523418E-003
  1.371877485242400E-003  8.716411727442005E-003
  1.388751578310900E-003  8.716442302037107E-003
  1.405833222724200E-003  8.716473641880567E-003
  1.423124971363700E-003  8.716505766021222E-003
  1.440629408511400E-003  8.716538693994450E-003
  1.458349150236100E-003  8.716572445835838E-003
  1.476286844784000E-003  8.716607042099398E-003
  1.494445172974900E-003  8.716642503866619E-003
  1.512826848602500E-003  8.716678852765192E-003
  1.531434618840300E-003  8.716716110980207E-003
  1.550271264652000E-003  8.716754301271598E-003
  1.569339601207200E-003  8.716793446989146E-003
  1.588642478302100E-003  8.716833572089286E-003
  1.608182780785200E-003  8.716874701154275E-003
  1.627963428988800E-003  8.716916859405760E-003
  1.647987379165400E-003  8.716960072723405E-003
  1.668257623929100E-003  8.717004367667940E-003
  1.688777192703500E-003  8.717049771493438E-003
  1.709549152173700E-003  8.717096312175043E-003
  1.730576606745500E-003  8.717144018420284E-003
  1.751862699008400E-003  8.717192919700013E-003
  1.773410610206200E-003  8.717243046260722E-003
  1.795223560711800E-003  8.717294429153496E-003
  1.817304810508500E-003  8.717347100257046E-003
  1.839657659677800E-003  8.717401092295948E-003
  1.862285448891800E-003  8.717456438873150E-003
  1.885191559913200E-003  8.717513174488482E-003
  1.908379416100100E-003  8.717571334570814E-003
  1.931852482918200E-003  8.717630955499892E-003
  1.955614268458000E-003  8.717692074641009E-003
  1.979668323960100E-003  8.717754730364846E-003
  2.004018244344800E-003  8.717818962087598E-003
  2.028667668750200E-003  8.717884810294323E-003
  2.053620281075900E-003  8.717952316572410E-003
  2.078879810533100E-003  8.718021523648296E-003
  2.104450032202600E-003  8.718092475415613E-003
  2.130334767598700E-003  8.718165216972530E-003
  2.156537885240200E-003  8.718239794658742E-003
  2.183063301228700E-003  8.718316256091157E-003
  2.209914979833800E-003  8.718394650202469E-003
  2.237096934085700E-003  8.718475027279226E-003
  2.264613226375000E-003  8.718557439001674E-003
  2.292467969059400E-003  8.718641938488416E-003
  2.320665325078800E-003  8.718728580334867E-003
  2.349209508577300E-003  8.718817420658002E-003
  2.378104785532800E-003  8.718908517142486E-003
  2.407355474394800E-003  8.719001929084419E-003
  2.436965946729900E-003  8.719097717437301E-003
  2.466940627874700E-003  8.719195944862847E-003
  2.497283997597500E-003  8.719296675777173E-003
  2.528000590768000E-003  8.719399976399003E-003
  2.559094998034400E-003  8.719505914804512E-003
  2.590571866510300E-003  8.719614560972753E-003
  2.622435900468300E-003  8.719725986843731E-003
  2.654691862044100E-003  8.719840266363795E-003
  2.687344571947200E-003  8.719957475545279E-003
  2.720398910182200E-003  8.720077692514186E-003
  2.753859816777400E-003  8.720200997568400E-003
  2.787732292523800E-003  8.720327473226696E-003
  2.822021399721800E-003  8.720457204286523E-003
  2.856732262938400E-003  8.720590277873244E-003
  2.891870069772600E-003  8.720726783495895E-003
  2.927440071630800E-003  8.720866813098624E-003
  2.963447584511800E-003  8.721010461111005E-003
  2.999897989801300E-003  8.721157824498197E-003
  3.036796735075900E-003  8.721309002811475E-003
  3.074149334917300E-003  8.721464098235376E-003
  3.111961371736800E-003  8.721623215631606E-003
  3.150238496609100E-003  8.721786462585800E-003
  3.188986430117400E-003  8.721953949446332E-003
  3.228210963207900E-003  8.722125789366420E-003
  3.267917958055300E-003  8.722302098341064E-003
  3.308113348939400E-003  8.722482995239082E-003
  3.348803143131400E-003  8.722668601838368E-003
  3.389993421791900E-003  8.722859042854181E-003
  3.431690340879900E-003  8.723054445965172E-003
  3.473900132072800E-003  8.723254941837793E-003
  3.516629103697300E-003  8.723460664150367E-003
  3.559883641672700E-003  8.723671749610182E-003
  3.603670210465300E-003  8.723888337971206E-003
  3.647995354054000E-003  8.724110572052756E-003
  3.692865696908900E-003  8.724338597751530E-003
  3.738287944980900E-003  8.724572564057868E-003
  3.784268886704100E-003  8.724812623068724E-003
  3.830815394010600E-003  8.725058930000765E-003
  3.877934423356900E-003  8.725311643208424E-003
  3.925633016764200E-003  8.725570924197672E-003
  3.973918302870400E-003  8.725836937647108E-003
  4.022797497995700E-003  8.726109851428968E-003
  4.072277907221100E-003  8.726389836634681E-003
  4.122366925479900E-003  8.726677067605867E-003
  4.173072038663300E-003  8.726971721967298E-003
  4.224400824738800E-003  8.727273980668802E-003
  4.276360954883100E-003  8.727584028030035E-003
  4.328960194628200E-003  8.727902051794773E-003
  4.382206405022100E-003  8.728228243190075E-003
  4.436107543803900E-003  8.728562796992212E-003
  4.490671666592700E-003  8.728905911602705E-003
  4.545906928091800E-003  8.729257789129348E-003
  4.601821583307300E-003  8.729618635476758E-003
  4.658423988782000E-003  8.729988660443517E-003
  4.715722603844000E-003  8.730368077829067E-003
  4.773725991871300E-003  8.730757105545953E-003
  4.832442821571300E-003  8.731155965742237E-003
  4.891881868276600E-003  8.731564884929400E-003
  4.952052015256400E-003  8.731984094118836E-003
  5.012962255044100E-003  8.732413828965340E-003
  5.074621690781100E-003  8.732854329917919E-003
  5.137039537577700E-003  8.733305842375456E-003
  5.200225123889900E-003  8.733768616851757E-003
  5.264187892913800E-003  8.734242909144688E-003
  5.328937403996600E-003  8.734728980513194E-003
  5.394483334065800E-003  8.735227097857531E-003
  5.460835479074800E-003  8.735737533909101E-003
  5.528003755467400E-003  8.736260567422233E-003
  5.595998201659700E-003  8.736796483373447E-003
  5.664828979540100E-003  8.737345573166497E-003
  5.734506375988400E-003  8.737908134840674E-003
  5.805040804413100E-003  8.738484473285832E-003
  5.876442806307400E-003  8.739074900463337E-003
  5.948723052824900E-003  8.739679735630421E-003
  6.021892346374700E-003  8.740299305569818E-003
  6.095961622235100E-003  8.740933944827544E-003
  6.170941950188600E-003  8.741583995951836E-003
  6.246844536175900E-003  8.742249809740614E-003
  6.323680723970900E-003  8.742931745492550E-003
  6.401461996875700E-003  8.743630171265398E-003
  6.480199979437300E-003  8.744345464137614E-003
  6.559906439184400E-003  8.745078010478592E-003
  6.640593288386300E-003  8.745828206222777E-003
  6.722272585833500E-003  8.746596457149779E-003
  6.804956538639200E-003  8.747383179173285E-003
  6.888657504064500E-003  8.748188798632397E-003
  6.973387991364500E-003  8.749013752593541E-003
  7.059160663658300E-003  8.749858489156071E-003
  7.145988339821300E-003  8.750723467766565E-003
  7.233883996401100E-003  8.751609159539465E-003
  7.322860769556800E-003  8.752516047585413E-003
  7.412931957022300E-003  8.753444627346752E-003
  7.504111020093700E-003  8.754395406940877E-003
  7.596411585640900E-003  8.755368907512039E-003
  7.689847448144300E-003  8.756365663590483E-003
  7.784432571756400E-003  8.757386223460251E-003
  7.880181092388999E-003  8.758431149535010E-003
  7.977107319825399E-003  8.759501018744202E-003
  8.075225739859301E-003  8.760596422926526E-003
  8.174551016459501E-003  8.761717969233845E-003
  8.275097993962000E-003  8.762866280542833E-003
  8.376881699287700E-003  8.764041995879310E-003
  8.479917344189000E-003  8.765245770849034E-003
  8.584220327522500E-003  8.766478278081967E-003
  8.689806237550999E-003  8.767740207684168E-003
  8.796690854272900E-003  8.769032267702315E-003
  8.904890151780399E-003  8.770355184598917E-003
  9.014420300647299E-003  8.771709703737572E-003
  9.125297670345299E-003  8.773096589881591E-003
  9.237538831690600E-003  8.774516627703200E-003
  9.351160559320301E-003  8.775970622305566E-003
  9.466179834200001E-003  8.777459399755846E-003
  9.582613846160701E-003  8.778983807633886E-003
  9.700479996468401E-003  8.780544715591287E-003
  9.819795900424999E-003  8.782143015924478E-003
  9.940579390000200E-003  8.783779624163384E-003
  1.006284851649700E-002  8.785455479672057E-003
  1.018662155325000E-002  8.787171546263895E-003
  1.031191699835500E-002  8.788928812835035E-003
  1.043875357743500E-002  8.790728294008270E-003
  1.056715024643700E-002  8.792571030798172E-003
  1.069712619446900E-002  8.794458091282783E-003
  1.082870084666000E-002  8.796390571311640E-003
  1.096189386707400E-002  8.798369595199983E-003
  1.109672516163900E-002  8.800396316474734E-003
  1.123321488112800E-002  8.802471918612555E-003
  1.137138342416500E-002  8.804597615815275E-003
  1.151125144028300E-002  8.806774653780979E-003
  1.165283983299800E-002  8.809004310528402E-003
  1.179616976294400E-002  8.811287897205963E-003
  1.194126265102800E-002  8.813626758950095E-003
  1.208814018163600E-002  8.816022275746736E-003
  1.223682430587000E-002  8.818475863327650E-003
  1.238733724483200E-002  8.820988974079050E-003
  1.253970149294400E-002  8.823563097980335E-003
  1.269393982130700E-002  8.826199763569643E-003
  1.285007528110900E-002  8.828900538923672E-003
  1.300813120706700E-002  8.831667032674521E-003
  1.316813122091300E-002  8.834500895050714E-003
  1.333009923493100E-002  8.837403818934820E-003
  1.349405945552000E-002  8.840377540972902E-003
  1.366003638682300E-002  8.843423842683634E-003
  1.382805483438100E-002  8.846544551623561E-003
  1.399813990884400E-002  8.849741542567584E-003
  1.417031702972300E-002  8.853016738727635E-003
  1.434461192918800E-002  8.856372113004499E-003
  1.452105065591700E-002  8.859809689268501E-003
  1.469965957898500E-002  8.863331543684490E-003
  1.488046539180700E-002  8.866939806065470E-003
  1.506349511612600E-002  8.870636661267988E-003
  1.524877610605400E-002  8.874424350621508E-003
  1.543633605215900E-002  8.878305173402044E-003
  1.562620298560000E-002  8.882281488349514E-003
  1.581840528232300E-002  8.886355715215909E-003
  1.601297166729600E-002  8.890530336371692E-003
  1.620993121880400E-002  8.894807898448388E-003
  1.640931337279500E-002  8.899191014029946E-003
  1.661114792728000E-002  8.903682363391664E-003
  1.681546504678600E-002  8.908284696290038E-003
  1.702229526686100E-002  8.913000833806823E-003
  1.723166949864400E-002  8.917833670235881E-003
  1.744361903347700E-002  8.922786175039658E-003
  1.765817554758900E-002  8.927861394846123E-003
  1.787537110682400E-002  8.933062455518025E-003
  1.809523817143800E-002  8.938392564271263E-003
  1.831780960094700E-002  8.943855011863363E-003
  1.854311865903800E-002  8.949453174842742E-003
  1.877119901854400E-002  8.955190517860675E-003
  1.900208476647300E-002  8.961070596058746E-003
  1.923581040910000E-002  8.967097057525644E-003
  1.947241087713200E-002  8.973273645817298E-003
  1.971192153092100E-002  8.979604202566998E-003
  1.995437816575100E-002  8.986092670164154E-003
  2.019981701719000E-002  8.992743094513740E-003
  2.044827476650100E-002  8.999559627885088E-003
  2.069978854612900E-002  9.006546531838314E-003
  2.095439594524700E-002  9.013708180247200E-003
  2.121213501537300E-002  9.021049062411529E-003
  2.147304427606200E-002  9.028573786259538E-003
  2.173716272065800E-002  9.036287081657234E-003
  2.200452982212200E-002  9.044193803815010E-003
  2.227518553893400E-002  9.052298936797588E-003
  2.254917032106300E-002  9.060607597146733E-003
  2.282652511601200E-002  9.069125037615332E-003
  2.310729137493900E-002  9.077856651016866E-003
  2.339151105885100E-002  9.086807974197451E-003
  2.367922664487500E-002  9.095984692132320E-003
  2.397048113260700E-002  9.105392642151079E-003
  2.426531805053800E-002  9.115037818297986E-003
  2.456378146255900E-002  9.124926375831155E-003
  2.486591597454900E-002  9.135064635863530E-003
  2.517176674103600E-002  9.145459090158960E-003
  2.548137947195000E-002  9.156116406075448E-003
  2.579480043945500E-002  9.167043431671736E-003
  2.611207648486100E-002  9.178247200982988E-003
  2.643325502562400E-002  9.189734939466544E-003
  2.675838406244000E-002  9.201514069621016E-003
  2.708751218640800E-002  9.213592216803538E-003
  2.742068858630000E-002  9.225977215226269E-003
  2.775796305591200E-002  9.238677114158564E-003
  2.809938600150000E-002  9.251700184339930E-003
  2.844500844931800E-002  9.265054924601114E-003
  2.879488205324500E-002  9.278750068711282E-003
  2.914905910250000E-002  9.292794592460947E-003
  2.950759252946000E-002  9.307197720980827E-003
  2.987053591757300E-002  9.321968936311946E-003
  3.023794350935900E-002  9.337117985242029E-003
  3.060987021452400E-002  9.352654887403200E-003
  3.098637161816300E-002  9.368589943657982E-003
  3.136750398906600E-002  9.384933744776249E-003
  3.175332428813200E-002  9.401697180413122E-003
  3.214389017687600E-002  9.418891448409558E-003
  3.253926002605100E-002  9.436528064416142E-003
  3.293949292437200E-002  9.454618871861987E-003
  3.334464868734100E-002  9.473176052284066E-003
  3.375478786619600E-002  9.492212136018993E-003
  3.416997175695000E-002  9.511740013293102E-003
  3.459026240956000E-002  9.531772945704672E-003
  3.501572263719800E-002  9.552324578131896E-003
  3.544641602563500E-002  9.573408951078683E-003
  3.588240694275100E-002  9.595040513470390E-003
  3.632376054814700E-002  9.617234135932809E-003
  3.677054280288900E-002  9.640005124559028E-003
  3.722282047936400E-002  9.663369235197101E-003
  3.768066117126100E-002  9.687342688274540E-003
  3.814413330366700E-002  9.711942184189012E-003
  3.861330614330200E-002  9.737184919278016E-003
  3.908824980886500E-002  9.763088602408557E-003
  3.956903528151400E-002  9.789671472202522E-003
  4.005573441547600E-002  9.816952314929087E-003
  4.054841994878700E-002  9.844950483094542E-003
  4.104716551415700E-002  9.873685914763822E-003
  4.155204564998100E-002  9.903179153637030E-003
  4.206313581147600E-002  9.933451369925831E-003
  4.258051238195700E-002  9.964524382060197E-003
  4.310425268425500E-002  9.996420679262871E-003
  4.363443499227100E-002  1.002916344503493E-002
  4.417113854267600E-002  1.006277658159048E-002
  4.471444354675100E-002  1.009728473528792E-002
  4.526443120237600E-002  1.013271332310093E-002
  4.582118370616500E-002  1.016908856017976E-002
  4.638478426575100E-002  1.020643748855323E-002
  4.695531711222000E-002  1.024478800702628E-002
  4.753286751270000E-002  1.028416890232819E-002
  4.811752178310600E-002  1.032460988157123E-002
  4.870936730103900E-002  1.036614160608439E-002
  4.930849251884100E-002  1.040879572668814E-002
  4.991498697682300E-002  1.045260492047356E-002
  5.052894131663800E-002  1.049760292917181E-002
  5.115044729483300E-002  1.054382459917779E-002
  5.177959779655900E-002  1.059130592331914E-002
  5.241648684945700E-002  1.064008408444971E-002
  5.306120963770500E-002  1.069019750096531E-002
  5.371386251624900E-002  1.074168587432849E-002
  5.437454302519900E-002  1.079459023871177E-002
  5.504334990440900E-002  1.084895301285885E-002
  5.572038310823300E-002  1.090481805428002E-002
  5.640574382046400E-002  1.096223071589829E-002
  5.709953446945600E-002  1.102123790527215E-002
  5.780185874343000E-002  1.108188814652753E-002
  5.851282160597400E-002  1.114423164513535E-002
  5.923252931172800E-002  1.120832035568653E-002
  5.996108942226200E-002  1.127420805281783E-002
  6.069861082215600E-002  1.134195040545077E-002
  6.144520373526900E-002  1.141160505452341E-002
  6.220097974121200E-002  1.148323169439433E-002
  6.296605179202901E-002  1.155689215811280E-002
  6.374053422907100E-002  1.163265050676790E-002
  6.452454280008900E-002  1.171057312312546E-002
  6.531819467652999E-002  1.179072880979067E-002
  6.612160847105100E-002  1.187318889213597E-002
  6.693490425524500E-002  1.195802732625607E-002
  6.775820357758500E-002  1.204532081222281E-002
  6.859162948158901E-002  1.213514891293018E-002
  6.943530652421200E-002  1.222759417883592E-002
  7.028936079446001E-002  1.232274227892861E-002
  7.115391993223200E-002  1.242068213826493E-002
  7.202911314739900E-002  1.252150608244157E-002
  7.291507123911201E-002  1.262530998939471E-002
  7.381192661535300E-002  1.273219344893594E-002
  7.471981331272200E-002  1.284225993046611E-002
  7.563886701646801E-002  1.295561695933053E-002
  7.656922508077101E-002  1.307237630230791E-002
  7.751102654926401E-002  1.319265416276242E-002
  7.846441217581999E-002  1.331657138600851E-002
  7.942952444558300E-002  1.344425367548899E-002
  8.040650759626300E-002  1.357583182038992E-002
  8.139550763969700E-002  1.371144193536192E-002
  8.239667238366601E-002  1.385122571306396E-002
  8.341015145398500E-002  1.399533069028203E-002
  8.443609631686901E-002  1.414391052842810E-002
  8.547466030156600E-002  1.429712530928072E-002
  8.652599862327499E-002  1.445514184687493E-002
  8.759026840634200E-002  1.461813401651638E-002
  8.866762870774000E-002  1.478628310195385E-002
  8.975824054084500E-002  1.495977816180969E-002
  9.086226689949700E-002  1.513881641644785E-002
  9.197987278236100E-002  1.532360365652811E-002
  9.311122521758400E-002  1.551435467458388E-002
  9.425649328775999E-002  1.571129372104481E-002
  9.541584815520000E-002  1.591465498622528E-002
  9.658946308750900E-002  1.612468310989975E-002
  9.777751348348500E-002  1.634163372019096E-002
  9.898017689933200E-002  1.656577400362134E-002
  0.100197633075190       1.679738330829933E-002
  0.101430063962020       1.703675378233532E-002
  0.102677653748750       1.728419104976961E-002
  0.103940588889860       1.754001492635834E-002
  0.105219058133210       1.780456017785424E-002
  0.106513252548240       1.807817732348807E-002
  0.107823365554590       1.836123348757386E-002
  0.109149592950910       1.865411330246066E-002
  0.110492132944210       1.895721986607647E-002
  0.111851186179420       1.927097575777721E-002
  0.113226955769430       1.959582411626317E-002
  0.114619647325390       1.993222978376518E-002
  0.116029468987490       2.028068052084507E-002
  0.117456631456040       2.064168829660709E-002
  0.118901348022950       2.101579065935967E-002
  0.120363834603630       2.140355219315742E-002
  0.121844309769260       2.180556606606985E-002
  0.123342994779420       2.222245567643080E-002
  0.124860113615200       2.265487640372856E-002
  0.126395893012670       2.310351747136984E-002
  0.127950562496730       2.356910392902590E-002
  0.129524354415440       2.405239876280411E-002
  0.131117503974750       2.455420514216085E-002
  0.132730249273640       2.507536881309428E-002
  0.134362831339700       2.561678064785205E-002
  0.136015494165180       2.617937936214728E-002
  0.137688484743410       2.676415441174284E-002
  0.139382053105760       2.737214908104135E-002
  0.141096452358960       2.800446377740009E-002
  0.142831938722970       2.866225954576874E-002
  0.144588771569260       2.934676181947578E-002
  0.146367213459570       3.005926442409400E-002
  0.148167530185120       3.080113385263143E-002
  0.149989990806400       3.157381383160483E-002
  0.151834867693310       3.237883019918323E-002
  0.153702436565940       3.321779611797278E-002
  0.155592976535700       3.409241764697595E-002
  0.157506770147090       3.500449969886960E-002
  0.159444103419900       3.595595241095503E-002
  0.161405265891970       3.694879796014149E-002
  0.163390550662440       3.798517785472819E-002
  0.165400254435590       3.906736073817151E-002
  0.167434677565140       4.019775074281646E-002
  0.169494124099190       4.137889643432351E-002
  0.171578901825610       4.261350039081004E-002
  0.173689322318070       4.390442946389972E-002
  0.175825700982580       4.525472577263247E-002
  0.177988357104670       4.666761848494116E-002
  0.180177613897050       4.814653644571903E-002
  0.182393798547990       4.969512171478061E-002
  0.184637242270130       5.131724408311136E-002
  0.186908280350050       5.301701664064926E-002
  0.189207252198360       5.479881247469422E-002
  0.191534501400400       5.666728258382586E-002
  0.193890375767620       5.862737509859904E-002
  0.196275227389560       6.068435590721481E-002
  0.198689412686450       6.284383079163228E-002
  0.201133292462500       6.511176918738762E-002
  0.203607231959790       6.749452968885646E-002
  0.206111600912890       6.999888743049476E-002
  0.208646773604120       7.263206348426431E-002
  0.211213128919450       7.540175642354810E-002
  0.213811050405160       7.831617621457630E-002
  0.216440926325140       8.138408060802158E-002
  0.219103149718940       8.461481421542971E-002
  0.221798118460490       8.801835046817134E-002
  0.224526235317550       9.160533667011220E-002
  0.227287908011960       9.538714236953481E-002
  0.230083549280500       9.937591129115596E-002
  0.232913576936650       0.103584617084531     
  0.235778413932970       0.108027123162171     
  0.238678488424350       0.112718246917516     
  0.241614233831970       0.117673828631205     
  0.244586088908100       0.122910805392334     
  0.247594497801670       0.128447290380688     
  0.250639910124630       0.134302657875306     
  0.253722781019170       0.140497634374555     
  0.256843571225700       0.147054396232977     
  0.260002747151780       0.153996674239833     
  0.263200780941740       0.161349865584394     
  0.266438150547330       0.169141153671451     
  0.269715339799060       0.177399636269534     
  0.273032838478590       0.186156462490348     
  0.276391142391880       0.195444979113952     
  0.279790753443300       0.205300886786345     
  0.283232179710650       0.215762406626375     
  0.286715935521090       0.226870457784957     
  0.290242541528000       0.238668846501203     
  0.293812524788790       0.251204467196135     
  0.297426418843690       0.264527516134080     
  0.301084763795470       0.278691718163465     
  0.304788106390160       0.293754567020720     
  0.308537000098760       0.309777579642282     
  0.312332005199970       0.326826564878000     
  0.316173688863930       0.344971906932925     
  0.320062625236960       0.364288863780979     
  0.323999395527370       0.384857880690821     
  0.327984588092360       0.406764918879030     
  0.332018798525890       0.430101799155529     
  0.336102629747760       0.454966560246326     
  0.340236692093660       0.481463831268689     
  0.344421603406410       0.509705217586004     
  0.348657989128310       0.539809698983581     
  0.352946482394590       0.571904038775856     
  0.357287724128040       0.606123202075833     
  0.361682363134820       0.642610781025275     
  0.366131056201370       0.681519424293832     
  0.370634468192650       0.723011267600535     
  0.375193272151420       0.767258361391339     
  0.379808149398880       0.814443091109663     
  0.384479789636490       0.864758584726501     
  0.389208891049020       0.918409101341430     
  0.393996160408920       0.975610393724731     
  0.398842313181950        1.03659003664051     
  0.403748073634090        1.10158771166625     
  0.408714174939790        1.17085543800472     
  0.413741359291550        1.24465773746892     
  0.418830378010830        1.32327172040929     
  0.423981991660370        1.40698707784715     
  0.429196970157790        1.49610596348538     
  0.434476092890730        1.59094274758915     
  0.439820148833290        1.69182362298540     
  0.445229936663940        1.79908604162451     
  0.450706264884900        1.91307795831012     
  0.456249951942990        2.03415685635802     
  0.461861826351890        2.16268852812900     
  0.467542726816010        2.29904558163874     
  0.473293502355850        2.44360564284788     
  0.479115012434830        2.59674922184701     
  0.485008127087780        2.75885721007181     
  0.490973727050960        2.93030797503990     
  0.497012703893680        3.11147401902761     
  0.503125960151570        3.30271816878356     
  0.509314409461440        3.50438926501202     
  0.515578976697820        3.71681732318502     
  0.521920598111200        3.94030814153309     
  0.528340221467970        4.17513733811106     
  0.534838806192020        4.42154380694950     
  0.541417323508180        4.67972259379294     
  0.548076756587330        4.94981720509898     
  0.554818100693360        5.23191138004938     
  0.561642363331890        5.52602037447876     
  0.568550564400870        5.83208182785093     
  0.575543736343000        6.14994630954225     
  0.582622924300020        6.47936766828522     
  0.589789186268910        6.81999333797720     
  0.597043593260020        7.17135478315158     
  0.604387229457110        7.53285829695712     
  0.611821192379440        7.90377639201951     
  0.619346593045700        8.28324004857745     
  0.626964556140170        8.67023210339841     
  0.634676220180690        9.06358207622650     
  0.642482737688910        9.46196273727264     
  0.650385275362490        9.86388871956230     
  0.658385014249450        10.2677174740443     
  0.666483149924710        10.6716528536870     
  0.674680892668790        11.0737515954332     
  0.682979467648610        11.4719329452487     
  0.691380115100690        11.8639916398139     
  0.699884090516430        12.2476144153646     
  0.708492664829780        12.6204001541487     
  0.717207124607190        12.9798836934684     
  0.726028772239860        13.3235631990763     
  0.734958926138410        13.6489308280521     
  0.743998920929910        13.9535061597926     
  0.753150107657350        14.2348715487019     
  0.762413853981530        14.4907081646706     
  0.771791544385510        14.7188311029079     
  0.781284580381450        14.9172216984644     
  0.790894380720140        15.0840552672121     
  0.800622381603000        15.2177230925313     
  0.810470036896710        15.3168486069602     
  0.820438818350540        15.3802991134354     
  0.830530215816250        15.4071955090901     
  0.840745737470790        15.3969227375490     
  0.851086910041680        15.3491428445741     
  0.861555279035200        15.2638108184210     
  0.872152408967330        15.1411915454274     
  0.882879883597630        14.9818749309685     
  0.893739306165880        14.7867859311567     
  0.904732299631720        14.5571868559998     
  0.915860506917190        14.2946704512733     
  0.927125591152270        14.0011434817576     
  0.938529235923440        13.6788015004716     
  0.950073145525300        13.3300960839204     
  0.961759045215260        12.9576960855439     
  0.973588681471410        12.5644445157373     
  0.985563822253510        12.1533125988122     
  0.997686257267230        11.7273524526416     
   1.00995779823160        11.2896497187999     
   1.02238027914990        10.8432773500273     
   1.03495555658340        10.3912516368546     
   1.04768550992940        9.93649142188002     
   1.06057204170150        9.48178130546392     
   1.07361707781440        9.02973948957933     
   1.08682256787160        8.58279073966871     
   1.10019048545640        8.14314477154385     
   1.11372282842750        7.71278019739682     
   1.12742161921720        7.29343399808427     
   1.14128890513350        6.88659633393968     
   1.15532675866670        6.49351036910510     
   1.16953727779830        6.11517666912110     
   1.18392258631520        5.75236165261948     
   1.19848483412690        5.40560944707734     
   1.21322619758660        5.07525666024254     
   1.22814887981690        4.76144916502193     
   1.24325511103870        4.46416062558309     
   1.25854714890450        4.18321186346932     
   1.27402727883600        3.91829066606428     
   1.28969781436570        3.66897152868483     
   1.30556109748240        3.43473492085480     
   1.32161949898140        3.21498574227237     
   1.33787541881890        3.00907070913590     
   1.35433128647030        2.81629448346304     
   1.37098956129390        2.63593442405032     
   1.38785273289780        2.46725389563982     
   1.40492332151250        2.30951412110206     
   1.42220387836710        2.16198459920272     
   1.43969698607100        2.02395213745627     
   1.45740525899970        1.89472856608104     
   1.47533134368540        1.77365720601220     
   1.49347791921270        1.66011816276211     
   1.51184769761900        1.55353251053640     
   1.53044342429970        1.45336541971517     
   1.54926787841860        1.35912826818079     
   1.56832387332320        1.27037976572789     
   1.58761425696500        1.18672611354761     
   1.60714191232570        1.10782021981553     
   1.62690975784730        1.03335999934463     
   1.64692074786880       0.963085800702556     
   1.66717787306760       0.896777027544378     
   1.68768416090640       0.834248050186252     
   1.70844267608550       0.775343535466078     
   1.72945652100140       0.719933353678279     
   1.75072883620970       0.667907246609430     
   1.77226280089510       0.619169456690908     
   1.79406163334610       0.573633521390952     
   1.81612859143620       0.531217427963619     
   1.83846697311090       0.491839301856076     
   1.86108011688020       0.455413769043050     
   1.88397140231780       0.421849090934937     
   1.90714425056630       0.391045123158013     
   1.93060212484830       0.362892105551814     
   1.95434853098390       0.337270229017769     
   1.97838701791500       0.314049910580750     
   2.00272117823530       0.293092651503171     
   2.02735464872760       0.274252341511353     
   2.05229111090700       0.257376857356429     
   2.07753429157110       0.242309803286137     
   2.10308796335750       0.228892258258752     
   2.12895594530680       0.216964442262245     
   2.15514210343400       0.206367306666403     
   2.18165035130630       0.196944188889271     
   2.20848465062730       0.188542799216209     
   2.23564901183010       0.181017822516344     
   2.26314749467560       0.174234227807335     
   2.29098420886010       0.168071008552404     
   2.31916331462910       0.162424648716737     
   2.34768902339900       0.157211309997144     
   2.37656559838680       0.152366553588530     
   2.40579735524700       0.147840449326131     
   2.43538866271650       0.143590732163282     
   2.46534394326790       0.139579187543316     
   2.49566767377010       0.135771866438345     
   2.52636438615750       0.132138718043236     
   2.55743866810720       0.128653231274012     
   2.58889516372490       0.125292166742309     
   2.62073857423870       0.122035281463209     
   2.65297365870190       0.118865068872762     
   2.68560523470390       0.115766513832778     
   2.71863817909080       0.112726863233452     
   2.75207742869360       0.109735412097653     
   2.78592798106650       0.106783304850999     
   2.82019489523360       0.103863350940164     
   2.85488329244500       0.100969854006770     
   2.88999835694210       9.809845361492565E-002
   2.92554533673250       9.524597877165579E-002
   2.96152954437430       9.241031230887319E-002
   2.99795635777010       8.959026542625591E-002
   3.03483122097070       8.678546172682032E-002
   3.07215964498860       8.399623001994290E-002
   3.10994720862200       8.122350528100093E-002
   3.14819955928800       7.846873725559869E-002
   3.18692241386730       7.573380625245540E-002
   3.22612155955780       7.302094566064733E-002
   3.26580285474040       7.033267076704280E-002
   3.30597222985370       6.767171342741790E-002
   3.34663568828090       6.504096239843860E-002
   3.38779930724670       6.244340885744359E-002
   3.42946923872590       5.988209683990262E-002
   3.47165171036220       5.736007831889804E-002
   3.51435302639970       5.488037270402836E-002
   3.55757956862440       5.244593040982470E-002
   3.60133779731850       5.005960037899174E-002
   3.64563425222550       4.772410130530080E-002
   3.69047555352780       4.544199640140877E-002
   3.73586840283620       4.321567143746835E-002
   3.78181958419110       4.104731608301675E-002
   3.82833596507670       3.893890829702065E-002
   3.87542449744710       3.689220167020294E-002
   3.92309221876570       3.490871564768919E-002
   3.97134625305650       3.298972847507281E-002
   4.02019381196910       3.113627288061072E-002
   4.06964219585640       2.934913428730305E-002
   4.11969879486540       2.762885150082387E-002
   4.17037109004220       2.597571968837166E-002
   4.22166665444970       2.438979558886412E-002
   4.27359315429950       2.287090477653248E-002
   4.32615835009740       2.141865075907501E-002
   4.37937009780360       2.003242574089907E-002
   4.43323635000650       1.871142285137685E-002
   4.48776515711160       1.745464959429402E-002
   4.54296466854410       1.626094232616551E-002
   4.59884313396720       1.512898144769122E-002
   4.65540890451500       1.405730715124947E-002
   4.71267043404050       1.304433545596065E-002
   4.77063628037920       1.208837432772560E-002
   4.82931510662790       1.118763967705449E-002
   4.88871568243940       1.034027104677204E-002
   4.94884688533340       9.544346821716631E-003
   5.00971770202300       8.797898829356858E-003
   5.07133722975790       8.098926198547712E-003
   5.13371467768390       7.445408399355766E-003
   5.19685936821940       6.835317381707345E-003
   5.26078073844850       6.266628740142641E-003
   5.32548834153140       5.737331895812763E-003
   5.39099184813230       5.245439279988208E-003
   5.45730104786430       4.788994516941755E-003
   5.52442585075300       4.366079628867122E-003
   5.59237628871730       3.974821266799025E-003
   5.66116251706850       3.613396038954826E-003
   5.73079481602850       3.280034974752071E-003
   5.80128359226560       2.973027162866958E-003
   5.87263938045050       2.690722642026211E-003
   5.94487284483000       2.431534591408726E-003
   6.01799478082140       2.193940881108046E-003
   6.09201611662550       1.976485058709591E-003
   6.16694791486000       1.777776829752292E-003
   6.24280137421280       1.596492070822761E-003
   6.31958783111560       1.431372460770285E-003
   6.39731876143830       1.281224760529473E-003
   6.47600578220400       1.144919801347217E-003
   6.55566065332510       1.021391227333031E-003
   6.63629527936100       9.096340251962552E-004
   6.71792171129720       8.087028768467865E-004
   6.80055214834610       7.177103772425062E-004
   6.88419893977080       6.358251357611038E-004
   6.96887458673000       5.622697871578455E-004
   7.05459174414680       4.963189364277089E-004
   7.14136322259980       4.372970515436785E-004
   7.22920199023770       3.845763243279262E-004
   7.31812117471770       3.375745106662559E-004
   7.40813406516670       2.957527603032390E-004
   7.49925411416820       2.586134508337364E-004
   7.59149493977250       2.256980324110677E-004
   7.68487032753170       1.965848952599558E-004
   7.77939423256040       1.708872648549874E-004
   7.87508078162080       1.482511316931511E-004
   7.97194427523480       1.283532263530001E-004
   8.06999918982020       1.108990429603137E-004
   8.16926017985500       9.562091652574105E-005
   8.26974208006720       8.227616236613562E-005
   8.37145990765200       7.064527956010652E-005
   8.47442886451610       6.053022376938949E-005
   8.57866433954970       5.175275275353855E-005
   8.68418191092610       4.415284748558967E-005
   8.79099734843050       3.758721077909955E-005
   8.89912661581620       3.192784541231541E-005
   9.00858587319080       2.706071253155556E-005
   9.11939147943100       2.288447063904843E-005
   9.23155999462800       1.930929427005733E-005
   9.34510818256190       1.625577210982815E-005
   9.46005301320740       1.365388271933976E-005
   9.57641166526990       1.144204608020957E-005
   9.69420152875270       9.566248495083703E-006
   9.81344020755640       7.979238110489394E-006
   9.93414552210930       6.639788137681850E-006
   10.0563355120310       5.512024463103531E-006
   10.1800284388290       4.564814185807949E-006
   10.3052427886270       3.771211621636556E-006
   10.4319972749270       3.107958048951503E-006
   10.5603108414090       2.555031604641771E-006
   10.6902026647580       2.095243711952504E-006
   10.8216921575340       1.713878483284820E-006
   10.9547989710720       1.398371608581234E-006
   11.0895429984160       1.138025360590364E-006
   11.2259443772970       9.237565473846629E-007
   11.3640234931380       7.478743408439090E-007
   11.5038009821030       6.038850874262970E-007
   11.6452977341830       4.863214020187253E-007
   11.7885348963130       3.905930217658037E-007
   11.9335338755380       3.128570801245937E-007
   12.0803163422070       2.499056452343063E-007
   12.2289042332160       1.990685467679748E-007
   12.3793197552850       1.581296900628284E-007
   12.5315853882750       1.252552228196521E-007
   12.6857238885510       9.893207863920831E-008
   12.8417582923800       7.791557186855423E-008
   12.9997119193760       6.118485798944755E-008
   13.1596083759840       4.790520408370646E-008
   13.3214715590090       3.739613398287228E-008
   13.4853256591850       2.910462257908804E-008
   13.6511951647930       2.258261412248033E-008
   13.8191048653200       1.746823001452531E-008
   13.9890798551630       1.347011331559837E-008
   14.1611455373820       1.035443031761905E-008
   14.3353276274920       7.934114759636925E-009
   14.5116521573100       6.059998082407892E-009
   14.6901454788450       4.613519992714572E-009
   14.8708342682340       3.500758444836809E-009
   15.0537455297340       2.647557143137841E-009
   15.2389065997490       1.995562680038519E-009
   15.4263451509260       1.499012812043061E-009
   15.6160891962830       1.122142715999363E-009
   15.8081670933970       8.370977820513599E-010
   16.0026075486460       6.222600651239595E-010
   16.1994396214940       4.609112780775914E-010
   16.3986927288380       3.401685476397336E-010
   16.6003966494030       2.501404152101301E-010
   16.8045815281910       1.832599927094705E-010
   17.0112778809880       1.337600650560132E-010
   17.2205165989240       9.726149169437774E-011
   17.4323289530910       7.045168569016564E-011
   17.6467465992140       5.083442761204111E-011
   17.8638015823840       3.653594685277276E-011
   18.0835263418470       2.615520837626640E-011
   18.3059537158520       1.864878800728372E-011
   18.5311169465570       1.324270128150295E-011
   18.7590496850000       9.365150008631359E-012
   18.9897859961250       6.595434739830342E-012
   19.2233603638770       4.625308501800127E-012
   19.4598076963530       3.229864684083379E-012
   19.6991633310180       2.245700074218013E-012
   19.9414630399900       1.554605269783325E-012
   20.1867430353820       1.071436217408183E-012
   20.4350399747170       7.351345808569087E-013
   20.6863909664060       5.021089330028710E-013
   20.9408335752930       3.413779843188323E-013
   21.1984058282690       2.310229415596129E-013
   21.4591462199560       1.556080200274500E-013
   21.7230937184620       1.043136128565385E-013
   21.9902877711990       6.959156488730936E-014
   22.2607683107850       4.620118403994427E-014
   22.5345757610070       3.052133132377920E-014
   22.8117510428680       2.006235582544785E-014
   23.0923355806950       1.312088672571536E-014
   23.3763713083380       8.537301741579926E-015
   23.6639006754300       5.526203504410310E-015
   23.9549666537380       3.558395253731544E-015
   24.2496127435790       2.279158345163059E-015
   24.5478829803250       1.451975863274329E-015
   24.8498219409830       9.199836622102442E-016
   25.1554747508570       5.797056482583387E-016
   25.4648870902930       3.632554748903689E-016
   25.7781052015030       2.263414961897499E-016
   26.0951758954820       1.402275553347787E-016
   26.4161465589960       8.637521231229763E-017
   26.7410651616720       5.289328235405596E-017
   27.0699802631600       3.219854114974364E-017
   27.4029410203970       1.948338591279936E-017
   27.7399971949480       1.171798994293496E-017
   28.0811991604460       6.997386457741338E-018
   28.4265979101190       4.156802464703230E-018
   28.7762450644140       2.453829260525287E-018
   29.1301928787060       1.439318754009112E-018
   29.4884942511140       8.388091538139692E-019
   29.8512027304030       4.856554802216056E-019
   30.2183725239870       2.793298676129978E-019
   30.5900585060320       1.595860656201275E-019
   30.9663162256560       9.055766020957265E-020
   31.3472019152320       5.103542407849153E-020
   31.7327724987890       2.856260415969676E-020
   32.1230856005240       1.587326197576644E-020
   32.5181995534110       8.758690614136622E-021
   32.9181734079170       4.798203345540423E-021
   33.3230669408350       2.609431748134199E-021
   33.7329406642070       1.408646281364416E-021
   34.1478558343770       7.547568889616704E-022
   34.5678744611400       4.013481361539729E-022
   34.9930593170120       2.117892242915739E-022
   35.4234739466110       1.108954737239366E-022
   35.8591826761540       5.761154573673957E-023
   36.3002506230710       2.969264307503223E-023
   36.7467437057350       1.518060791372100E-023
   37.1987286533150       7.698165870681267E-024
   37.6562730157510       3.871679885934081E-024
   38.1194451738450       1.930996260302762E-024
   38.5883143494830       9.549671184551495E-025
   39.0629506159820       4.682470181315344E-025
   39.5434249085580       2.276120723953015E-025
   40.0298090349340       1.096737548336349E-025
   40.5221756860630       5.237815222002491E-026
   41.0205984470020       2.479076797760251E-026
   41.5251518079000       1.162716512625834E-026
   42.0359111751370       5.403222481575908E-027
   42.5529528825910       2.487582504439426E-027
   43.0763542030470       1.134482049485725E-027
   43.6061933597450       5.124629613781092E-028
   44.1425495380690       2.292559644092451E-028
   44.6855028973880       1.015593823427201E-028
   45.2351345830260       4.454592509910803E-029
   45.7915267383970       1.934332152202078E-029
   46.3547625172790       8.314481899265713E-030
   46.9249260962420       3.537249203786272E-030
   47.5021026872250       1.489247914036668E-030
   48.0863785502780       6.204161141576205E-031
   48.6778410064470       2.557154672997636E-031
   49.2765784508260       1.042632350856334E-031
   49.8826803657710       4.204819317807880E-032
   50.4962373342700       1.677051322155921E-032
   51.1173410534820       6.614064282907095E-033
   51.7460843484390       2.579009356940784E-033
   52.3825611859250       9.941192812726667E-034
   53.0268666885120       3.787590220567224E-034
   53.6790971487810       1.426144140275133E-034
   54.3393500437110       5.306107275549517E-035
   55.0077240492490       1.950456177770850E-035
   55.6843190550540       7.082368095905716E-036
   56.3692361794310       2.540017046030670E-036
   57.0625777844380       8.995875945685195E-037
   57.7644474911870       3.145798854025709E-037
   58.4749501953290       1.086000901831072E-037
   59.1941920827310       3.700593118744566E-038
   59.9222806453490       1.244467539269369E-038
   60.6593246972870       4.129477963422038E-039
   61.4054343910630       1.351861486102782E-039
   62.1607212340730       4.365374963101144E-040
   62.9252981052520       1.390182283975067E-040
   63.6992792719470       4.365550407219005E-041
   64.4827804069920       0.000000000000000E+000
   65.2759186059980       0.000000000000000E+000
   66.0788124048520       0.000000000000000E+000
   66.8915817974310       0.000000000000000E+000
   67.7143482535400       0.000000000000000E+000
   68.5472347370580       0.000000000000000E+000
   69.3903657243240       0.000000000000000E+000
   70.2438672227330       0.000000000000000E+000
   71.1078667895730       0.000000000000000E+000
   71.9824935510850       0.000000000000000E+000
   72.8678782217630       0.000000000000000E+000
   73.7641531238910       0.000000000000000E+000
   74.6714522073150       0.000000000000000E+000
   75.5899110694640       0.000000000000000E+000
   76.5196669756190       0.000000000000000E+000
   77.4608588794190       0.000000000000000E+000
   78.4136274436360       0.000000000000000E+000
   79.3781150611930       0.000000000000000E+000
