  2.976190E-04  5.828090E+01
  3.012798E-04  5.828060E+01
  3.049855E-04  5.828029E+01
  3.087368E-04  5.827997E+01
  3.125343E-04  5.827864E+01
  3.163785E-04  5.827728E+01
  3.202699E-04  5.827588E+01
  3.242092E-04  5.827445E+01
  3.281970E-04  5.827299E+01
  3.322338E-04  5.827149E+01
  3.363203E-04  5.826997E+01
  3.404570E-04  5.826843E+01
  3.446447E-04  5.826685E+01
  3.488838E-04  5.826525E+01
  3.531751E-04  5.826363E+01
  3.575191E-04  5.826198E+01
  3.619166E-04  5.826030E+01
  3.663682E-04  5.825861E+01
  3.708745E-04  5.825689E+01
  3.754363E-04  5.825514E+01
  3.800541E-04  5.825338E+01
  3.847288E-04  5.825159E+01
  3.894610E-04  5.824977E+01
  3.942513E-04  5.824794E+01
  3.991006E-04  5.824608E+01
  4.040096E-04  5.824420E+01
  4.089789E-04  5.824230E+01
  4.140093E-04  5.824037E+01
  4.191016E-04  5.823842E+01
  4.242566E-04  5.823645E+01
  4.294749E-04  5.823446E+01
  4.347575E-04  5.823244E+01
  4.401050E-04  5.823040E+01
  4.455183E-04  5.822834E+01
  4.509982E-04  5.822625E+01
  4.565454E-04  5.822415E+01
  4.621610E-04  5.822201E+01
  4.678455E-04  5.821986E+01
  4.736000E-04  5.821768E+01
  4.794253E-04  5.821548E+01
  4.853222E-04  5.821326E+01
  4.912917E-04  5.821102E+01
  4.973346E-04  5.820875E+01
  5.034518E-04  5.820647E+01
  5.096443E-04  5.820416E+01
  5.159129E-04  5.820183E+01
  5.222586E-04  5.819948E+01
  5.286824E-04  5.819710E+01
  5.351852E-04  5.819471E+01
  5.417680E-04  5.819231E+01
  5.484317E-04  5.818988E+01
  5.551774E-04  5.818743E+01
  5.620061E-04  5.818497E+01
  5.689188E-04  5.818250E+01
  5.759165E-04  5.818001E+01
  5.830003E-04  5.817750E+01
  5.901712E-04  5.817499E+01
  5.974303E-04  5.817246E+01
  6.047787E-04  5.816993E+01
  6.122174E-04  5.816739E+01
  6.197477E-04  5.816484E+01
  6.273706E-04  5.816229E+01
  6.350873E-04  5.815974E+01
  6.428988E-04  5.815718E+01
  6.508065E-04  5.815464E+01
  6.588114E-04  5.815209E+01
  6.669148E-04  5.814956E+01
  6.751179E-04  5.814704E+01
  6.834218E-04  5.814453E+01
  6.918279E-04  5.814204E+01
  7.003374E-04  5.813957E+01
  7.089515E-04  5.813713E+01
  7.176716E-04  5.813472E+01
  7.264990E-04  5.813234E+01
  7.354349E-04  5.813000E+01
  7.444808E-04  5.812770E+01
  7.536379E-04  5.812546E+01
  7.629076E-04  5.812326E+01
  7.722914E-04  5.812113E+01
  7.817906E-04  5.811906E+01
  7.914066E-04  5.811706E+01
  8.011409E-04  5.811514E+01
  8.109949E-04  5.811331E+01
  8.209702E-04  5.811157E+01
  8.310681E-04  5.810993E+01
  8.412902E-04  5.810841E+01
  8.516381E-04  5.810700E+01
  8.621133E-04  5.810572E+01
  8.727173E-04  5.810458E+01
  8.834517E-04  5.810359E+01
  8.943181E-04  5.810276E+01
  9.053183E-04  5.810210E+01
  9.164537E-04  5.810162E+01
  9.277260E-04  5.810134E+01
  9.391371E-04  5.810127E+01
  9.506885E-04  5.810142E+01
  9.623819E-04  5.810181E+01
  9.742192E-04  5.810245E+01
  9.862021E-04  5.810336E+01
  9.983324E-04  5.810456E+01
  1.010612E-03  5.810605E+01
  1.023042E-03  5.810788E+01
  1.035626E-03  5.811004E+01
  1.048364E-03  5.811256E+01
  1.061259E-03  5.811546E+01
  1.074312E-03  5.811877E+01
  1.087526E-03  5.812251E+01
  1.100903E-03  5.812669E+01
  1.114444E-03  5.813135E+01
  1.128152E-03  5.813652E+01
  1.142028E-03  5.814221E+01
  1.156075E-03  5.814846E+01
  1.170295E-03  5.815529E+01
  1.184689E-03  5.816274E+01
  1.199261E-03  5.817085E+01
  1.214012E-03  5.817963E+01
  1.228944E-03  5.818913E+01
  1.244060E-03  5.819938E+01
  1.259362E-03  5.821043E+01
  1.274852E-03  5.822230E+01
  1.290533E-03  5.823504E+01
  1.306407E-03  5.824869E+01
  1.322475E-03  5.826330E+01
  1.338742E-03  5.827890E+01
  1.355208E-03  5.829555E+01
  1.371877E-03  5.831330E+01
  1.388752E-03  5.833218E+01
  1.405833E-03  5.835226E+01
  1.423125E-03  5.837359E+01
  1.440629E-03  5.839622E+01
  1.458349E-03  5.842021E+01
  1.476287E-03  5.844562E+01
  1.494445E-03  5.847251E+01
  1.512827E-03  5.850094E+01
  1.531435E-03  5.853097E+01
  1.550271E-03  5.856267E+01
  1.569340E-03  5.859612E+01
  1.588642E-03  5.863137E+01
  1.608183E-03  5.866850E+01
  1.627963E-03  5.870758E+01
  1.647987E-03  5.874869E+01
  1.668258E-03  5.879190E+01
  1.688777E-03  5.883730E+01
  1.709549E-03  5.888496E+01
  1.730577E-03  5.893497E+01
  1.751863E-03  5.898741E+01
  1.773411E-03  5.904236E+01
  1.795224E-03  5.909991E+01
  1.817305E-03  5.916014E+01
  1.839658E-03  5.922315E+01
  1.862285E-03  5.928903E+01
  1.885192E-03  5.935786E+01
  1.908379E-03  5.942973E+01
  1.931852E-03  5.950473E+01
  1.955614E-03  5.958296E+01
  1.979668E-03  5.966451E+01
  2.004018E-03  5.974946E+01
  2.028668E-03  5.983790E+01
  2.053620E-03  5.992992E+01
  2.078880E-03  6.002560E+01
  2.104450E-03  6.012504E+01
  2.130335E-03  6.022829E+01
  2.156538E-03  6.033545E+01
  2.183063E-03  6.044659E+01
  2.209915E-03  6.056177E+01
  2.237097E-03  6.068105E+01
  2.264613E-03  6.080449E+01
  2.292468E-03  6.093214E+01
  2.320665E-03  6.106404E+01
  2.349210E-03  6.120021E+01
  2.378105E-03  6.134068E+01
  2.407355E-03  6.148546E+01
  2.436966E-03  6.163454E+01
  2.466941E-03  6.178791E+01
  2.497284E-03  6.194553E+01
  2.528001E-03  6.210735E+01
  2.559095E-03  6.227331E+01
  2.590572E-03  6.244331E+01
  2.622436E-03  6.261726E+01
  2.654692E-03  6.279501E+01
  2.687345E-03  6.297642E+01
  2.720399E-03  6.316129E+01
  2.753860E-03  6.334943E+01
  2.787732E-03  6.354060E+01
  2.822021E-03  6.373453E+01
  2.856732E-03  6.393091E+01
  2.891870E-03  6.412943E+01
  2.927440E-03  6.432971E+01
  2.963448E-03  6.453135E+01
  2.999898E-03  6.473394E+01
  3.036797E-03  6.493699E+01
  3.074149E-03  6.514002E+01
  3.111961E-03  6.534248E+01
  3.150238E-03  6.554382E+01
  3.188986E-03  6.574344E+01
  3.228211E-03  6.594072E+01
  3.267918E-03  6.613502E+01
  3.308113E-03  6.632566E+01
  3.348803E-03  6.651198E+01
  3.389993E-03  6.669326E+01
  3.431690E-03  6.686882E+01
  3.473900E-03  6.703795E+01
  3.516629E-03  6.719995E+01
  3.559884E-03  6.735414E+01
  3.603670E-03  6.749985E+01
  3.647995E-03  6.763644E+01
  3.692866E-03  6.776330E+01
  3.738288E-03  6.787987E+01
  3.784269E-03  6.798561E+01
  3.830815E-03  6.808007E+01
  3.877934E-03  6.816281E+01
  3.925633E-03  6.823350E+01
  3.973918E-03  6.829184E+01
  4.022797E-03  6.833761E+01
  4.072278E-03  6.837068E+01
  4.122367E-03  6.839096E+01
  4.173072E-03  6.839845E+01
  4.224401E-03  6.839321E+01
  4.276361E-03  6.837540E+01
  4.328960E-03  6.834520E+01
  4.382206E-03  6.830289E+01
  4.436108E-03  6.824878E+01
  4.490672E-03  6.818325E+01
  4.545907E-03  6.810673E+01
  4.601822E-03  6.801967E+01
  4.658424E-03  6.792257E+01
  4.715723E-03  6.781597E+01
  4.773726E-03  6.770041E+01
  4.832443E-03  6.757645E+01
  4.891882E-03  6.744469E+01
  4.952052E-03  6.730570E+01
  5.012962E-03  6.716007E+01
  5.074622E-03  6.700840E+01
  5.137040E-03  6.685124E+01
  5.200225E-03  6.668919E+01
  5.264188E-03  6.652278E+01
  5.328937E-03  6.635257E+01
  5.394483E-03  6.617907E+01
  5.460835E-03  6.600278E+01
  5.528004E-03  6.582419E+01
  5.595998E-03  6.564376E+01
  5.664829E-03  6.546193E+01
  5.734506E-03  6.527911E+01
  5.805041E-03  6.509569E+01
  5.876443E-03  6.491204E+01
  5.948723E-03  6.472852E+01
  6.021892E-03  6.454544E+01
  6.095962E-03  6.436311E+01
  6.170942E-03  6.418181E+01
  6.246845E-03  6.400180E+01
  6.323681E-03  6.382334E+01
  6.401462E-03  6.364663E+01
  6.480200E-03  6.347189E+01
  6.559906E-03  6.329931E+01
  6.640593E-03  6.312906E+01
  6.722273E-03  6.296129E+01
  6.804957E-03  6.279615E+01
  6.888658E-03  6.263377E+01
  6.973388E-03  6.247426E+01
  7.059161E-03  6.231773E+01
  7.145988E-03  6.216427E+01
  7.233884E-03  6.201396E+01
  7.322861E-03  6.186686E+01
  7.412932E-03  6.172304E+01
  7.504111E-03  6.158254E+01
  7.596412E-03  6.144542E+01
  7.689847E-03  6.131169E+01
  7.784433E-03  6.118139E+01
  7.880181E-03  6.105454E+01
  7.977107E-03  6.093114E+01
  8.075226E-03  6.081120E+01
  8.174551E-03  6.069472E+01
  8.275098E-03  6.058169E+01
  8.376882E-03  6.047209E+01
  8.479917E-03  6.036592E+01
  8.584220E-03  6.026313E+01
  8.689806E-03  6.016372E+01
  8.796691E-03  6.006764E+01
  8.904890E-03  5.997486E+01
  9.014420E-03  5.988533E+01
  9.125298E-03  5.979903E+01
  9.237539E-03  5.971589E+01
  9.351161E-03  5.963587E+01
  9.466180E-03  5.955892E+01
  9.582614E-03  5.948498E+01
  9.700480E-03  5.941399E+01
  9.819796E-03  5.934590E+01
  9.940579E-03  5.928065E+01
  1.006285E-02  5.921817E+01
  1.018662E-02  5.915839E+01
  1.031192E-02  5.910126E+01
  1.043875E-02  5.904670E+01
  1.056715E-02  5.899465E+01
  1.069713E-02  5.894504E+01
  1.082870E-02  5.889779E+01
  1.096189E-02  5.885284E+01
  1.109673E-02  5.881013E+01
  1.123321E-02  5.876957E+01
  1.137138E-02  5.873110E+01
  1.151125E-02  5.869464E+01
  1.165284E-02  5.866014E+01
  1.179617E-02  5.862752E+01
  1.194126E-02  5.859670E+01
  1.208814E-02  5.856763E+01
  1.223682E-02  5.854023E+01
  1.238734E-02  5.851444E+01
  1.253970E-02  5.849019E+01
  1.269394E-02  5.846742E+01
  1.285008E-02  5.844606E+01
  1.300813E-02  5.842605E+01
  1.316813E-02  5.840734E+01
  1.333010E-02  5.838985E+01
  1.349406E-02  5.837354E+01
  1.366004E-02  5.835834E+01
  1.382805E-02  5.834421E+01
  1.399814E-02  5.833108E+01
  1.417032E-02  5.831890E+01
  1.434461E-02  5.830763E+01
  1.452105E-02  5.829721E+01
  1.469966E-02  5.828760E+01
  1.488047E-02  5.827875E+01
  1.506350E-02  5.827062E+01
  1.524878E-02  5.826316E+01
  1.543634E-02  5.825633E+01
  1.562620E-02  5.825010E+01
  1.581841E-02  5.824443E+01
  1.601297E-02  5.823927E+01
  1.620993E-02  5.823460E+01
  1.640931E-02  5.823039E+01
  1.661115E-02  5.822659E+01
  1.681547E-02  5.822318E+01
  1.702230E-02  5.822014E+01
  1.723167E-02  5.821743E+01
  1.744362E-02  5.821503E+01
  1.765818E-02  5.821291E+01
  1.787537E-02  5.821105E+01
  1.809524E-02  5.820943E+01
  1.831781E-02  5.820803E+01
  1.854312E-02  5.820682E+01
  1.877120E-02  5.820579E+01
  1.900208E-02  5.820493E+01
  1.923581E-02  5.820421E+01
  1.947241E-02  5.820361E+01
  1.971192E-02  5.820314E+01
  1.995438E-02  5.820276E+01
  2.019982E-02  5.820247E+01
  2.044827E-02  5.820225E+01
  2.069979E-02  5.820210E+01
  2.095440E-02  5.820200E+01
  2.121214E-02  5.820194E+01
  2.147304E-02  5.820192E+01
  2.173716E-02  5.820192E+01
  2.200453E-02  5.820194E+01
  2.227519E-02  5.820196E+01
  2.254917E-02  5.820199E+01
  2.282653E-02  5.820202E+01
  2.310729E-02  5.820203E+01
  2.339151E-02  5.820203E+01
  2.367923E-02  5.820201E+01
  2.397048E-02  5.820196E+01
  2.426532E-02  5.820188E+01
  2.456378E-02  5.820176E+01
  2.486592E-02  5.820160E+01
  2.517177E-02  5.820140E+01
  2.548138E-02  5.820115E+01
  2.579480E-02  5.820085E+01
  2.611208E-02  5.820050E+01
  2.643326E-02  5.820009E+01
  2.675838E-02  5.819962E+01
  2.708751E-02  5.819909E+01
  2.742069E-02  5.819849E+01
  2.775796E-02  5.819782E+01
  2.809939E-02  5.819709E+01
  2.844501E-02  5.819628E+01
  2.879488E-02  5.819540E+01
  2.914906E-02  5.819444E+01
  2.950759E-02  5.819340E+01
  2.987054E-02  5.819228E+01
  3.023794E-02  5.819108E+01
  3.060987E-02  5.818979E+01
  3.098637E-02  5.818841E+01
  3.136750E-02  5.818694E+01
  3.175332E-02  5.818538E+01
  3.214389E-02  5.818373E+01
  3.253926E-02  5.818198E+01
  3.293949E-02  5.818013E+01
  3.334465E-02  5.817818E+01
  3.375479E-02  5.817613E+01
  3.416997E-02  5.817397E+01
  3.459026E-02  5.817170E+01
  3.501572E-02  5.816932E+01
  3.544642E-02  5.816682E+01
  3.588241E-02  5.816421E+01
  3.632376E-02  5.816148E+01
  3.677054E-02  5.815862E+01
  3.722282E-02  5.815564E+01
  3.768066E-02  5.815252E+01
  3.814413E-02  5.814928E+01
  3.861331E-02  5.814589E+01
  3.908825E-02  5.814237E+01
  3.956904E-02  5.813870E+01
  4.005573E-02  5.813488E+01
  4.054842E-02  5.813091E+01
  4.104717E-02  5.812678E+01
  4.155205E-02  5.812249E+01
  4.206314E-02  5.811803E+01
  4.258051E-02  5.811340E+01
  4.310425E-02  5.810860E+01
  4.363443E-02  5.810361E+01
  4.417114E-02  5.809843E+01
  4.471444E-02  5.809307E+01
  4.526443E-02  5.808750E+01
  4.582118E-02  5.808173E+01
  4.638478E-02  5.807574E+01
  4.695532E-02  5.806954E+01
  4.753287E-02  5.806312E+01
  4.811752E-02  5.805646E+01
  4.870937E-02  5.804956E+01
  4.930849E-02  5.804242E+01
  4.991499E-02  5.803502E+01
  5.052894E-02  5.802736E+01
  5.115045E-02  5.801943E+01
  5.177960E-02  5.801122E+01
  5.241649E-02  5.800272E+01
  5.306121E-02  5.799393E+01
  5.371386E-02  5.798482E+01
  5.437454E-02  5.797540E+01
  5.504335E-02  5.796565E+01
  5.572038E-02  5.795556E+01
  5.640574E-02  5.794513E+01
  5.709953E-02  5.793433E+01
  5.780186E-02  5.792317E+01
  5.851282E-02  5.791161E+01
  5.923253E-02  5.789967E+01
  5.996109E-02  5.788731E+01
  6.069861E-02  5.787453E+01
  6.144520E-02  5.786132E+01
  6.220098E-02  5.784765E+01
  6.296605E-02  5.783352E+01
  6.374053E-02  5.781891E+01
  6.452454E-02  5.780381E+01
  6.531819E-02  5.778819E+01
  6.612161E-02  5.777205E+01
  6.693490E-02  5.775536E+01
  6.775820E-02  5.773811E+01
  6.859163E-02  5.772028E+01
  6.943531E-02  5.770185E+01
  7.028936E-02  5.768280E+01
  7.115392E-02  5.766312E+01
  7.202911E-02  5.764278E+01
  7.291507E-02  5.762176E+01
  7.381193E-02  5.760003E+01
  7.471981E-02  5.757759E+01
  7.563887E-02  5.755440E+01
  7.656923E-02  5.753044E+01
  7.751103E-02  5.750569E+01
  7.846441E-02  5.748011E+01
  7.942952E-02  5.745370E+01
  8.040651E-02  5.742641E+01
  8.139551E-02  5.739823E+01
  8.239667E-02  5.736911E+01
  8.341015E-02  5.733905E+01
  8.443610E-02  5.730800E+01
  8.547466E-02  5.727593E+01
  8.652600E-02  5.724282E+01
  8.759027E-02  5.720863E+01
  8.866763E-02  5.717333E+01
  8.975824E-02  5.713688E+01
  9.086227E-02  5.709925E+01
  9.197987E-02  5.706040E+01
  9.311123E-02  5.702030E+01
  9.425649E-02  5.697890E+01
  9.541585E-02  5.693618E+01
  9.658946E-02  5.689208E+01
  9.777751E-02  5.684658E+01
  9.898018E-02  5.679961E+01
  1.001976E-01  5.675115E+01
  1.014301E-01  5.670115E+01
  1.026777E-01  5.664956E+01
  1.039406E-01  5.659633E+01
  1.052191E-01  5.654142E+01
  1.065133E-01  5.648478E+01
  1.078234E-01  5.642635E+01
  1.091496E-01  5.636609E+01
  1.104921E-01  5.630395E+01
  1.118512E-01  5.623986E+01
  1.132270E-01  5.617377E+01
  1.146196E-01  5.610562E+01
  1.160295E-01  5.603537E+01
  1.174566E-01  5.596294E+01
  1.189013E-01  5.588827E+01
  1.203638E-01  5.581131E+01
  1.218443E-01  5.573199E+01
  1.233430E-01  5.565024E+01
  1.248601E-01  5.556599E+01
  1.263959E-01  5.547918E+01
  1.279506E-01  5.538974E+01
  1.295244E-01  5.529760E+01
  1.311175E-01  5.520268E+01
  1.327302E-01  5.510490E+01
  1.343628E-01  5.500420E+01
  1.360155E-01  5.490048E+01
  1.376885E-01  5.479369E+01
  1.393821E-01  5.468372E+01
  1.410965E-01  5.457051E+01
  1.428319E-01  5.445396E+01
  1.445888E-01  5.433399E+01
  1.463672E-01  5.421051E+01
  1.481675E-01  5.408344E+01
  1.499900E-01  5.395268E+01
  1.518349E-01  5.381814E+01
  1.537024E-01  5.367972E+01
  1.555930E-01  5.353734E+01
  1.575068E-01  5.339089E+01
  1.594441E-01  5.324028E+01
  1.614053E-01  5.308540E+01
  1.633906E-01  5.292616E+01
  1.654003E-01  5.276245E+01
  1.674347E-01  5.259417E+01
  1.694941E-01  5.242121E+01
  1.715789E-01  5.224346E+01
  1.736893E-01  5.206082E+01
  1.758257E-01  5.187317E+01
  1.779884E-01  5.168041E+01
  1.801776E-01  5.148243E+01
  1.823938E-01  5.127910E+01
  1.846372E-01  5.107032E+01
  1.869083E-01  5.085597E+01
  1.892073E-01  5.063594E+01
  1.915345E-01  5.041011E+01
  1.938904E-01  5.017835E+01
  1.962752E-01  4.994056E+01
  1.986894E-01  4.969662E+01
  2.011333E-01  4.944640E+01
  2.036072E-01  4.918979E+01
  2.061116E-01  4.892666E+01
  2.086468E-01  4.865690E+01
  2.112131E-01  4.838040E+01
  2.138111E-01  4.809702E+01
  2.164409E-01  4.780666E+01
  2.191031E-01  4.750919E+01
  2.217981E-01  4.720449E+01
  2.245262E-01  4.689246E+01
  2.272879E-01  4.657298E+01
  2.300835E-01  4.624593E+01
  2.329136E-01  4.591121E+01
  2.357784E-01  4.556870E+01
  2.386785E-01  4.521829E+01
  2.416142E-01  4.485988E+01
  2.445861E-01  4.449337E+01
  2.475945E-01  4.411866E+01
  2.506399E-01  4.373565E+01
  2.537228E-01  4.334426E+01
  2.568436E-01  4.294438E+01
  2.600027E-01  4.253593E+01
  2.632008E-01  4.211884E+01
  2.664382E-01  4.169303E+01
  2.697153E-01  4.125842E+01
  2.730328E-01  4.081496E+01
  2.763911E-01  4.036259E+01
  2.797908E-01  3.990125E+01
  2.832322E-01  3.943089E+01
  2.867159E-01  3.895148E+01
  2.902425E-01  3.846299E+01
  2.938125E-01  3.796540E+01
  2.974264E-01  3.745869E+01
  3.010848E-01  3.694286E+01
  3.047881E-01  3.641791E+01
  3.085370E-01  3.588386E+01
  3.123320E-01  3.534073E+01
  3.161737E-01  3.478857E+01
  3.200626E-01  3.422741E+01
  3.239994E-01  3.365733E+01
  3.279846E-01  3.307839E+01
  3.320188E-01  3.249069E+01
  3.361026E-01  3.189432E+01
  3.402367E-01  3.128940E+01
  3.444216E-01  3.067606E+01
  3.486580E-01  3.005445E+01
  3.529465E-01  2.942472E+01
  3.572877E-01  2.878707E+01
  3.616824E-01  2.814168E+01
  3.661311E-01  2.748876E+01
  3.706345E-01  2.682854E+01
  3.751933E-01  2.616127E+01
  3.798081E-01  2.548722E+01
  3.844798E-01  2.480666E+01
  3.892089E-01  2.411990E+01
  3.939962E-01  2.342726E+01
  3.988423E-01  2.272906E+01
  4.037481E-01  2.202567E+01
  4.087142E-01  2.131745E+01
  4.137414E-01  2.060477E+01
  4.188304E-01  1.988805E+01
  4.239820E-01  1.916769E+01
  4.291970E-01  1.844412E+01
  4.344761E-01  1.771776E+01
  4.398201E-01  1.698908E+01
  4.452299E-01  1.625851E+01
  4.507063E-01  1.552651E+01
  4.562500E-01  1.479355E+01
  4.618618E-01  1.406010E+01
  4.675427E-01  1.332661E+01
  4.732935E-01  1.259355E+01
  4.791150E-01  1.186140E+01
  4.850081E-01  1.113060E+01
  4.909737E-01  1.040162E+01
  4.970127E-01  9.674927E+00
  5.031260E-01  8.950965E+00
  5.093144E-01  8.230201E+00
  5.155790E-01  7.513099E+00
  5.219206E-01  6.800133E+00
  5.283402E-01  6.091793E+00
  5.348388E-01  5.388587E+00
  5.414173E-01  4.691051E+00
  5.480768E-01  3.999757E+00
  5.548181E-01  3.315318E+00
  5.616424E-01  2.638397E+00
  5.685506E-01  1.969718E+00
  5.755437E-01  1.310067E+00
  5.826229E-01  6.602999E-01
  5.897892E-01  2.134508E-02
  5.970436E-01 -6.057983E-01
  6.043872E-01 -1.220063E+00
  6.118212E-01 -1.820322E+00
  6.193466E-01 -2.405397E+00
  6.269646E-01 -2.974076E+00
  6.346762E-01 -3.525124E+00
  6.424827E-01 -4.057301E+00
  6.503853E-01 -4.569375E+00
  6.583850E-01 -5.060138E+00
  6.664831E-01 -5.528409E+00
  6.746809E-01 -5.973039E+00
  6.829795E-01 -6.392915E+00
  6.913801E-01 -6.786954E+00
  6.998841E-01 -7.154096E+00
  7.084927E-01 -7.493311E+00
  7.172071E-01 -7.803600E+00
  7.260288E-01 -8.084019E+00
  7.349589E-01 -8.333729E+00
  7.439989E-01 -8.552073E+00
  7.531501E-01 -8.738695E+00
  7.624139E-01 -8.893686E+00
  7.717915E-01 -9.017741E+00
  7.812846E-01 -9.112257E+00
  7.908944E-01 -9.179318E+00
  8.006224E-01 -9.221511E+00
  8.104700E-01 -9.241555E+00
  8.204388E-01 -9.241837E+00
  8.305302E-01 -9.223993E+00
  8.407457E-01 -9.188667E+00
  8.510869E-01 -9.135554E+00
  8.615553E-01 -9.063673E+00
  8.721524E-01 -8.971779E+00
  8.828799E-01 -8.858765E+00
  8.937393E-01 -8.723958E+00
  9.047323E-01 -8.567255E+00
  9.158605E-01 -8.389138E+00
  9.271256E-01 -8.190584E+00
  9.385292E-01 -7.972955E+00
  9.500731E-01 -7.737885E+00
  9.617590E-01 -7.487179E+00
  9.735887E-01 -7.222751E+00
  9.855638E-01 -6.946578E+00
  9.976863E-01 -6.660668E+00
  1.009958E+00 -6.367043E+00
  1.022380E+00 -6.067732E+00
  1.034956E+00 -5.764757E+00
  1.047686E+00 -5.460131E+00
  1.060572E+00 -5.155847E+00
  1.073617E+00 -4.853870E+00
  1.086823E+00 -4.556128E+00
  1.100190E+00 -4.264501E+00
  1.113723E+00 -3.980808E+00
  1.127422E+00 -3.706791E+00
  1.141289E+00 -3.444107E+00
  1.155327E+00 -3.194309E+00
  1.169537E+00 -2.958831E+00
  1.183923E+00 -2.738977E+00
  1.198485E+00 -2.535901E+00
  1.213226E+00 -2.350599E+00
  1.228149E+00 -2.183890E+00
  1.243255E+00 -2.036407E+00
  1.258547E+00 -1.908582E+00
  1.274027E+00 -1.800638E+00
  1.289698E+00 -1.712579E+00
  1.305561E+00 -1.644182E+00
  1.321619E+00 -1.594990E+00
  1.337875E+00 -1.564311E+00
  1.354331E+00 -1.551215E+00
  1.370990E+00 -1.554532E+00
  1.387853E+00 -1.572861E+00
  1.404923E+00 -1.604576E+00
  1.422204E+00 -1.647834E+00
  1.439697E+00 -1.700594E+00
  1.457405E+00 -1.760636E+00
  1.475331E+00 -1.825588E+00
  1.493478E+00 -1.892957E+00
  1.511848E+00 -1.960166E+00
  1.530443E+00 -2.024600E+00
  1.549268E+00 -2.083656E+00
  1.568324E+00 -2.134799E+00
  1.587614E+00 -2.175623E+00
  1.607142E+00 -2.203913E+00
  1.626910E+00 -2.217713E+00
  1.646921E+00 -2.215385E+00
  1.667178E+00 -2.195671E+00
  1.687684E+00 -2.157744E+00
  1.708443E+00 -2.101256E+00
  1.729457E+00 -2.026368E+00
  1.750729E+00 -1.933781E+00
  1.772263E+00 -1.824743E+00
  1.794062E+00 -1.701057E+00
  1.816129E+00 -1.565068E+00
  1.838467E+00 -1.419630E+00
  1.861080E+00 -1.268067E+00
  1.883971E+00 -1.114094E+00
  1.907144E+00 -9.617214E-01
  1.930602E+00 -8.151265E-01
  1.954349E+00 -6.784935E-01
  1.978387E+00 -5.558330E-01
  2.002721E+00 -4.507892E-01
  2.027355E+00 -3.664574E-01
  2.052291E+00 -3.052304E-01
  2.077534E+00 -2.686890E-01
  2.103088E+00 -2.575110E-01
  2.128956E+00 -2.713303E-01
  2.155142E+00 -3.084448E-01
  2.181650E+00 -3.653420E-01
  2.208485E+00 -4.362149E-01
  2.235649E+00 -5.128703E-01
  2.263147E+00 -5.854251E-01
  2.290984E+00 -6.438972E-01
  2.319163E+00 -6.805292E-01
  2.347689E+00 -6.927303E-01
  2.376566E+00 -6.868005E-01
  2.405797E+00 -6.771669E-01
  2.435389E+00 -6.676459E-01
  2.465344E+00 -6.581323E-01
  2.495668E+00 -6.485703E-01
  2.526364E+00 -6.389419E-01
  2.557439E+00 -6.292529E-01
  2.588895E+00 -6.195226E-01
  2.620739E+00 -6.097770E-01
  2.652974E+00 -6.000423E-01
  2.685605E+00 -5.903431E-01
  2.718638E+00 -5.807001E-01
  2.752077E+00 -5.711300E-01
  2.785928E+00 -5.616451E-01
  2.820195E+00 -5.522542E-01
  2.854883E+00 -5.429626E-01
  2.889998E+00 -5.337732E-01
  2.925545E+00 -5.246868E-01
  2.961530E+00 -5.157024E-01
  2.997956E+00 -5.068181E-01
  3.034831E+00 -4.980306E-01
  3.072160E+00 -4.893364E-01
  3.109947E+00 -4.807317E-01
  3.148200E+00 -4.722122E-01
  3.186922E+00 -4.637736E-01
  3.226122E+00 -4.554117E-01
  3.265803E+00 -4.471223E-01
  3.305972E+00 -4.389015E-01
  3.346636E+00 -4.307456E-01
  3.387799E+00 -4.226513E-01
  3.429469E+00 -4.146156E-01
  3.471652E+00 -4.066363E-01
  3.514353E+00 -3.987115E-01
  3.557580E+00 -3.908404E-01
  3.601338E+00 -3.830223E-01
  3.645634E+00 -3.752581E-01
  3.690476E+00 -3.675492E-01
  3.735868E+00 -3.598982E-01
  3.781820E+00 -3.523087E-01
  3.828336E+00 -3.447851E-01
  3.875424E+00 -3.373332E-01
  3.923092E+00 -3.299594E-01
  3.971346E+00 -3.226711E-01
  4.020194E+00 -3.154762E-01
  4.069642E+00 -3.083832E-01
  4.119699E+00 -3.014011E-01
  4.170371E+00 -2.945391E-01
  4.221667E+00 -2.878058E-01
  4.273593E+00 -2.812102E-01
  4.326158E+00 -2.747604E-01
  4.379370E+00 -2.684642E-01
  4.433236E+00 -2.623282E-01
  4.487765E+00 -2.563585E-01
  4.542965E+00 -2.505596E-01
  4.598843E+00 -2.449356E-01
  4.655409E+00 -2.394887E-01
  4.712670E+00 -2.342204E-01
  4.770636E+00 -2.291306E-01
  4.829315E+00 -2.242183E-01
  4.888716E+00 -2.194812E-01
  4.948847E+00 -2.149159E-01
  5.009718E+00 -2.105180E-01
  5.071337E+00 -2.062821E-01
  5.133715E+00 -2.022018E-01
  5.196859E+00 -1.982701E-01
  5.260781E+00 -1.944794E-01
  5.325488E+00 -1.908212E-01
  5.390992E+00 -1.872869E-01
  5.457301E+00 -1.838672E-01
  5.524426E+00 -1.805529E-01
  5.592376E+00 -1.773346E-01
  5.661163E+00 -1.742028E-01
  5.730795E+00 -1.711481E-01
  5.801284E+00 -1.681616E-01
  5.872639E+00 -1.652344E-01
  5.944873E+00 -1.623583E-01
  6.017995E+00 -1.595257E-01
  6.092016E+00 -1.567294E-01
  6.166948E+00 -1.539629E-01
  6.242801E+00 -1.512208E-01
  6.319588E+00 -1.484980E-01
  6.397319E+00 -1.457909E-01
  6.476006E+00 -1.430961E-01
  6.555661E+00 -1.404111E-01
  6.636295E+00 -1.377347E-01
  6.717922E+00 -1.350660E-01
  6.800552E+00 -1.324049E-01
  6.884199E+00 -1.297521E-01
  6.968875E+00 -1.271087E-01
  7.054592E+00 -1.244763E-01
  7.141363E+00 -1.218572E-01
  7.229202E+00 -1.192534E-01
  7.318121E+00 -1.166678E-01
  7.408134E+00 -1.141033E-01
  7.499254E+00 -1.115626E-01
  7.591495E+00 -1.090488E-01
  7.684870E+00 -1.065645E-01
  7.779394E+00 -1.041129E-01
  7.875081E+00 -1.016966E-01
  7.971944E+00 -9.931803E-02
  8.069999E+00 -9.697965E-02
  8.169260E+00 -9.468367E-02
  8.269742E+00 -9.243179E-02
  8.371460E+00 -9.022595E-02
  8.474429E+00 -8.806742E-02
  8.578664E+00 -8.595752E-02
  8.684182E+00 -8.389718E-02
  8.790997E+00 -8.188730E-02
  8.899127E+00 -7.992834E-02
  9.008586E+00 -7.802061E-02
  9.119391E+00 -7.616421E-02
  9.231560E+00 -7.435934E-02
  9.345108E+00 -7.260559E-02
  9.460053E+00 -7.090279E-02
  9.576412E+00 -6.925030E-02
  9.694202E+00 -6.764763E-02
  9.813440E+00 -6.609407E-02
  9.934146E+00 -6.458876E-02
  1.005634E+01 -6.313085E-02
  1.018003E+01 -6.171939E-02
  1.030524E+01 -6.035323E-02
  1.043200E+01 -5.903147E-02
  1.056031E+01 -5.775293E-02
  1.069020E+01 -5.651645E-02
  1.082169E+01 -5.532075E-02
  1.095480E+01 -5.416469E-02
  1.108954E+01 -5.304718E-02
  1.122594E+01 -5.196685E-02
  1.136402E+01 -5.092252E-02
  1.150380E+01 -4.991299E-02
  1.164530E+01 -4.893703E-02
  1.178853E+01 -4.799345E-02
  1.193353E+01 -4.708105E-02
  1.208032E+01 -4.619868E-02
  1.222890E+01 -4.534519E-02
  1.237932E+01 -4.451944E-02
  1.253159E+01 -4.372035E-02
  1.268572E+01 -4.294683E-02
  1.284176E+01 -4.219785E-02
  1.299971E+01 -4.147238E-02
  1.315961E+01 -4.076943E-02
  1.332147E+01 -4.008804E-02
  1.348533E+01 -3.942729E-02
  1.365120E+01 -3.878627E-02
  1.381910E+01 -3.816414E-02
  1.398908E+01 -3.756003E-02
  1.416115E+01 -3.697317E-02
  1.433533E+01 -3.640276E-02
  1.451165E+01 -3.584807E-02
  1.469015E+01 -3.530839E-02
  1.487083E+01 -3.478303E-02
  1.505375E+01 -3.427136E-02
  1.523891E+01 -3.377273E-02
  1.542635E+01 -3.328656E-02
  1.561609E+01 -3.281227E-02
  1.580817E+01 -3.234935E-02
  1.600261E+01 -3.189725E-02
  1.619944E+01 -3.145549E-02
  1.639869E+01 -3.102364E-02
  1.660040E+01 -3.060121E-02
  1.680458E+01 -3.018781E-02
  1.701128E+01 -2.978305E-02
  1.722052E+01 -2.938653E-02
  1.743233E+01 -2.899793E-02
  1.764675E+01 -2.861689E-02
  1.786380E+01 -2.824312E-02
  1.808353E+01 -2.787629E-02
  1.830595E+01 -2.751615E-02
  1.853112E+01 -2.716243E-02
  1.875905E+01 -2.681487E-02
  1.898979E+01 -2.647325E-02
  1.922336E+01 -2.613733E-02
  1.945981E+01 -2.580693E-02
  1.969916E+01 -2.548185E-02
  1.994146E+01 -2.516190E-02
  2.018674E+01 -2.484692E-02
  2.043504E+01 -2.453674E-02
  2.068639E+01 -2.423121E-02
  2.094083E+01 -2.393020E-02
  2.119841E+01 -2.363356E-02
  2.145915E+01 -2.334119E-02
  2.172309E+01 -2.305295E-02
  2.199029E+01 -2.276874E-02
  2.226077E+01 -2.248846E-02
  2.253458E+01 -2.221201E-02
  2.281175E+01 -2.191853E-02
  2.309234E+01 -2.165221E-02
  2.337637E+01 -2.138912E-02
  2.366390E+01 -2.112923E-02
  2.395497E+01 -2.087250E-02
  2.424961E+01 -2.061888E-02
  2.454788E+01 -2.036835E-02
  2.484982E+01 -2.012087E-02
  2.515547E+01 -1.987639E-02
  2.546489E+01 -1.963488E-02
  2.577811E+01 -1.939631E-02
  2.609518E+01 -1.916063E-02
  2.641615E+01 -1.892781E-02
  2.674107E+01 -1.869783E-02
  2.706998E+01 -1.847064E-02
  2.740294E+01 -1.824622E-02
  2.774000E+01 -1.802451E-02
  2.808120E+01 -1.780550E-02
  2.842660E+01 -1.758916E-02
  2.877625E+01 -1.737544E-02
  2.913019E+01 -1.716433E-02
  2.948849E+01 -1.695577E-02
  2.985120E+01 -1.674975E-02
  3.021837E+01 -1.654623E-02
  3.059006E+01 -1.634518E-02
  3.096632E+01 -1.614658E-02
  3.134720E+01 -1.595038E-02
  3.173277E+01 -1.575658E-02
  3.212309E+01 -1.556513E-02
  3.251820E+01 -1.537600E-02
  3.291817E+01 -1.518918E-02
  3.332307E+01 -1.500462E-02
  3.373294E+01 -1.482230E-02
  3.414786E+01 -1.464221E-02
  3.456787E+01 -1.446429E-02
  3.499306E+01 -1.428855E-02
  3.542347E+01 -1.411493E-02
  3.585918E+01 -1.394343E-02
  3.630025E+01 -1.377401E-02
  3.674674E+01 -1.360665E-02
  3.719873E+01 -1.344132E-02
  3.765627E+01 -1.327800E-02
  3.811945E+01 -1.311666E-02
  3.858831E+01 -1.295729E-02
  3.906295E+01 -1.279985E-02
  3.954342E+01 -1.264433E-02
  4.002981E+01 -1.249070E-02
  4.052218E+01 -1.233892E-02
  4.102060E+01 -1.218900E-02
  4.152515E+01 -1.204089E-02
  4.203591E+01 -1.189459E-02
  4.255295E+01 -1.175007E-02
  4.307635E+01 -1.160730E-02
  4.360619E+01 -1.146626E-02
  4.414255E+01 -1.132693E-02
  4.468550E+01 -1.118931E-02
  4.523513E+01 -1.105336E-02
  4.579153E+01 -1.091905E-02
  4.635476E+01 -1.078638E-02
  4.692493E+01 -1.065532E-02
  4.750210E+01 -1.052585E-02
  4.808638E+01 -1.039796E-02
  4.867784E+01 -1.027161E-02
  4.927658E+01 -1.014680E-02
  4.988268E+01 -1.002352E-02
  5.049624E+01 -9.901725E-03
  5.111734E+01 -9.781415E-03
  5.174608E+01 -9.662566E-03
  5.238256E+01 -9.545161E-03
  5.302687E+01 -9.429179E-03
  5.367910E+01 -9.314613E-03
  5.433935E+01 -9.201434E-03
  5.500772E+01 -9.089636E-03
  5.568432E+01 -8.979190E-03
  5.636924E+01 -8.870084E-03
  5.706258E+01 -8.762309E-03
  5.776445E+01 -8.655843E-03
  5.847495E+01 -8.550671E-03
  5.919419E+01 -8.446773E-03
  5.992228E+01 -8.344145E-03
  6.065932E+01 -8.242758E-03
  6.140543E+01 -8.142602E-03
  6.216072E+01 -8.043661E-03
  6.292530E+01 -7.945935E-03
  6.369928E+01 -7.849380E-03
  6.448278E+01 -7.754010E-03
  6.527592E+01 -7.659795E-03
  6.607881E+01 -7.566719E-03
  6.689158E+01 -7.474785E-03
  6.771435E+01 -7.383962E-03
  6.854723E+01 -7.294244E-03
  6.939037E+01 -7.205614E-03
  7.024387E+01 -7.118058E-03
  7.110787E+01 -7.031573E-03
  7.198249E+01 -6.946129E-03
  7.286788E+01 -6.861735E-03
  7.376415E+01 -6.778356E-03
  7.467145E+01 -6.696002E-03
  7.558991E+01 -6.614644E-03
  7.651967E+01 -6.534265E-03
  7.746086E+01 -6.454869E-03
  7.841363E+01 -6.376444E-03
  7.937812E+01 -6.298967E-03
