     1.6891892E-04    -2.1926158E+05
     1.7099662E-04    -2.1659792E+05
     1.7309988E-04    -2.1396651E+05
     1.7522901E-04    -2.1136697E+05
     1.7738433E-04    -2.0879892E+05
     1.7956615E-04    -2.0626196E+05
     1.8177482E-04    -2.0375572E+05
     1.8401065E-04    -2.0127984E+05
     1.8627398E-04    -1.9883394E+05
     1.8856515E-04    -1.9641766E+05
     1.9088450E-04    -1.9403064E+05
     1.9323238E-04    -1.9167253E+05
     1.9560914E-04    -1.8934298E+05
     1.9801513E-04    -1.8704164E+05
     2.0045071E-04    -1.8476817E+05
     2.0291626E-04    -1.8252224E+05
     2.0541213E-04    -1.8030351E+05
     2.0793870E-04    -1.7811166E+05
     2.1049634E-04    -1.7594636E+05
     2.1308545E-04    -1.7380728E+05
     2.1570640E-04    -1.7169412E+05
     2.1835959E-04    -1.6960656E+05
     2.2104541E-04    -1.6754429E+05
     2.2376427E-04    -1.6550701E+05
     2.2651657E-04    -1.6349441E+05
     2.2930272E-04    -1.6150620E+05
     2.3212315E-04    -1.5954208E+05
     2.3497826E-04    -1.5760176E+05
     2.3786850E-04    -1.5568496E+05
     2.4079428E-04    -1.5379139E+05
     2.4375605E-04    -1.5192077E+05
     2.4675425E-04    -1.5007283E+05
     2.4978932E-04    -1.4824728E+05
     2.5286173E-04    -1.4644387E+05
     2.5597193E-04    -1.4466233E+05
     2.5912039E-04    -1.4290238E+05
     2.6230757E-04    -1.4116378E+05
     2.6553395E-04    -1.3944626E+05
     2.6880002E-04    -1.3774956E+05
     2.7210626E-04    -1.3607345E+05
     2.7545317E-04    -1.3441766E+05
     2.7884124E-04    -1.3278197E+05
     2.8227099E-04    -1.3116611E+05
     2.8574292E-04    -1.2956986E+05
     2.8925756E-04    -1.2799297E+05
     2.9281543E-04    -1.2643522E+05
     2.9641706E-04    -1.2489636E+05
     3.0006298E-04    -1.2337619E+05
     3.0375376E-04    -1.2187446E+05
     3.0748993E-04    -1.2039096E+05
     3.1127206E-04    -1.1892547E+05
     3.1510070E-04    -1.1747776E+05
     3.1897644E-04    -1.1604763E+05
     3.2289985E-04    -1.1463486E+05
     3.2687152E-04    -1.1323925E+05
     3.3089204E-04    -1.1186058E+05
     3.3496201E-04    -1.1049865E+05
     3.3908204E-04    -1.0915326E+05
     3.4325275E-04    -1.0782421E+05
     3.4747476E-04    -1.0651130E+05
     3.5174870E-04    -1.0521434E+05
     3.5607521E-04    -1.0393313E+05
     3.6045494E-04    -1.0266748E+05
     3.6488853E-04    -1.0141721E+05
     3.6937666E-04    -1.0018213E+05
     3.7391999E-04    -9.8962050E+04
     3.7851921E-04    -9.7756797E+04
     3.8317500E-04    -9.6566188E+04
     3.8788805E-04    -9.5390047E+04
     3.9265907E-04    -9.4228197E+04
     3.9748878E-04    -9.3080467E+04
     4.0237789E-04    -9.1946685E+04
     4.0732714E-04    -9.0826682E+04
     4.1233726E-04    -8.9720292E+04
     4.1740901E-04    -8.8627349E+04
     4.2254314E-04    -8.7547691E+04
     4.2774042E-04    -8.6481156E+04
     4.3300163E-04    -8.5427586E+04
     4.3832755E-04    -8.4386824E+04
     4.4371898E-04    -8.3358713E+04
     4.4917672E-04    -8.2343102E+04
     4.5470160E-04    -8.1339837E+04
     4.6029443E-04    -8.0348771E+04
     4.6595605E-04    -7.9369753E+04
     4.7168731E-04    -7.8402640E+04
     4.7748906E-04    -7.7447285E+04
     4.8336218E-04    -7.6503546E+04
     4.8930753E-04    -7.5571283E+04
     4.9532601E-04    -7.4650356E+04
     5.0141852E-04    -7.3740627E+04
     5.0758597E-04    -7.2841961E+04
     5.1382928E-04    -7.1954224E+04
     5.2014938E-04    -7.1077282E+04
     5.2654722E-04    -7.0211004E+04
     5.3302375E-04    -6.9355261E+04
     5.3957994E-04    -6.8509926E+04
     5.4621677E-04    -6.7674870E+04
     5.5293524E-04    -6.6849971E+04
     5.5973634E-04    -6.6035104E+04
     5.6662110E-04    -6.5230148E+04
     5.7359054E-04    -6.4434981E+04
     5.8064570E-04    -6.3649486E+04
     5.8778764E-04    -6.2873544E+04
     5.9501743E-04    -6.2107040E+04
     6.0233615E-04    -6.1349859E+04
     6.0974488E-04    -6.0601887E+04
     6.1724474E-04    -5.9863012E+04
     6.2483685E-04    -5.9133125E+04
     6.3252235E-04    -5.8412115E+04
     6.4030237E-04    -5.7699875E+04
     6.4817809E-04    -5.6996298E+04
     6.5615068E-04    -5.6301279E+04
     6.6422133E-04    -5.5614714E+04
     6.7239126E-04    -5.4936500E+04
     6.8066167E-04    -5.4266535E+04
     6.8903381E-04    -5.3604719E+04
     6.9750892E-04    -5.2950954E+04
     7.0608828E-04    -5.2305140E+04
     7.1477317E-04    -5.1667182E+04
     7.2356488E-04    -5.1036984E+04
     7.3246473E-04    -5.0414451E+04
     7.4147404E-04    -4.9799490E+04
     7.5059417E-04    -4.9192010E+04
     7.5982648E-04    -4.8591919E+04
     7.6917235E-04    -4.7999127E+04
     7.7863317E-04    -4.7413546E+04
     7.8821036E-04    -4.6835087E+04
     7.9790534E-04    -4.6263665E+04
     8.0771958E-04    -4.5699193E+04
     8.1765453E-04    -4.5141587E+04
     8.2771168E-04    -4.4590764E+04
     8.3789253E-04    -4.4046641E+04
     8.4819861E-04    -4.3509136E+04
     8.5863145E-04    -4.2978169E+04
     8.6919262E-04    -4.2453661E+04
     8.7988369E-04    -4.1935532E+04
     8.9070626E-04    -4.1423706E+04
     9.0166195E-04    -4.0918105E+04
     9.1275239E-04    -4.0418654E+04
     9.2397924E-04    -3.9925278E+04
     9.3534419E-04    -3.9437903E+04
     9.4684892E-04    -3.8956456E+04
     9.5849516E-04    -3.8480865E+04
     9.7028465E-04    -3.8011059E+04
     9.8221916E-04    -3.7546968E+04
     9.9430045E-04    -3.7088521E+04
     1.0065303E-03    -3.6635650E+04
     1.0189107E-03    -3.6188287E+04
     1.0314433E-03    -3.5746366E+04
     1.0441300E-03    -3.5309819E+04
     1.0569728E-03    -3.4878583E+04
     1.0699736E-03    -3.4452591E+04
     1.0831343E-03    -3.4031781E+04
     1.0964568E-03    -3.3616089E+04
     1.1099432E-03    -3.3205452E+04
     1.1235955E-03    -3.2799811E+04
     1.1374158E-03    -3.2399102E+04
     1.1514060E-03    -3.2003268E+04
     1.1655683E-03    -3.1612248E+04
     1.1799048E-03    -3.1225983E+04
     1.1944176E-03    -3.0844416E+04
     1.2091089E-03    -3.0467490E+04
     1.2239810E-03    -3.0095149E+04
     1.2390359E-03    -2.9727335E+04
     1.2542761E-03    -2.9363996E+04
     1.2697037E-03    -2.9005075E+04
     1.2853210E-03    -2.8650519E+04
     1.3011305E-03    -2.8300275E+04
     1.3171344E-03    -2.7954291E+04
     1.3333351E-03    -2.7612514E+04
     1.3497351E-03    -2.7274895E+04
     1.3663369E-03    -2.6941381E+04
     1.3831428E-03    -2.6611923E+04
     1.4001555E-03    -2.6286472E+04
     1.4173774E-03    -2.5964979E+04
     1.4348111E-03    -2.5647395E+04
     1.4524593E-03    -2.5333674E+04
     1.4703246E-03    -2.5023768E+04
     1.4884096E-03    -2.4717631E+04
     1.5067170E-03    -2.4415216E+04
     1.5252496E-03    -2.4116480E+04
     1.5440102E-03    -2.3821376E+04
     1.5630015E-03    -2.3529861E+04
     1.5822264E-03    -2.3241891E+04
     1.6016878E-03    -2.2957422E+04
     1.6213886E-03    -2.2676413E+04
     1.6413317E-03    -2.2398822E+04
     1.6615200E-03    -2.2124605E+04
     1.6819567E-03    -2.1853724E+04
     1.7026448E-03    -2.1586136E+04
     1.7235873E-03    -2.1321802E+04
     1.7447875E-03    -2.1060683E+04
     1.7662483E-03    -2.0802739E+04
     1.7879732E-03    -2.0547931E+04
     1.8099653E-03    -2.0296222E+04
     1.8322278E-03    -2.0047573E+04
     1.8547642E-03    -1.9801948E+04
     1.8775778E-03    -1.9559309E+04
     1.9006721E-03    -1.9319621E+04
     1.9240503E-03    -1.9082848E+04
     1.9477161E-03    -1.8848953E+04
     1.9716730E-03    -1.8617902E+04
     1.9959246E-03    -1.8389661E+04
     2.0204745E-03    -1.8164195E+04
     2.0453263E-03    -1.7941470E+04
     2.0704838E-03    -1.7721453E+04
     2.0959508E-03    -1.7504112E+04
     2.1217310E-03    -1.7289413E+04
     2.1478283E-03    -1.7077324E+04
     2.1742466E-03    -1.6867814E+04
     2.2009898E-03    -1.6660851E+04
     2.2280620E-03    -1.6456405E+04
     2.2554671E-03    -1.6254445E+04
     2.2832094E-03    -1.6054939E+04
     2.3112929E-03    -1.5857860E+04
     2.3397218E-03    -1.5663176E+04
     2.3685003E-03    -1.5470860E+04
     2.3976329E-03    -1.5280882E+04
     2.4271238E-03    -1.5093213E+04
     2.4569774E-03    -1.4907826E+04
     2.4871982E-03    -1.4724693E+04
     2.5177908E-03    -1.4543786E+04
     2.5487596E-03    -1.4365078E+04
     2.5801093E-03    -1.4188544E+04
     2.6118447E-03    -1.4014155E+04
     2.6439704E-03    -1.3841886E+04
     2.6764912E-03    -1.3671712E+04
     2.7094120E-03    -1.3503607E+04
     2.7427378E-03    -1.3337545E+04
     2.7764735E-03    -1.3173502E+04
     2.8106241E-03    -1.3011453E+04
     2.8451948E-03    -1.2851374E+04
     2.8801907E-03    -1.2693241E+04
     2.9156170E-03    -1.2537031E+04
     2.9514791E-03    -1.2382719E+04
     2.9877823E-03    -1.2230284E+04
     3.0245320E-03    -1.2079701E+04
     3.0617338E-03    -1.1930949E+04
     3.0993931E-03    -1.1784005E+04
     3.1375156E-03    -1.1638848E+04
     3.1761071E-03    -1.1495455E+04
     3.2151732E-03    -1.1353805E+04
     3.2547198E-03    -1.1213877E+04
     3.2947529E-03    -1.1075651E+04
     3.3352783E-03    -1.0939104E+04
     3.3763023E-03    -1.0804217E+04
     3.4178308E-03    -1.0670970E+04
     3.4598701E-03    -1.0539343E+04
     3.5024265E-03    -1.0409315E+04
     3.5455064E-03    -1.0280869E+04
     3.5891161E-03    -1.0153983E+04
     3.6332622E-03    -1.0028640E+04
     3.6779513E-03    -9.9048208E+03
     3.7231901E-03    -9.7825065E+03
     3.7689854E-03    -9.6616791E+03
     3.8153439E-03    -9.5423204E+03
     3.8622726E-03    -9.4244126E+03
     3.9097786E-03    -9.3079381E+03
     3.9578689E-03    -9.1928794E+03
     4.0065506E-03    -9.0792193E+03
     4.0558312E-03    -8.9669408E+03
     4.1057179E-03    -8.8560272E+03
     4.1562183E-03    -8.7464618E+03
     4.2073398E-03    -8.6382282E+03
     4.2590900E-03    -8.5313103E+03
     4.3114768E-03    -8.4256921E+03
     4.3645080E-03    -8.3213578E+03
     4.4181915E-03    -8.2182918E+03
     4.4725352E-03    -8.1164786E+03
     4.5275474E-03    -8.0159031E+03
     4.5832362E-03    -7.9165502E+03
     4.6396100E-03    -7.8184051E+03
     4.6966772E-03    -7.7214530E+03
     4.7544464E-03    -7.6256796E+03
     4.8129261E-03    -7.5310704E+03
     4.8721251E-03    -7.4376113E+03
     4.9320522E-03    -7.3452884E+03
     4.9927164E-03    -7.2540879E+03
     5.0541268E-03    -7.1639960E+03
     5.1162926E-03    -7.0749994E+03
     5.1792230E-03    -6.9870848E+03
     5.2429274E-03    -6.9002390E+03
     5.3074155E-03    -6.8144490E+03
     5.3726967E-03    -6.7297021E+03
     5.4387808E-03    -6.6459855E+03
     5.5056778E-03    -6.5632867E+03
     5.5733977E-03    -6.4815934E+03
     5.6419505E-03    -6.4008934E+03
     5.7113465E-03    -6.3211746E+03
     5.7815960E-03    -6.2424251E+03
     5.8527096E-03    -6.1646331E+03
     5.9246980E-03    -6.0877871E+03
     5.9975718E-03    -6.0118755E+03
     6.0713419E-03    -5.9368869E+03
     6.1460194E-03    -5.8628103E+03
     6.2216154E-03    -5.7896345E+03
     6.2981413E-03    -5.7173486E+03
     6.3756084E-03    -5.6459418E+03
     6.4540284E-03    -5.5754034E+03
     6.5334130E-03    -5.5057229E+03
     6.6137740E-03    -5.4368899E+03
     6.6951234E-03    -5.3688942E+03
     6.7774734E-03    -5.3017254E+03
     6.8608363E-03    -5.2353737E+03
     6.9452246E-03    -5.1698292E+03
     7.0306509E-03    -5.1050819E+03
     7.1171279E-03    -5.0411224E+03
     7.2046685E-03    -4.9779409E+03
     7.2932860E-03    -4.9155281E+03
     7.3829934E-03    -4.8538747E+03
     7.4738042E-03    -4.7929715E+03
     7.5657320E-03    -4.7328093E+03
     7.6587905E-03    -4.6733793E+03
     7.7529936E-03    -4.6146724E+03
     7.8483554E-03    -4.5566800E+03
     7.9448902E-03    -4.4993934E+03
     8.0426124E-03    -4.4428041E+03
     8.1415365E-03    -4.3869036E+03
     8.2416774E-03    -4.3316835E+03
     8.3430500E-03    -4.2771357E+03
     8.4456695E-03    -4.2232519E+03
     8.5495513E-03    -4.1700242E+03
     8.6547108E-03    -4.1174447E+03
     8.7611637E-03    -4.0655053E+03
     8.8689260E-03    -4.0141985E+03
     8.9780138E-03    -3.9635166E+03
     9.0884434E-03    -3.9134519E+03
     9.2002312E-03    -3.8639971E+03
     9.3133941E-03    -3.8151447E+03
     9.4279488E-03    -3.7668875E+03
     9.5439126E-03    -3.7192183E+03
     9.6613027E-03    -3.6721300E+03
     9.7801367E-03    -3.6256154E+03
     9.9004324E-03    -3.5796678E+03
     1.0022208E-02    -3.5342802E+03
     1.0145481E-02    -3.4894459E+03
     1.0270270E-02    -3.4451582E+03
     1.0396595E-02    -3.4014105E+03
     1.0524473E-02    -3.3581962E+03
     1.0653924E-02    -3.3155090E+03
     1.0784967E-02    -3.2733424E+03
     1.0917622E-02    -3.2316902E+03
     1.1051909E-02    -3.1905462E+03
     1.1187847E-02    -3.1499041E+03
     1.1325458E-02    -3.1097581E+03
     1.1464761E-02    -3.0701020E+03
     1.1605778E-02    -3.0309300E+03
     1.1748529E-02    -2.9922362E+03
     1.1893036E-02    -2.9540148E+03
     1.2039320E-02    -2.9162603E+03
     1.2187404E-02    -2.8789668E+03
     1.2337309E-02    -2.8421289E+03
     1.2489057E-02    -2.8057411E+03
     1.2642673E-02    -2.7697979E+03
     1.2798178E-02    -2.7342940E+03
     1.2955595E-02    -2.6992241E+03
     1.3114949E-02    -2.6645829E+03
     1.3276263E-02    -2.6303653E+03
     1.3439561E-02    -2.5965663E+03
     1.3604868E-02    -2.5631806E+03
     1.3772208E-02    -2.5302034E+03
     1.3941606E-02    -2.4976298E+03
     1.4113087E-02    -2.4654549E+03
     1.4286678E-02    -2.4336738E+03
     1.4462405E-02    -2.4022819E+03
     1.4640292E-02    -2.3712744E+03
     1.4820368E-02    -2.3406467E+03
     1.5002658E-02    -2.3103943E+03
     1.5187191E-02    -2.2805126E+03
     1.5373993E-02    -2.2509972E+03
     1.5563094E-02    -2.2218436E+03
     1.5754520E-02    -2.1930475E+03
     1.5948300E-02    -2.1646047E+03
     1.6144464E-02    -2.1365107E+03
     1.6343041E-02    -2.1087615E+03
     1.6544061E-02    -2.0813529E+03
     1.6747553E-02    -2.0542807E+03
     1.6953547E-02    -2.0275410E+03
     1.7162076E-02    -2.0011297E+03
     1.7373170E-02    -1.9750429E+03
     1.7586860E-02    -1.9492767E+03
     1.7803178E-02    -1.9238271E+03
     1.8022157E-02    -1.8986904E+03
     1.8243830E-02    -1.8738628E+03
     1.8468229E-02    -1.8493405E+03
     1.8695388E-02    -1.8251200E+03
     1.8925341E-02    -1.8011974E+03
     1.9158123E-02    -1.7775693E+03
     1.9393768E-02    -1.7542321E+03
     1.9632311E-02    -1.7311822E+03
     1.9873789E-02    -1.7084162E+03
     2.0118236E-02    -1.6859307E+03
     2.0365690E-02    -1.6637221E+03
     2.0616188E-02    -1.6417873E+03
     2.0869768E-02    -1.6201228E+03
     2.1126466E-02    -1.5987253E+03
     2.1386321E-02    -1.5775916E+03
     2.1649373E-02    -1.5567185E+03
     2.1915660E-02    -1.5361027E+03
     2.2185223E-02    -1.5157412E+03
     2.2458101E-02    -1.4956308E+03
     2.2734336E-02    -1.4757684E+03
     2.3013968E-02    -1.4561509E+03
     2.3297040E-02    -1.4367754E+03
     2.3583593E-02    -1.4176388E+03
     2.3873672E-02    -1.3987381E+03
     2.4167318E-02    -1.3800703E+03
     2.4464576E-02    -1.3616326E+03
     2.4765490E-02    -1.3434220E+03
     2.5070106E-02    -1.3254357E+03
     2.5378468E-02    -1.3076707E+03
     2.5690623E-02    -1.2901242E+03
     2.6006618E-02    -1.2727935E+03
     2.6326499E-02    -1.2556755E+03
     2.6650315E-02    -1.2387676E+03
     2.6978114E-02    -1.2220670E+03
     2.7309945E-02    -1.2055708E+03
     2.7645857E-02    -1.1892763E+03
     2.7985901E-02    -1.1731807E+03
     2.8330128E-02    -1.1572812E+03
     2.8678588E-02    -1.1415751E+03
     2.9031335E-02    -1.1260596E+03
     2.9388420E-02    -1.1107321E+03
     2.9749898E-02    -1.0955897E+03
     3.0115822E-02    -1.0806298E+03
     3.0486246E-02    -1.0658498E+03
     3.0861227E-02    -1.0512470E+03
     3.1240820E-02    -1.0368191E+03
     3.1625082E-02    -1.0225635E+03
     3.2014071E-02    -1.0084781E+03
     3.2407844E-02    -9.9456089E+02
     3.2806460E-02    -9.8081008E+02
     3.3209980E-02    -9.6722433E+02
     3.3618463E-02    -9.5380273E+02
     3.4031970E-02    -9.4054497E+02
     3.4450563E-02    -9.2745146E+02
     3.4874305E-02    -9.1452349E+02
     3.5303259E-02    -9.0176341E+02
     3.5737489E-02    -8.8917472E+02
     3.6177060E-02    -8.7676227E+02
     3.6622038E-02    -8.6453226E+02
     3.7072489E-02    -8.5249223E+02
     3.7528480E-02    -8.4065085E+02
     3.7990081E-02    -8.2901751E+02
     3.8457359E-02    -8.1760172E+02
     3.8930384E-02    -8.0641207E+02
     3.9409228E-02    -7.9545506E+02
     3.9893962E-02    -7.8473361E+02
     4.0384657E-02    -7.7424557E+02
     4.0881389E-02    -7.6398245E+02
     4.1384230E-02    -7.5392863E+02
     4.1893256E-02    -7.4406146E+02
     4.2408543E-02    -7.3435248E+02
     4.2930168E-02    -7.2476945E+02
     4.3458209E-02    -7.1527907E+02
     4.3992745E-02    -7.0584952E+02
     4.4533856E-02    -6.9645239E+02
     4.5081622E-02    -6.8706358E+02
     4.5636126E-02    -6.7766338E+02
     4.6197450E-02    -6.6823635E+02
     4.6765679E-02    -6.5877184E+02
     4.7340897E-02    -6.4926615E+02
     4.7923190E-02    -6.3972668E+02
     4.8512645E-02    -6.3017686E+02
     4.9109351E-02    -6.2065878E+02
     4.9713396E-02    -6.1122956E+02
     5.0324870E-02    -6.0194961E+02
     5.0943866E-02    -5.9286695E+02
     5.1570476E-02    -5.8400545E+02
     5.2204793E-02    -5.7536308E+02
     5.2846912E-02    -5.6691959E+02
     5.3496929E-02    -5.5864762E+02
     5.4154941E-02    -5.5052159E+02
     5.4821047E-02    -5.4252214E+02
     5.5495345E-02    -5.3463667E+02
     5.6177938E-02    -5.2685785E+02
     5.6868927E-02    -5.1918147E+02
     5.7568415E-02    -5.1160445E+02
     5.8276506E-02    -5.0412324E+02
     5.8993307E-02    -4.9673289E+02
     5.9718925E-02    -4.8942661E+02
     6.0453468E-02    -4.8219613E+02
     6.1197045E-02    -4.7503275E+02
     6.1949769E-02    -4.6792912E+02
     6.2711751E-02    -4.6088115E+02
     6.3483106E-02    -4.5388962E+02
     6.4263948E-02    -4.4696070E+02
     6.5054394E-02    -4.4010500E+02
     6.5854563E-02    -4.3333559E+02
     6.6664575E-02    -4.2666543E+02
     6.7484549E-02    -4.2010524E+02
     6.8314609E-02    -4.1366231E+02
     6.9154879E-02    -4.0734021E+02
     7.0005484E-02    -4.0113926E+02
     7.0866551E-02    -3.9505742E+02
     7.1738210E-02    -3.8909112E+02
     7.2620590E-02    -3.8323598E+02
     7.3513823E-02    -3.7748736E+02
     7.4418043E-02    -3.7184063E+02
     7.5333385E-02    -3.6629136E+02
     7.6259985E-02    -3.6083535E+02
     7.7197983E-02    -3.5546869E+02
     7.8147518E-02    -3.5018768E+02
     7.9108733E-02    -3.4498881E+02
     8.0081770E-02    -3.3986879E+02
     8.1066776E-02    -3.3482444E+02
     8.2063897E-02    -3.2985278E+02
     8.3073283E-02    -3.2495095E+02
     8.4095085E-02    -3.2011627E+02
     8.5129454E-02    -3.1534622E+02
     8.6176547E-02    -3.1063847E+02
     8.7236518E-02    -3.0599088E+02
     8.8309527E-02    -3.0140151E+02
     8.9395734E-02    -2.9686864E+02
     9.0495302E-02    -2.9239073E+02
     9.1608394E-02    -2.8796645E+02
     9.2735177E-02    -2.8359464E+02
     9.3875820E-02    -2.7927432E+02
     9.5030493E-02    -2.7500468E+02
     9.6199368E-02    -2.7078501E+02
     9.7382620E-02    -2.6661474E+02
     9.8580426E-02    -2.6249340E+02
     9.9792965E-02    -2.5842061E+02
     1.0102042E-01    -2.5439605E+02
     1.0226297E-01    -2.5041947E+02
     1.0352080E-01    -2.4649065E+02
     1.0479411E-01    -2.4260941E+02
     1.0608308E-01    -2.3877562E+02
     1.0738790E-01    -2.3498914E+02
     1.0870877E-01    -2.3124987E+02
     1.1004589E-01    -2.2755771E+02
     1.1139945E-01    -2.2391255E+02
     1.1276967E-01    -2.2031432E+02
     1.1415673E-01    -2.1676292E+02
     1.1556086E-01    -2.1325825E+02
     1.1698226E-01    -2.0980023E+02
     1.1842114E-01    -2.0638874E+02
     1.1987772E-01    -2.0302368E+02
     1.2135222E-01    -1.9970493E+02
     1.2284485E-01    -1.9643236E+02
     1.2435584E-01    -1.9320584E+02
     1.2588542E-01    -1.9002520E+02
     1.2743381E-01    -1.8689029E+02
     1.2900125E-01    -1.8380092E+02
     1.3058796E-01    -1.8075690E+02
     1.3219419E-01    -1.7775800E+02
     1.3382018E-01    -1.7480398E+02
     1.3546617E-01    -1.7189460E+02
     1.3713240E-01    -1.6902958E+02
     1.3881913E-01    -1.6620860E+02
     1.4052661E-01    -1.6343136E+02
     1.4225508E-01    -1.6069749E+02
     1.4400482E-01    -1.5800664E+02
     1.4577608E-01    -1.5535840E+02
     1.4756913E-01    -1.5275235E+02
     1.4938423E-01    -1.5018805E+02
     1.5122165E-01    -1.4766504E+02
     1.5308168E-01    -1.4518283E+02
     1.5496458E-01    -1.4274091E+02
     1.5687065E-01    -1.4033875E+02
     1.5880016E-01    -1.3797581E+02
     1.6075340E-01    -1.3565153E+02
     1.6273067E-01    -1.3336532E+02
     1.6473225E-01    -1.3111660E+02
     1.6675846E-01    -1.2890476E+02
     1.6880959E-01    -1.2672917E+02
     1.7088595E-01    -1.2458917E+02
     1.7298784E-01    -1.2248407E+02
     1.7511559E-01    -1.2041315E+02
     1.7726952E-01    -1.1837558E+02
     1.7944993E-01    -1.1637040E+02
     1.8165717E-01    -1.1439644E+02
     1.8389155E-01    -1.1245219E+02
     1.8615341E-01    -1.1053551E+02
     1.8844310E-01    -1.0864326E+02
     1.9076095E-01    -1.0676940E+02
     1.9310731E-01    -1.0486901E+02
     1.9548253E-01    -4.5196986E+01
     1.9788697E-01    -1.0106842E+02
     2.0032098E-01    -9.9418230E+01
     2.0278492E-01    -9.7620751E+01
     2.0527918E-01    -9.5837025E+01
     2.0780411E-01    -9.4075428E+01
     2.1036010E-01    -9.2338947E+01
     2.1294753E-01    -9.0629353E+01
     2.1556679E-01    -8.8947875E+01
     2.1821826E-01    -8.7295505E+01
     2.2090234E-01    -8.5673176E+01
     2.2361944E-01    -8.4081870E+01
     2.2636996E-01    -8.2522685E+01
     2.2915431E-01    -8.0996873E+01
     2.3197291E-01    -7.9505840E+01
     2.3482618E-01    -7.8051115E+01
     2.3771454E-01    -7.6634273E+01
     2.4063843E-01    -7.5256807E+01
     2.4359828E-01    -7.3919933E+01
     2.4659454E-01    -7.2624322E+01
     2.4962765E-01    -7.1369748E+01
     2.5269807E-01    -7.0154676E+01
     2.5580626E-01    -6.8975806E+01
     2.5895268E-01    -6.7827644E+01
     2.6213779E-01    -6.6702193E+01
     2.6536209E-01    -6.5588883E+01
     2.6862604E-01    -6.4474890E+01
     2.7193014E-01    -6.3345982E+01
     2.7527488E-01    -6.2187981E+01
     2.7866076E-01    -6.0988837E+01
     2.8208829E-01    -5.9741162E+01
     2.8555798E-01    -5.8444790E+01
     2.8907034E-01    -5.7108612E+01
     2.9262591E-01    -5.5750719E+01
     2.9622520E-01    -5.4396212E+01
     2.9986877E-01    -5.3073305E+01
     3.0355716E-01    -5.1809909E+01
     3.0729091E-01    -5.0633132E+01
     3.1107059E-01    -4.9571869E+01
     3.1489676E-01    -4.8657898E+01
     3.1876999E-01    -4.7913627E+01
     3.2269086E-01    -4.7312228E+01
     3.2665996E-01    -4.6730183E+01
     3.3067788E-01    -4.5988585E+01
     3.3474521E-01    -4.5015828E+01
     3.3886258E-01    -4.3916280E+01
     3.4303059E-01    -4.2837921E+01
     3.4724987E-01    -4.1855495E+01
     3.5152104E-01    -4.0974245E+01
     3.5584475E-01    -4.0172569E+01
     3.6022164E-01    -3.9427391E+01
     3.6465236E-01    -3.8721538E+01
     3.6913759E-01    -3.8043649E+01
     3.7367798E-01    -3.7386431E+01
     3.7827422E-01    -3.6745124E+01
     3.8292699E-01    -3.6116487E+01
     3.8763700E-01    -3.5498194E+01
     3.9240493E-01    -3.4888507E+01
     3.9723151E-01    -3.4286091E+01
     4.0211746E-01    -3.3689921E+01
     4.0706350E-01    -3.3099223E+01
     4.1207038E-01    -3.2513433E+01
     4.1713885E-01    -3.1932175E+01
     4.2226966E-01    -3.1355230E+01
     4.2746357E-01    -3.0782521E+01
     4.3272138E-01    -3.0214098E+01
     4.3804385E-01    -2.9650122E+01
     4.4343179E-01    -2.9090867E+01
     4.4888600E-01    -2.8536704E+01
     4.5440730E-01    -2.7988106E+01
     4.5999651E-01    -2.7445640E+01
     4.6565446E-01    -2.6909959E+01
     4.7138201E-01    -2.6381797E+01
     4.7718001E-01    -2.5861952E+01
     4.8304933E-01    -2.5351267E+01
     4.8899083E-01    -2.4850609E+01
     4.9500542E-01    -2.4360842E+01
     5.0109399E-01    -2.3882797E+01
     5.0725744E-01    -2.3417244E+01
     5.1349671E-01    -2.2964861E+01
     5.1981272E-01    -2.2526208E+01
     5.2620642E-01    -2.2101712E+01
     5.3267876E-01    -2.1691646E+01
     5.3923070E-01    -2.1296133E+01
     5.4586324E-01    -2.0915140E+01
     5.5257736E-01    -2.0548498E+01
     5.5937406E-01    -2.0195917E+01
     5.6625436E-01    -1.9857014E+01
     5.7321929E-01    -1.9531339E+01
     5.8026989E-01    -1.9218413E+01
     5.8740721E-01    -1.8917753E+01
     5.9463232E-01    -1.8628883E+01
     6.0194629E-01    -1.8351297E+01
     6.0935023E-01    -1.8084223E+01
     6.1684524E-01    -1.7825628E+01
     6.2443244E-01    -1.7568052E+01
     6.3211296E-01     1.9785463E+01
     6.3988795E-01    -1.6965841E+01
     6.4775857E-01    -1.6624585E+01
     6.5572600E-01    -1.6285995E+01
     6.6379143E-01    -1.5956502E+01
     6.7195606E-01    -1.5637910E+01
     6.8022112E-01    -1.5331144E+01
     6.8858784E-01    -1.5037144E+01
     6.9705747E-01    -1.4757062E+01
     7.0563128E-01    -1.4492233E+01
     7.1431054E-01    -1.4244014E+01
     7.2309656E-01    -1.4013526E+01
     7.3199065E-01    -1.3801296E+01
     7.4099414E-01    -1.3606843E+01
     7.5010836E-01    -1.3428291E+01
     7.5933470E-01    -1.3262116E+01
     7.6867451E-01    -1.3103162E+01
     7.7812921E-01    -1.2945037E+01
     7.8770020E-01    -1.2780895E+01
     7.9738891E-01    -1.2604496E+01
     8.0719680E-01    -1.2411334E+01
     8.1712532E-01    -1.2199537E+01
     8.2717596E-01    -1.1970294E+01
     8.3735022E-01    -1.1727655E+01
     8.4764963E-01    -1.1477715E+01
     8.5807572E-01    -1.1227391E+01
     8.6863005E-01    -1.0983130E+01
     8.7931420E-01    -1.0749942E+01
     8.9012977E-01    -1.0530976E+01
     9.0107836E-01    -1.0327624E+01
     9.1216163E-01    -1.0139939E+01
     9.2338121E-01    -9.9671277E+00
     9.3473880E-01    -9.8079400E+00
     9.4623609E-01    -9.6609178E+00
     9.5787479E-01    -9.5245107E+00
     9.6965665E-01    -9.3971191E+00
     9.8158343E-01    -9.2771151E+00
     9.9365691E-01    -9.1628740E+00
     1.0058789E+00    -9.0528308E+00
     1.0182512E+00    -8.9455572E+00
     1.0307757E+00    -8.8398422E+00
     1.0434542E+00    -8.7347559E+00
     1.0562887E+00    -8.6296800E+00
     1.0692811E+00    -8.5242996E+00
     1.0824332E+00    -8.4185593E+00
     1.0957472E+00    -8.3125991E+00
     1.1092248E+00    -8.2066819E+00
     1.1228683E+00    -8.1011277E+00
     1.1366796E+00    -7.9962618E+00
     1.1506607E+00    -7.8923793E+00
     1.1648139E+00    -7.7897254E+00
     1.1791411E+00    -7.6884879E+00
     1.1936445E+00    -7.5887985E+00
     1.2083263E+00    -7.4907388E+00
     1.2231888E+00    -7.3943490E+00
     1.2382340E+00    -7.2996363E+00
     1.2534643E+00    -7.2065836E+00
     1.2688819E+00    -7.1151565E+00
     1.2844891E+00    -7.0253093E+00
     1.3002883E+00    -6.9369895E+00
     1.3162819E+00    -6.8501409E+00
     1.3324721E+00    -6.7647070E+00
     1.3488616E+00    -6.6806319E+00
     1.3654526E+00    -6.5978619E+00
     1.3822476E+00    -6.5163464E+00
     1.3992493E+00    -6.4360380E+00
     1.4164600E+00    -6.3568928E+00
     1.4338825E+00    -6.2788704E+00
     1.4515192E+00    -6.2019339E+00
     1.4693729E+00    -6.1260496E+00
     1.4874462E+00    -6.0511868E+00
     1.5057418E+00    -5.9773173E+00
     1.5242624E+00    -5.9044158E+00
     1.5430109E+00    -5.8324588E+00
     1.5619899E+00    -5.7614250E+00
     1.5812024E+00    -5.6912947E+00
     1.6006512E+00    -5.6220499E+00
     1.6203392E+00    -5.5536737E+00
     1.6402693E+00    -5.4861506E+00
     1.6604447E+00    -5.4194660E+00
     1.6808681E+00    -5.3536060E+00
     1.7015428E+00    -5.2885577E+00
     1.7224718E+00    -5.2243089E+00
     1.7436582E+00    -5.1608477E+00
     1.7651052E+00    -5.0981628E+00
     1.7868160E+00    -5.0362436E+00
     1.8087938E+00    -4.9750794E+00
     1.8310420E+00    -4.9146603E+00
     1.8535638E+00    -4.8549765E+00
     1.8763626E+00    -4.7960182E+00
     1.8994419E+00    -4.7377764E+00
     1.9228050E+00    -4.6802418E+00
     1.9464555E+00    -4.6234056E+00
     1.9703969E+00    -4.5672590E+00
     1.9946328E+00    -4.5117934E+00
     2.0191668E+00    -4.4570005E+00
     2.0440025E+00    -4.4028719E+00
     2.0691438E+00    -4.3493996E+00
     2.0945942E+00    -4.2965755E+00
     2.1203577E+00    -4.2443916E+00
     2.1464381E+00    -4.1928403E+00
     2.1728393E+00    -4.1419137E+00
     2.1995653E+00    -4.0916045E+00
     2.2266199E+00    -4.0419050E+00
     2.2540073E+00    -3.9928080E+00
     2.2817316E+00    -3.9443061E+00
     2.3097969E+00    -3.8963922E+00
     2.3382074E+00    -3.8490593E+00
     2.3669674E+00    -3.8023002E+00
     2.3960811E+00    -3.7561081E+00
     2.4255529E+00    -3.7104762E+00
     2.4553872E+00    -3.6653978E+00
     2.4855884E+00    -3.6208663E+00
     2.5161612E+00    -3.5768749E+00
     2.5471100E+00    -3.5334174E+00
     2.5784394E+00    -3.4904872E+00
     2.6101542E+00    -3.4480780E+00
     2.6422591E+00    -3.4061836E+00
     2.6747589E+00    -3.3647978E+00
     2.7076584E+00    -3.3239145E+00
     2.7409626E+00    -3.2835276E+00
     2.7746765E+00    -3.2436311E+00
     2.8088050E+00    -3.2042192E+00
     2.8433533E+00    -3.1652860E+00
     2.8783265E+00    -3.1268257E+00
     2.9137300E+00    -3.0888326E+00
     2.9495688E+00    -3.0513011E+00
     2.9858485E+00    -3.0142256E+00
     3.0225745E+00    -2.9776006E+00
     3.0597521E+00    -2.9414205E+00
     3.0973871E+00    -2.9056801E+00
     3.1354849E+00    -2.8703740E+00
     3.1740514E+00    -2.8354968E+00
     3.2130922E+00    -2.8010435E+00
     3.2526133E+00    -2.7670088E+00
     3.2926204E+00    -2.7333878E+00
     3.3331196E+00    -2.7001752E+00
     3.3741170E+00    -2.6673663E+00
     3.4156187E+00    -2.6349560E+00
     3.4576308E+00    -2.6029396E+00
     3.5001596E+00    -2.5713122E+00
     3.5432116E+00    -2.5400691E+00
     3.5867931E+00    -2.5092057E+00
     3.6309106E+00    -2.4787173E+00
     3.6755708E+00    -2.4485994E+00
     3.7207804E+00    -2.4188475E+00
     3.7665460E+00    -2.3894571E+00
     3.8128745E+00    -2.3604238E+00
     3.8597728E+00    -2.3317433E+00
     3.9072480E+00    -2.3034113E+00
     3.9553072E+00    -2.2754236E+00
     4.0039575E+00    -2.2477759E+00
     4.0532062E+00    -2.2204642E+00
     4.1030606E+00    -2.1934844E+00
     4.1535282E+00    -2.1668324E+00
     4.2046166E+00    -2.1405042E+00
     4.2563334E+00    -2.1144959E+00
     4.3086863E+00    -2.0888036E+00
     4.3616832E+00    -2.0634235E+00
     4.4153319E+00    -2.0383518E+00
     4.4696404E+00    -2.0135847E+00
     4.5246170E+00    -1.9891186E+00
     4.5802698E+00    -1.9649497E+00
     4.6366071E+00    -1.9410745E+00
     4.6936374E+00    -1.9174894E+00
     4.7513691E+00    -1.8941908E+00
     4.8098110E+00    -1.8711754E+00
     4.8689717E+00    -1.8484396E+00
     4.9288600E+00    -1.8259800E+00
     4.9894850E+00    -1.8037934E+00
     5.0508556E+00    -1.7818763E+00
     5.1129812E+00    -1.7602255E+00
     5.1758708E+00    -1.7388378E+00
     5.2395341E+00    -1.7177100E+00
     5.3039803E+00    -1.6968389E+00
     5.3692193E+00    -1.6762214E+00
     5.4352607E+00    -1.6558543E+00
     5.5021144E+00    -1.6357348E+00
     5.5697904E+00    -1.6158597E+00
     5.6382988E+00    -1.5962261E+00
     5.7076499E+00    -1.5768311E+00
     5.7778540E+00    -1.5576718E+00
     5.8489216E+00    -1.5387452E+00
     5.9208633E+00    -1.5200486E+00
     5.9936899E+00    -1.5015792E+00
     6.0674123E+00    -1.4833342E+00
     6.1420415E+00    -1.4653108E+00
     6.2175886E+00    -1.4475065E+00
     6.2940649E+00    -1.4299185E+00
     6.3714819E+00    -1.4125442E+00
     6.4498512E+00    -1.3953810E+00
     6.5291843E+00    -1.3784264E+00
     6.6094933E+00    -1.3616778E+00
     6.6907901E+00    -1.3451326E+00
     6.7730868E+00    -1.3287885E+00
     6.8563958E+00    -1.3126430E+00
     6.9407294E+00    -1.2966937E+00
     7.0261004E+00    -1.2809381E+00
     7.1125214E+00    -1.2653740E+00
     7.2000055E+00    -1.2499991E+00
     7.2885655E+00    -1.2348109E+00
     7.3782149E+00    -1.2198073E+00
     7.4689669E+00    -1.2049859E+00
     7.5608352E+00    -1.1903447E+00
     7.6538335E+00    -1.1758813E+00
     7.7479756E+00    -1.1615937E+00
     7.8432757E+00    -1.1474797E+00
     7.9397480E+00    -1.1335372E+00
     8.0374069E+00    -1.1197641E+00
     8.1362670E+00    -1.1061584E+00
     8.2363431E+00    -1.0927180E+00
     8.3376501E+00    -1.0794408E+00
     8.4402032E+00    -1.0663250E+00
     8.5440177E+00    -1.0533686E+00
     8.6491092E+00    -1.0405696E+00
     8.7554932E+00    -1.0279261E+00
     8.8631858E+00    -1.0154362E+00
     8.9722029E+00    -1.0030981E+00
     9.0825610E+00    -9.9090994E-01
     9.1942765E+00    -9.7886984E-01
     9.3073661E+00    -9.6697603E-01
     9.4218467E+00    -9.5522675E-01
     9.5377355E+00    -9.4362022E-01
     9.6550496E+00    -9.3215471E-01
     9.7738067E+00    -9.2082852E-01
     9.8940245E+00    -9.0963995E-01
     1.0015721E+01    -8.9858733E-01
     1.0138914E+01    -8.8766900E-01
     1.0263623E+01    -8.7688333E-01
     1.0389866E+01    -8.6622872E-01
     1.0517661E+01    -8.5570357E-01
     1.0647028E+01    -8.4530630E-01
     1.0777987E+01    -8.3503536E-01
     1.0910556E+01    -8.2488923E-01
     1.1044756E+01    -8.1486637E-01
     1.1180606E+01    -8.0496530E-01
     1.1318128E+01    -7.9518453E-01
     1.1457341E+01    -7.8552260E-01
     1.1598266E+01    -7.7597807E-01
     1.1740925E+01    -7.6654951E-01
     1.1885338E+01    -7.5723551E-01
     1.2031528E+01    -7.4803469E-01
     1.2179515E+01    -7.3894565E-01
     1.2329323E+01    -7.2996706E-01
     1.2480974E+01    -7.2109756E-01
     1.2634490E+01    -7.1233583E-01
     1.2789894E+01    -7.0368056E-01
     1.2947210E+01    -6.9513045E-01
     1.3106461E+01    -6.8668424E-01
     1.3267670E+01    -6.7834065E-01
     1.3430863E+01    -6.7009844E-01
     1.3596062E+01    -6.6195637E-01
     1.3763294E+01    -6.5391324E-01
     1.3932582E+01    -6.4596784E-01
     1.4103953E+01    -6.3811897E-01
     1.4277432E+01    -6.3036548E-01
     1.4453044E+01    -6.2270619E-01
     1.4630816E+01    -6.1513997E-01
     1.4810776E+01    -6.0766568E-01
     1.4992948E+01    -6.0028221E-01
     1.5177361E+01    -5.9298845E-01
     1.5364043E+01    -5.8578332E-01
     1.5553021E+01    -5.7866573E-01
     1.5744323E+01    -5.7163462E-01
     1.5937978E+01    -5.6468895E-01
     1.6134015E+01    -5.5782767E-01
     1.6332463E+01    -5.5104976E-01
     1.6533353E+01    -5.4435420E-01
     1.6736713E+01    -5.3774000E-01
     1.6942575E+01    -5.3120616E-01
     1.7150968E+01    -5.2475172E-01
     1.7361925E+01    -5.1837570E-01
     1.7575477E+01    -5.1207715E-01
     1.7791655E+01    -5.0585513E-01
     1.8010492E+01    -4.9970871E-01
     1.8232022E+01    -4.9363698E-01
     1.8456275E+01    -4.8763902E-01
     1.8683288E+01    -4.8171394E-01
     1.8913092E+01    -4.7586085E-01
     1.9145723E+01    -4.7007888E-01
     1.9381215E+01    -4.6436716E-01
     1.9619604E+01    -4.5872485E-01
     1.9860926E+01    -4.5315109E-01
     2.0105215E+01    -4.4764505E-01
     2.0352509E+01    -4.4220592E-01
     2.0602845E+01    -4.3683288E-01
     2.0856260E+01    -4.3152512E-01
     2.1112792E+01    -4.2628185E-01
     2.1372479E+01    -4.2110229E-01
     2.1635361E+01    -4.1598567E-01
     2.1901476E+01    -4.1093121E-01
     2.2170864E+01    -4.0593817E-01
     2.2443565E+01    -4.0100580E-01
     2.2719621E+01    -3.9613336E-01
     2.2999073E+01    -3.9132013E-01
     2.3281961E+01    -3.8656537E-01
     2.3568329E+01    -3.8186839E-01
     2.3858220E+01    -3.7722848E-01
     2.4151676E+01    -3.7264495E-01
     2.4448742E+01    -3.6811711E-01
     2.4749461E+01    -3.6364428E-01
     2.5053879E+01    -3.5922580E-01
     2.5362042E+01    -3.5486101E-01
     2.5673995E+01    -3.5054926E-01
     2.5989785E+01    -3.4628989E-01
     2.6309460E+01    -3.4208228E-01
     2.6633066E+01    -3.3792579E-01
     2.6960653E+01    -3.3381981E-01
     2.7292269E+01    -3.2976372E-01
     2.7627964E+01    -3.2575691E-01
     2.7967788E+01    -3.2179878E-01
     2.8311792E+01    -3.1788875E-01
     2.8660027E+01    -3.1402623E-01
     2.9012545E+01    -3.1021064E-01
     2.9369399E+01    -3.0644141E-01
     2.9730643E+01    -3.0271798E-01
     3.0096330E+01    -2.9903979E-01
     3.0466515E+01    -2.9540629E-01
     3.0841253E+01    -2.9181694E-01
     3.1220600E+01    -2.8827120E-01
     3.1604614E+01    -2.8476855E-01
     3.1993350E+01    -2.8130846E-01
     3.2386868E+01    -2.7789041E-01
     3.2785227E+01    -2.7451388E-01
     3.3188485E+01    -2.7117839E-01
     3.3596704E+01    -2.6788342E-01
     3.4009943E+01    -2.6462849E-01
     3.4428265E+01    -2.6141311E-01
     3.4851733E+01    -2.5823680E-01
     3.5280409E+01    -2.5509908E-01
     3.5714358E+01    -2.5199949E-01
     3.6153645E+01    -2.4893756E-01
     3.6598335E+01    -2.4591283E-01
     3.7048494E+01    -2.4292485E-01
     3.7504191E+01    -2.3997318E-01
     3.7965492E+01    -2.3705738E-01
     3.8432468E+01    -2.3417700E-01
     3.8905187E+01    -2.3133162E-01
     3.9383721E+01    -2.2852081E-01
     3.9868141E+01    -2.2574416E-01
     4.0358519E+01    -2.2300125E-01
     4.0854929E+01    -2.2029166E-01
     4.1357444E+01    -2.1761499E-01
     4.1866141E+01    -2.1497085E-01
     4.2381094E+01    -2.1235884E-01
     4.2902382E+01    -2.0977856E-01
     4.3430081E+01    -2.0722964E-01
     4.3964271E+01    -2.0471168E-01
     4.4505032E+01    -2.0222432E-01
     4.5052444E+01    -1.9976719E-01
     4.5606589E+01    -1.9733991E-01
     4.6167550E+01    -1.9494212E-01
     4.6735411E+01    -1.9257347E-01
     4.7310256E+01    -1.9023359E-01
     4.7892172E+01    -1.8792215E-01
     4.8481246E+01    -1.8563879E-01
     4.9077565E+01    -1.8338318E-01
     4.9681219E+01    -1.8115497E-01
     5.0292298E+01    -1.7895384E-01
     5.0910894E+01    -1.7677945E-01
     5.1537098E+01    -1.7463149E-01
     5.2171004E+01    -1.7250962E-01
     5.2812707E+01    -1.7041353E-01
     5.3462304E+01    -1.6834291E-01
     5.4119890E+01    -1.6629746E-01
     5.4785565E+01    -1.6427685E-01
     5.5459427E+01    -1.6228080E-01
     5.6141578E+01    -1.6030900E-01
     5.6832119E+01    -1.5836115E-01
     5.7531155E+01    -1.5643698E-01
     5.8238788E+01    -1.5453618E-01
     5.8955125E+01    -1.5265848E-01
     5.9680273E+01    -1.5080360E-01
     6.0414340E+01    -1.4897125E-01
     6.1157437E+01    -1.4716117E-01
     6.1909673E+01    -1.4537308E-01
     6.2671162E+01    -1.4360672E-01
     6.3442017E+01    -1.4186182E-01
     6.4222354E+01    -1.4013812E-01
     6.5012289E+01    -1.3843537E-01
     6.5811940E+01    -1.3675330E-01
     6.6621427E+01    -1.3509167E-01
     6.7440871E+01    -1.3345023E-01
     6.8270393E+01    -1.3182874E-01
     6.9110119E+01    -1.3022695E-01
     6.9960174E+01    -1.2864462E-01
     7.0820684E+01    -1.2708152E-01
     7.1691778E+01    -1.2553741E-01
     7.2573587E+01    -1.2401206E-01
     7.3466242E+01    -1.2250524E-01
     7.4369877E+01    -1.2101674E-01
     7.5284626E+01    -1.1954632E-01
     7.6210627E+01    -1.1809377E-01
     7.7148018E+01    -1.1665886E-01
     7.8096939E+01    -1.1524139E-01
     7.9057531E+01    -1.1384115E-01
