  8.561644E-05  4.885590E-13  6.707608E-09
  8.666952E-05  5.068094E-13  6.918836E-09
  8.773556E-05  5.257417E-13  7.136708E-09
  8.881470E-05  5.453811E-13  7.361434E-09
  8.990712E-05  5.657543E-13  7.593374E-09
  9.101298E-05  5.868884E-13  7.833062E-09
  9.213244E-05  6.088121E-13  8.080663E-09
  9.326567E-05  6.315547E-13  8.336443E-09
  9.441284E-05  6.551469E-13  8.600663E-09
  9.557412E-05  6.796204E-13  8.873592E-09
  9.674968E-05  7.050081E-13  9.155507E-09
  9.793970E-05  7.313442E-13  9.446694E-09
  9.914436E-05  7.586641E-13  9.747449E-09
  1.003638E-04  7.870045E-13  1.005808E-08
  1.015983E-04  8.164037E-13  1.037890E-08
  1.028480E-04  8.469010E-13  1.071024E-08
  1.041130E-04  8.785376E-13  1.105243E-08
  1.053936E-04  9.113560E-13  1.140582E-08
  1.066899E-04  9.454004E-13  1.177077E-08
  1.080022E-04  9.807165E-13  1.214766E-08
  1.093306E-04  1.017352E-12  1.253686E-08
  1.106754E-04  1.055356E-12  1.293878E-08
  1.120367E-04  1.094779E-12  1.335381E-08
  1.134148E-04  1.135676E-12  1.378240E-08
  1.148098E-04  1.178100E-12  1.422496E-08
  1.162219E-04  1.222108E-12  1.468195E-08
  1.176515E-04  1.267761E-12  1.515385E-08
  1.190986E-04  1.315119E-12  1.564112E-08
  1.205635E-04  1.364247E-12  1.614426E-08
  1.220464E-04  1.415209E-12  1.666379E-08
  1.235476E-04  1.468075E-12  1.720025E-08
  1.250672E-04  1.522916E-12  1.775416E-08
  1.266055E-04  1.579806E-12  1.832610E-08
  1.281628E-04  1.638821E-12  1.891666E-08
  1.297392E-04  1.700040E-12  1.952643E-08
  1.313350E-04  1.763546E-12  2.015604E-08
  1.329504E-04  1.829425E-12  2.080613E-08
  1.345857E-04  1.897764E-12  2.147736E-08
  1.362411E-04  1.968657E-12  2.217042E-08
  1.379169E-04  2.042197E-12  2.288601E-08
  1.396132E-04  2.118485E-12  2.362488E-08
  1.413305E-04  2.197623E-12  2.438776E-08
  1.430689E-04  2.279717E-12  2.517544E-08
  1.448286E-04  2.364877E-12  2.598873E-08
  1.466100E-04  2.453219E-12  2.682846E-08
  1.484133E-04  2.544861E-12  2.769548E-08
  1.502388E-04  2.639926E-12  2.859069E-08
  1.520867E-04  2.738542E-12  2.951499E-08
  1.539574E-04  2.840842E-12  3.046933E-08
  1.558511E-04  2.946964E-12  3.145469E-08
  1.577680E-04  3.057050E-12  3.247208E-08
  1.597086E-04  3.171248E-12  3.352254E-08
  1.616730E-04  3.289713E-12  3.460714E-08
  1.636616E-04  3.412602E-12  3.572699E-08
  1.656746E-04  3.540083E-12  3.688325E-08
  1.677124E-04  3.672325E-12  3.807708E-08
  1.697753E-04  3.809507E-12  3.930973E-08
  1.718635E-04  3.951814E-12  4.058245E-08
  1.739774E-04  4.099437E-12  4.189654E-08
  1.761173E-04  4.252575E-12  4.325335E-08
  1.782836E-04  4.411433E-12  4.465428E-08
  1.804765E-04  4.576225E-12  4.610076E-08
  1.826963E-04  4.747173E-12  4.759427E-08
  1.849435E-04  4.924507E-12  4.913635E-08
  1.872183E-04  5.108466E-12  5.072858E-08
  1.895211E-04  5.299296E-12  5.237259E-08
  1.918522E-04  5.497256E-12  5.407007E-08
  1.942120E-04  5.702610E-12  5.582277E-08
  1.966008E-04  5.915635E-12  5.763248E-08
  1.990190E-04  6.136618E-12  5.950107E-08
  2.014669E-04  6.365855E-12  6.143045E-08
  2.039450E-04  6.603657E-12  6.342261E-08
  2.064535E-04  6.850341E-12  6.547959E-08
  2.089929E-04  7.106241E-12  6.760352E-08
  2.115635E-04  7.371699E-12  6.979658E-08
  2.141657E-04  7.647075E-12  7.206102E-08
  2.167999E-04  7.932737E-12  7.439917E-08
  2.194666E-04  8.229070E-12  7.681345E-08
  2.221660E-04  8.536473E-12  7.930634E-08
  2.248987E-04  8.855359E-12  8.188040E-08
  2.276649E-04  9.186157E-12  8.453829E-08
  2.304652E-04  9.529313E-12  8.728274E-08
  2.332999E-04  9.885287E-12  9.011659E-08
  2.361695E-04  1.025456E-11  9.304277E-08
  2.390744E-04  1.063763E-11  9.606428E-08
  2.420150E-04  1.103500E-11  9.918424E-08
  2.449918E-04  1.144722E-11  1.024059E-07
  2.480052E-04  1.187484E-11  1.057325E-07
  2.510557E-04  1.231844E-11  1.091676E-07
  2.541436E-04  1.277860E-11  1.127146E-07
  2.572696E-04  1.325595E-11  1.163773E-07
  2.604340E-04  1.375114E-11  1.201595E-07
  2.636374E-04  1.426482E-11  1.240650E-07
  2.668801E-04  1.479770E-11  1.280978E-07
  2.701627E-04  1.535048E-11  1.322622E-07
  2.734857E-04  1.592390E-11  1.365625E-07
  2.768496E-04  1.651875E-11  1.410031E-07
  2.802548E-04  1.713582E-11  1.455886E-07
  2.837020E-04  1.777594E-11  1.503238E-07
  2.871915E-04  1.843998E-11  1.552135E-07
  2.907240E-04  1.912882E-11  1.602629E-07
  2.942999E-04  1.984339E-11  1.654771E-07
  2.979198E-04  2.058465E-11  1.708616E-07
  3.015842E-04  2.135361E-11  1.764220E-07
  3.052937E-04  2.215129E-11  1.821640E-07
  3.090488E-04  2.297876E-11  1.880936E-07
  3.128501E-04  2.383715E-11  1.942169E-07
  3.166981E-04  2.472761E-11  2.005403E-07
  3.205935E-04  2.565132E-11  2.070704E-07
  3.245368E-04  2.660955E-11  2.138140E-07
  3.285286E-04  2.760357E-11  2.207781E-07
  3.325695E-04  2.863472E-11  2.279698E-07
  3.366601E-04  2.970439E-11  2.353968E-07
  3.408010E-04  3.081402E-11  2.430667E-07
  3.449929E-04  3.196510E-11  2.509875E-07
  3.492363E-04  3.315918E-11  2.591675E-07
  3.535319E-04  3.439786E-11  2.676152E-07
  3.578804E-04  3.568282E-11  2.763393E-07
  3.622823E-04  3.701578E-11  2.853490E-07
  3.667384E-04  3.839853E-11  2.946538E-07
  3.712492E-04  3.983294E-11  3.042632E-07
  3.758156E-04  4.132093E-11  3.141873E-07
  3.804381E-04  4.286450E-11  3.244365E-07
  3.851175E-04  4.446573E-11  3.350215E-07
  3.898545E-04  4.612678E-11  3.459534E-07
  3.946497E-04  4.784988E-11  3.572435E-07
  3.995039E-04  4.963735E-11  3.689037E-07
  4.044178E-04  5.149159E-11  3.809462E-07
  4.093921E-04  5.341510E-11  3.933835E-07
  4.144276E-04  5.541046E-11  4.062288E-07
  4.195251E-04  5.748036E-11  4.194954E-07
  4.246853E-04  5.962758E-11  4.331972E-07
  4.299089E-04  6.185501E-11  4.473487E-07
  4.351968E-04  6.416565E-11  4.619646E-07
  4.405497E-04  6.656260E-11  4.770603E-07
  4.459684E-04  6.904910E-11  4.926516E-07
  4.514539E-04  7.162848E-11  5.087548E-07
  4.570067E-04  7.430421E-11  5.253870E-07
  4.626279E-04  7.707990E-11  5.425655E-07
  4.683182E-04  7.995927E-11  5.603084E-07
  4.740786E-04  8.294621E-11  5.786344E-07
  4.799097E-04  8.604473E-11  5.975628E-07
  4.858126E-04  8.925899E-11  6.171134E-07
  4.917881E-04  9.259333E-11  6.373068E-07
  4.978371E-04  9.605222E-11  6.581643E-07
  5.039605E-04  9.964032E-11  6.797080E-07
  5.101592E-04  1.033625E-10  7.019604E-07
  5.164342E-04  1.072236E-10  7.249450E-07
  5.227863E-04  1.112291E-10  7.486862E-07
  5.292166E-04  1.153841E-10  7.732088E-07
  5.357260E-04  1.196944E-10  7.985390E-07
  5.423154E-04  1.241656E-10  8.247033E-07
  5.489859E-04  1.288039E-10  8.517294E-07
  5.557384E-04  1.336155E-10  8.796459E-07
  5.625740E-04  1.386068E-10  9.084824E-07
  5.694936E-04  1.437845E-10  9.382692E-07
  5.764984E-04  1.491557E-10  9.690380E-07
  5.835893E-04  1.547275E-10  1.000821E-06
  5.907675E-04  1.605075E-10  1.033653E-06
  5.980339E-04  1.665034E-10  1.067567E-06
  6.053897E-04  1.727232E-10  1.102601E-06
  6.128360E-04  1.791754E-10  1.138790E-06
  6.203739E-04  1.858687E-10  1.176175E-06
  6.280045E-04  1.928119E-10  1.214793E-06
  6.357290E-04  2.000146E-10  1.254686E-06
  6.435484E-04  2.074863E-10  1.295897E-06
  6.514641E-04  2.152371E-10  1.338470E-06
  6.594771E-04  2.232774E-10  1.382449E-06
  6.675887E-04  2.316181E-10  1.427882E-06
  6.758000E-04  2.402703E-10  1.474816E-06
  6.841123E-04  2.492458E-10  1.523302E-06
  6.925269E-04  2.585566E-10  1.573392E-06
  7.010450E-04  2.682152E-10  1.625138E-06
  7.096679E-04  2.782345E-10  1.678597E-06
  7.183968E-04  2.886282E-10  1.733825E-06
  7.272330E-04  2.994101E-10  1.790880E-06
  7.361780E-04  3.105948E-10  1.849825E-06
  7.452330E-04  3.221973E-10  1.910721E-06
  7.543994E-04  3.342332E-10  1.973634E-06
  7.636785E-04  3.467187E-10  2.038631E-06
  7.730717E-04  3.596706E-10  2.105783E-06
  7.825805E-04  3.731064E-10  2.175159E-06
  7.922062E-04  3.870441E-10  2.246836E-06
  8.019504E-04  4.015024E-10  2.320889E-06
  8.118144E-04  4.165008E-10  2.397398E-06
  8.217997E-04  4.320595E-10  2.476445E-06
  8.319078E-04  4.481994E-10  2.558115E-06
  8.421403E-04  4.649422E-10  2.642495E-06
  8.524986E-04  4.823105E-10  2.729675E-06
  8.629844E-04  5.003275E-10  2.819751E-06
  8.735991E-04  5.190176E-10  2.912818E-06
  8.843443E-04  5.384059E-10  3.008976E-06
  8.952218E-04  5.585185E-10  3.108328E-06
  9.062330E-04  5.793823E-10  3.210983E-06
  9.173797E-04  6.010256E-10  3.317049E-06
  9.286634E-04  6.234773E-10  3.426641E-06
  9.400860E-04  6.467678E-10  3.539878E-06
  9.516490E-04  6.709283E-10  3.656881E-06
  9.633543E-04  6.959913E-10  3.777777E-06
  9.752036E-04  7.219905E-10  3.902695E-06
  9.871986E-04  7.489610E-10  4.031771E-06
  9.993411E-04  7.769390E-10  4.165144E-06
  1.011633E-03  8.059621E-10  4.302957E-06
  1.024076E-03  8.360694E-10  4.445360E-06
  1.036672E-03  8.673014E-10  4.592507E-06
  1.049423E-03  8.997001E-10  4.744557E-06
  1.062331E-03  9.333091E-10  4.901674E-06
  1.075398E-03  9.681735E-10  5.064028E-06
  1.088625E-03  1.004340E-09  5.231795E-06
  1.102015E-03  1.041858E-09  5.405157E-06
  1.115570E-03  1.080778E-09  5.584301E-06
  1.129292E-03  1.121151E-09  5.769422E-06
  1.143182E-03  1.163032E-09  5.960720E-06
  1.157243E-03  1.206478E-09  6.158403E-06
  1.171477E-03  1.251547E-09  6.362685E-06
  1.185886E-03  1.298299E-09  6.573788E-06
  1.200473E-03  1.346798E-09  6.791941E-06
  1.215239E-03  1.397109E-09  7.017382E-06
  1.230186E-03  1.449299E-09  7.250355E-06
  1.245317E-03  1.503439E-09  7.491113E-06
  1.260635E-03  1.559601E-09  7.739918E-06
  1.276141E-03  1.617861E-09  7.997042E-06
  1.291837E-03  1.678297E-09  8.262763E-06
  1.307727E-03  1.740991E-09  8.537371E-06
  1.323812E-03  1.806027E-09  8.821165E-06
  1.340095E-03  1.873493E-09  9.114455E-06
  1.356578E-03  1.943478E-09  9.417559E-06
  1.373264E-03  2.016078E-09  9.730809E-06
  1.390155E-03  2.091390E-09  1.005455E-05
  1.407254E-03  2.169516E-09  1.038912E-05
  1.424563E-03  2.250560E-09  1.073490E-05
  1.442085E-03  2.334631E-09  1.109227E-05
  1.459823E-03  2.421843E-09  1.146161E-05
  1.477778E-03  2.512312E-09  1.184332E-05
  1.495955E-03  2.606162E-09  1.223783E-05
  1.514355E-03  2.703517E-09  1.264556E-05
  1.532982E-03  2.804509E-09  1.306696E-05
  1.551838E-03  2.909273E-09  1.350249E-05
  1.570925E-03  3.017951E-09  1.395263E-05
  1.590248E-03  3.130689E-09  1.441787E-05
  1.609808E-03  3.247638E-09  1.489872E-05
  1.629608E-03  3.368956E-09  1.539570E-05
  1.649653E-03  3.494806E-09  1.590936E-05
  1.669943E-03  3.625357E-09  1.644027E-05
  1.690484E-03  3.760785E-09  1.698900E-05
  1.711276E-03  3.901272E-09  1.755615E-05
  1.732325E-03  4.047006E-09  1.814235E-05
  1.753633E-03  4.198185E-09  1.874824E-05
  1.775202E-03  4.355011E-09  1.937448E-05
  1.797037E-03  4.517696E-09  2.002176E-05
  1.819141E-03  4.686458E-09  2.069079E-05
  1.841516E-03  4.861524E-09  2.138231E-05
  1.864167E-03  5.043130E-09  2.209706E-05
  1.887096E-03  5.231520E-09  2.283585E-05
  1.910308E-03  5.426947E-09  2.359947E-05
  1.933804E-03  5.629674E-09  2.438877E-05
  1.957590E-03  5.839975E-09  2.520461E-05
  1.981669E-03  6.058131E-09  2.604789E-05
  2.006043E-03  6.284437E-09  2.691953E-05
  2.030717E-03  6.519197E-09  2.782049E-05
  2.055695E-03  6.762726E-09  2.875177E-05
  2.080980E-03  7.015353E-09  2.971438E-05
  2.106576E-03  7.277417E-09  3.070938E-05
  2.132487E-03  7.549270E-09  3.173787E-05
  2.158717E-03  7.831278E-09  3.280097E-05
  2.185269E-03  8.123821E-09  3.389985E-05
  2.212148E-03  8.427292E-09  3.503573E-05
  2.239357E-03  8.742100E-09  3.620984E-05
  2.266901E-03  9.068668E-09  3.742348E-05
  2.294784E-03  9.407434E-09  3.867798E-05
  2.323010E-03  9.758856E-09  3.997473E-05
  2.351583E-03  1.012340E-08  4.131513E-05
  2.380508E-03  1.050157E-08  4.270068E-05
  2.409788E-03  1.089387E-08  4.413289E-05
  2.439428E-03  1.130081E-08  4.561333E-05
  2.469433E-03  1.172296E-08  4.714364E-05
  2.499807E-03  1.216088E-08  4.872548E-05
  2.530555E-03  1.261516E-08  5.036061E-05
  2.561681E-03  1.308641E-08  5.205081E-05
  2.593189E-03  1.357526E-08  5.379794E-05
  2.625086E-03  1.408238E-08  5.560392E-05
  2.657374E-03  1.460843E-08  5.747074E-05
  2.690060E-03  1.515414E-08  5.940043E-05
  2.723148E-03  1.572024E-08  6.139513E-05
  2.756642E-03  1.630748E-08  6.345702E-05
  2.790549E-03  1.691666E-08  6.558836E-05
  2.824873E-03  1.754859E-08  6.779149E-05
  2.859619E-03  1.820413E-08  7.006882E-05
  2.894792E-03  1.888416E-08  7.242286E-05
  2.930398E-03  1.958959E-08  7.485618E-05
  2.966442E-03  2.032137E-08  7.737145E-05
  3.002929E-03  2.108049E-08  7.997143E-05
  3.039865E-03  2.186797E-08  8.265896E-05
  3.077255E-03  2.268486E-08  8.543699E-05
  3.115106E-03  2.353227E-08  8.830855E-05
  3.153422E-03  2.441134E-08  9.127679E-05
  3.192209E-03  2.532324E-08  9.434496E-05
  3.231473E-03  2.626921E-08  9.751640E-05
  3.271220E-03  2.725051E-08  1.007946E-04
  3.311456E-03  2.826848E-08  1.041831E-04
  3.352187E-03  2.932447E-08  1.076857E-04
  3.393419E-03  3.041990E-08  1.113061E-04
  3.435158E-03  3.155626E-08  1.150483E-04
  3.477410E-03  3.273507E-08  1.189163E-04
  3.520182E-03  3.395791E-08  1.229145E-04
  3.563481E-03  3.522643E-08  1.270472E-04
  3.607311E-03  3.654234E-08  1.313187E-04
  3.651681E-03  3.790740E-08  1.357339E-04
  3.696597E-03  3.932346E-08  1.402975E-04
  3.742065E-03  4.079242E-08  1.450145E-04
  3.788093E-03  4.231625E-08  1.498899E-04
  3.834686E-03  4.389700E-08  1.549292E-04
  3.881853E-03  4.553680E-08  1.601376E-04
  3.929600E-03  4.723786E-08  1.655210E-04
  3.977934E-03  4.900247E-08  1.710851E-04
  4.026862E-03  5.083299E-08  1.768360E-04
  4.076393E-03  5.273189E-08  1.827798E-04
  4.126532E-03  5.470173E-08  1.889230E-04
  4.177289E-03  5.674515E-08  1.952723E-04
  4.228669E-03  5.886491E-08  2.018344E-04
  4.280682E-03  6.106385E-08  2.086165E-04
  4.333334E-03  6.334493E-08  2.156259E-04
  4.386634E-03  6.571123E-08  2.228702E-04
  4.440590E-03  6.816591E-08  2.303570E-04
  4.495209E-03  7.071230E-08  2.380945E-04
  4.550500E-03  7.335381E-08  2.460909E-04
  4.606471E-03  7.609399E-08  2.543549E-04
  4.663131E-03  7.893654E-08  2.628953E-04
  4.720487E-03  8.188527E-08  2.717213E-04
  4.778549E-03  8.494415E-08  2.808422E-04
  4.837326E-03  8.811730E-08  2.902679E-04
  4.896825E-03  9.140898E-08  3.000083E-04
  4.957056E-03  9.482363E-08  3.100739E-04
  5.018027E-03  9.836583E-08  3.204755E-04
  5.079749E-03  1.020404E-07  3.312239E-04
  5.142230E-03  1.058521E-07  3.423307E-04
  5.205479E-03  1.098063E-07  3.538077E-04
  5.269507E-03  1.139082E-07  3.656670E-04
  5.334322E-03  1.181633E-07  3.779212E-04
  5.399934E-03  1.225774E-07  3.905832E-04
  5.466353E-03  1.271564E-07  4.036663E-04
  5.533589E-03  1.319064E-07  4.171845E-04
  5.601652E-03  1.368338E-07  4.311519E-04
  5.670553E-03  1.419454E-07  4.455831E-04
  5.740301E-03  1.472478E-07  4.604934E-04
  5.810906E-03  1.527484E-07  4.758984E-04
  5.882380E-03  1.584544E-07  4.918141E-04
  5.954734E-03  1.643736E-07  5.082573E-04
  6.027977E-03  1.705139E-07  5.252450E-04
  6.102121E-03  1.768835E-07  5.427951E-04
  6.177177E-03  1.834911E-07  5.609256E-04
  6.253156E-03  1.903456E-07  5.796555E-04
  6.330070E-03  1.974560E-07  5.990042E-04
  6.407930E-03  2.048321E-07  6.189917E-04
  6.486748E-03  2.124838E-07  6.396386E-04
  6.566535E-03  2.204213E-07  6.609662E-04
  6.647303E-03  2.286552E-07  6.829965E-04
  6.729065E-03  2.371968E-07  7.057520E-04
  6.811832E-03  2.460575E-07  7.292562E-04
  6.895618E-03  2.552491E-07  7.535331E-04
  6.980434E-03  2.647841E-07  7.786075E-04
  7.066293E-03  2.746753E-07  8.045049E-04
  7.153209E-03  2.849360E-07  8.312516E-04
  7.241193E-03  2.955799E-07  8.588749E-04
  7.330260E-03  3.066215E-07  8.874027E-04
  7.420422E-03  3.180756E-07  9.168638E-04
  7.511693E-03  3.299575E-07  9.472879E-04
  7.604087E-03  3.422833E-07  9.787057E-04
  7.697617E-03  3.550695E-07  1.011149E-03
  7.792298E-03  3.683333E-07  1.044649E-03
  7.888143E-03  3.820927E-07  1.079241E-03
  7.985167E-03  3.963660E-07  1.114958E-03
  8.083385E-03  4.111725E-07  1.151837E-03
  8.182811E-03  4.265321E-07  1.189913E-03
  8.283459E-03  4.424655E-07  1.229224E-03
  8.385346E-03  4.589941E-07  1.269810E-03
  8.488486E-03  4.761401E-07  1.311710E-03
  8.592894E-03  4.939266E-07  1.354964E-03
  8.698586E-03  5.123775E-07  1.399617E-03
  8.805579E-03  5.315177E-07  1.445710E-03
  8.913888E-03  5.513729E-07  1.493290E-03
  9.023529E-03  5.719698E-07  1.542401E-03
  9.134518E-03  5.933361E-07  1.593092E-03
  9.246873E-03  6.155005E-07  1.645412E-03
  9.360609E-03  6.384929E-07  1.699410E-03
  9.475745E-03  6.623442E-07  1.755139E-03
  9.592296E-03  6.870865E-07  1.812651E-03
  9.710281E-03  7.127530E-07  1.872002E-03
  9.829718E-03  7.393783E-07  1.933248E-03
  9.950623E-03  7.669982E-07  1.996447E-03
  1.007302E-02  7.956499E-07  2.061658E-03
  1.019691E-02  8.253719E-07  2.128943E-03
  1.032234E-02  8.562041E-07  2.198365E-03
  1.044930E-02  8.881881E-07  2.269988E-03
  1.057783E-02  9.213669E-07  2.343879E-03
  1.070793E-02  9.557851E-07  2.420107E-03
  1.083964E-02  9.914890E-07  2.498741E-03
  1.097297E-02  1.028527E-06  2.579854E-03
  1.110794E-02  1.066948E-06  2.663520E-03
  1.124457E-02  1.106804E-06  2.749816E-03
  1.138287E-02  1.148150E-06  2.838820E-03
  1.152288E-02  1.191039E-06  2.930613E-03
  1.166461E-02  1.235531E-06  3.025276E-03
  1.180809E-02  1.281685E-06  3.122895E-03
  1.195333E-02  1.329563E-06  3.223557E-03
  1.210035E-02  1.379230E-06  3.327352E-03
  1.224919E-02  1.430752E-06  3.434371E-03
  1.239985E-02  1.484198E-06  3.544709E-03
  1.255237E-02  1.539641E-06  3.658462E-03
  1.270677E-02  1.597155E-06  3.775729E-03
  1.286306E-02  1.656818E-06  3.896613E-03
  1.302127E-02  1.718709E-06  4.021218E-03
  1.318144E-02  1.782912E-06  4.149651E-03
  1.334357E-02  1.849514E-06  4.282021E-03
  1.350769E-02  1.918603E-06  4.418441E-03
  1.367384E-02  1.990274E-06  4.559028E-03
  1.384203E-02  2.064621E-06  4.703898E-03
  1.401228E-02  2.141746E-06  4.853174E-03
  1.418463E-02  2.221752E-06  5.006979E-03
  1.435911E-02  2.304747E-06  5.165441E-03
  1.453572E-02  2.390842E-06  5.328691E-03
  1.471451E-02  2.480153E-06  5.496861E-03
  1.489550E-02  2.572800E-06  5.670088E-03
  1.507872E-02  2.668908E-06  5.848513E-03
  1.526418E-02  2.768606E-06  6.032279E-03
  1.545193E-02  2.872028E-06  6.221532E-03
  1.564199E-02  2.979314E-06  6.416423E-03
  1.583439E-02  3.090608E-06  6.617104E-03
  1.602915E-02  3.206059E-06  6.823733E-03
  1.622631E-02  3.325822E-06  7.036470E-03
  1.642589E-02  3.450059E-06  7.255480E-03
  1.662793E-02  3.578938E-06  7.480930E-03
  1.683246E-02  3.712630E-06  7.712991E-03
  1.703949E-02  3.851317E-06  7.951839E-03
  1.724908E-02  3.995184E-06  8.197652E-03
  1.746124E-02  4.144425E-06  8.450613E-03
  1.767602E-02  4.299242E-06  8.710909E-03
  1.789343E-02  4.459841E-06  8.978730E-03
  1.811352E-02  4.626440E-06  9.254270E-03
  1.833632E-02  4.799262E-06  9.537727E-03
  1.856185E-02  4.978539E-06  9.829304E-03
  1.879017E-02  5.164514E-06  1.012921E-02
  1.902128E-02  5.357436E-06  1.043765E-02
  1.925525E-02  5.557564E-06  1.075483E-02
  1.949209E-02  5.765168E-06  1.108099E-02
  1.973184E-02  5.980527E-06  1.141634E-02
  1.997454E-02  6.203931E-06  1.176110E-02
  2.022023E-02  6.435680E-06  1.211551E-02
  2.046894E-02  6.676086E-06  1.247981E-02
  2.072070E-02  6.925472E-06  1.285422E-02
  2.097557E-02  7.184174E-06  1.323899E-02
  2.123357E-02  7.452540E-06  1.363438E-02
  2.149474E-02  7.730931E-06  1.404062E-02
  2.175913E-02  8.019720E-06  1.445798E-02
  2.202676E-02  8.319298E-06  1.488670E-02
  2.229769E-02  8.630066E-06  1.532707E-02
  2.257195E-02  8.952442E-06  1.577933E-02
  2.284959E-02  9.286861E-06  1.624377E-02
  2.313064E-02  9.633772E-06  1.672065E-02
  2.341515E-02  9.993642E-06  1.721025E-02
  2.370315E-02  1.036695E-05  1.771286E-02
  2.399470E-02  1.075421E-05  1.822875E-02
  2.428984E-02  1.115593E-05  1.875822E-02
  2.458860E-02  1.157266E-05  1.930156E-02
  2.489104E-02  1.200496E-05  1.985906E-02
  2.519720E-02  1.245340E-05  2.043101E-02
  2.550713E-02  1.291860E-05  2.101773E-02
  2.582086E-02  1.340117E-05  2.161951E-02
  2.613846E-02  1.390177E-05  2.223666E-02
  2.645996E-02  1.442107E-05  2.286949E-02
  2.678542E-02  1.495976E-05  2.351831E-02
  2.711488E-02  1.551858E-05  2.418342E-02
  2.744839E-02  1.609827E-05  2.486516E-02
  2.778601E-02  1.669962E-05  2.556383E-02
  2.812778E-02  1.732343E-05  2.627975E-02
  2.847375E-02  1.797054E-05  2.701323E-02
  2.882398E-02  1.864182E-05  2.776461E-02
  2.917851E-02  1.933818E-05  2.853420E-02
  2.953741E-02  2.006055E-05  2.932233E-02
  2.990072E-02  2.080991E-05  3.012931E-02
  3.026850E-02  2.158725E-05  3.095546E-02
  3.064080E-02  2.239363E-05  3.180110E-02
  3.101768E-02  2.323013E-05  3.266657E-02
  3.139920E-02  2.409788E-05  3.355216E-02
  3.178541E-02  2.499804E-05  3.445820E-02
  3.217637E-02  2.593183E-05  3.538501E-02
  3.257214E-02  2.690050E-05  3.633289E-02
  3.297278E-02  2.790535E-05  3.730215E-02
  3.337834E-02  2.894773E-05  3.829310E-02
  3.378889E-02  3.002905E-05  3.930604E-02
  3.420450E-02  3.115076E-05  4.034126E-02
  3.462521E-02  3.231437E-05  4.139906E-02
  3.505110E-02  3.352145E-05  4.247972E-02
  3.548223E-02  3.477361E-05  4.358352E-02
  3.591866E-02  3.607255E-05  4.471073E-02
  3.636046E-02  3.742000E-05  4.586162E-02
  3.680770E-02  3.881779E-05  4.703644E-02
  3.726043E-02  4.026778E-05  4.823544E-02
  3.771873E-02  4.177194E-05  4.945886E-02
  3.818267E-02  4.333229E-05  5.070693E-02
  3.865232E-02  4.495091E-05  5.197986E-02
  3.912774E-02  4.663000E-05  5.327786E-02
  3.960902E-02  4.837180E-05  5.460112E-02
  4.009621E-02  5.017866E-05  5.594982E-02
  4.058939E-02  5.205302E-05  5.732413E-02
  4.108864E-02  5.399738E-05  5.872419E-02
  4.159403E-02  5.601438E-05  6.015014E-02
  4.210564E-02  5.810671E-05  6.160209E-02
  4.262354E-02  6.027719E-05  6.308015E-02
  4.314781E-02  6.252874E-05  6.458439E-02
  4.367852E-02  6.486440E-05  6.611487E-02
  4.421577E-02  6.728729E-05  6.767163E-02
  4.475962E-02  6.980069E-05  6.925470E-02
  4.531017E-02  7.240796E-05  7.086405E-02
  4.586748E-02  7.511262E-05  7.249967E-02
  4.643165E-02  7.791830E-05  7.416149E-02
  4.700276E-02  8.082878E-05  7.584944E-02
  4.758090E-02  8.384797E-05  7.756340E-02
  4.816614E-02  8.697992E-05  7.930324E-02
  4.875858E-02  9.022886E-05  8.106879E-02
  4.935831E-02  9.359915E-05  8.285984E-02
  4.996542E-02  9.709532E-05  8.467617E-02
  5.058000E-02  1.007221E-04  8.651752E-02
  5.120213E-02  1.044843E-04  8.838357E-02
  5.183192E-02  1.083870E-04  9.027399E-02
  5.246945E-02  1.124355E-04  9.218842E-02
  5.311482E-02  1.166352E-04  9.412642E-02
  5.376814E-02  1.209918E-04  9.608756E-02
  5.442948E-02  1.255111E-04  9.807134E-02
  5.509897E-02  1.301992E-04  1.000772E-01
  5.577668E-02  1.350624E-04  1.021046E-01
  5.646274E-02  1.401072E-04  1.041529E-01
  5.715723E-02  1.453405E-04  1.062214E-01
  5.786026E-02  1.507692E-04  1.083093E-01
  5.857194E-02  1.564006E-04  1.104160E-01
  5.929238E-02  1.622424E-04  1.125406E-01
  6.002167E-02  1.683024E-04  1.146822E-01
  6.075994E-02  1.745887E-04  1.168399E-01
  6.150729E-02  1.811097E-04  1.190128E-01
  6.226383E-02  1.878744E-04  1.211996E-01
  6.302967E-02  1.948917E-04  1.233995E-01
  6.380494E-02  2.021710E-04  1.256111E-01
  6.458974E-02  2.097223E-04  1.278334E-01
  6.538419E-02  2.175555E-04  1.300650E-01
  6.618842E-02  2.256813E-04  1.323045E-01
  6.700254E-02  2.341106E-04  1.345507E-01
  6.782667E-02  2.428547E-04  1.368020E-01
  6.866094E-02  2.519253E-04  1.390569E-01
  6.950546E-02  2.613348E-04  1.413137E-01
  7.036038E-02  2.710956E-04  1.435710E-01
  7.122581E-02  2.812209E-04  1.458268E-01
  7.210189E-02  2.917244E-04  1.480795E-01
  7.298875E-02  3.026202E-04  1.503271E-01
  7.388651E-02  3.139229E-04  1.525677E-01
  7.479531E-02  3.256476E-04  1.547994E-01
  7.571529E-02  3.378103E-04  1.570200E-01
  7.664659E-02  3.504271E-04  1.592274E-01
  7.758934E-02  3.635152E-04  1.614194E-01
  7.854369E-02  3.770920E-04  1.635938E-01
  7.950978E-02  3.911758E-04  1.657481E-01
  8.048775E-02  4.057856E-04  1.678800E-01
  8.147775E-02  4.209409E-04  1.699869E-01
  8.247993E-02  4.366623E-04  1.720663E-01
  8.349443E-02  4.529707E-04  1.741156E-01
  8.452141E-02  4.698881E-04  1.761321E-01
  8.556102E-02  4.874373E-04  1.781131E-01
  8.661343E-02  5.056418E-04  1.800556E-01
  8.767877E-02  5.245261E-04  1.819568E-01
  8.875722E-02  5.441156E-04  1.838138E-01
  8.984893E-02  5.644366E-04  1.856236E-01
  9.095407E-02  5.855165E-04  1.873830E-01
  9.207281E-02  6.073835E-04  1.890890E-01
  9.320531E-02  6.300670E-04  1.907383E-01
  9.435173E-02  6.535976E-04  1.923278E-01
  9.551226E-02  6.780068E-04  1.938540E-01
  9.668706E-02  7.033275E-04  1.953138E-01
  9.787631E-02  7.295937E-04  1.967037E-01
  9.908019E-02  7.568407E-04  1.980202E-01
  1.002989E-01  7.851050E-04  1.992600E-01
  1.015325E-01  8.144247E-04  2.004194E-01
  1.027814E-01  8.448392E-04  2.014950E-01
  1.040456E-01  8.763894E-04  2.024832E-01
  1.053254E-01  9.091176E-04  2.033804E-01
  1.066209E-01  9.430677E-04  2.041829E-01
  1.079323E-01  9.782856E-04  2.048872E-01
  1.092599E-01  1.014818E-03  2.054896E-01
  1.106038E-01  1.052715E-03  2.059864E-01
  1.119642E-01  1.092027E-03  2.063741E-01
  1.133414E-01  1.132807E-03  2.066488E-01
  1.147355E-01  1.175109E-03  2.068070E-01
  1.161467E-01  1.218990E-03  2.068451E-01
  1.175753E-01  1.264510E-03  2.067594E-01
  1.190215E-01  1.311729E-03  2.065464E-01
  1.204855E-01  1.360712E-03  2.062025E-01
  1.219674E-01  1.411523E-03  2.057242E-01
  1.234676E-01  1.464231E-03  2.051080E-01
  1.249863E-01  1.518907E-03  2.043506E-01
  1.265236E-01  1.575624E-03  2.034487E-01
  1.280798E-01  1.634459E-03  2.023989E-01
  1.296552E-01  1.695490E-03  2.011981E-01
  1.312500E-01  1.758799E-03  1.998433E-01
  1.328644E-01  1.824472E-03  1.983313E-01
  1.344986E-01  1.892597E-03  1.966594E-01
  1.361529E-01  1.963265E-03  1.948247E-01
  1.378276E-01  2.036571E-03  1.928246E-01
  1.395229E-01  2.112613E-03  1.906566E-01
  1.412390E-01  2.191495E-03  1.883184E-01
  1.429763E-01  2.273321E-03  1.858076E-01
  1.447349E-01  2.358201E-03  1.831223E-01
  1.465151E-01  2.446250E-03  1.802605E-01
  1.483172E-01  2.537586E-03  1.772205E-01
  1.501415E-01  2.632331E-03  1.740007E-01
  1.519883E-01  2.730612E-03  1.705999E-01
  1.538577E-01  2.832562E-03  1.670169E-01
  1.557502E-01  2.938318E-03  1.632507E-01
  1.576659E-01  3.048021E-03  1.593007E-01
  1.596052E-01  3.161819E-03  1.551664E-01
  1.615684E-01  3.279865E-03  1.508475E-01
  1.635556E-01  3.402316E-03  1.463440E-01
  1.655674E-01  3.529338E-03  1.416562E-01
  1.676039E-01  3.661101E-03  1.367847E-01
  1.696654E-01  3.797781E-03  1.317302E-01
  1.717523E-01  3.939563E-03  1.264938E-01
  1.738648E-01  4.086636E-03  1.210768E-01
  1.760034E-01  4.239198E-03  1.154810E-01
  1.781682E-01  4.397454E-03  1.097081E-01
  1.803597E-01  4.561616E-03  1.037605E-01
  1.825781E-01  4.731904E-03  9.764078E-02
  1.848238E-01  4.908547E-03  9.135173E-02
  1.870971E-01  5.091782E-03  8.489657E-02
  1.893984E-01  5.281854E-03  7.827880E-02
  1.917280E-01  5.479019E-03  7.150226E-02
  1.940863E-01  5.683541E-03  6.457113E-02
  1.964735E-01  5.895695E-03  5.748990E-02
  1.988902E-01  6.115765E-03  5.026341E-02
  2.013365E-01  6.344045E-03  4.289684E-02
  2.038130E-01  6.580843E-03  3.539569E-02
  2.063199E-01  6.826476E-03  2.776581E-02
  2.088576E-01  7.081272E-03  2.001338E-02
  2.114265E-01  7.345574E-03  1.214493E-02
  2.140271E-01  7.619736E-03  4.167306E-03
  2.166596E-01  7.904125E-03 -3.912313E-03
  2.193245E-01  8.199122E-03 -1.208642E-02
  2.220222E-01  8.505123E-03 -2.034718E-02
  2.247531E-01  8.822537E-03 -2.868645E-02
  2.275176E-01  9.151789E-03 -3.709577E-02
  2.303160E-01  9.493321E-03 -4.556640E-02
  2.331489E-01  9.847589E-03 -5.408927E-02
  2.360166E-01  1.021507E-02 -6.265506E-02
  2.389197E-01  1.059625E-02 -7.125415E-02
  2.418584E-01  1.099164E-02 -7.987666E-02
  2.448332E-01  1.140178E-02 -8.851246E-02
  2.478447E-01  1.182720E-02 -9.715120E-02
  2.508932E-01  1.226848E-02 -1.057823E-01
  2.539791E-01  1.272621E-02 -1.143948E-01
  2.571031E-01  1.320100E-02 -1.229779E-01
  2.602655E-01  1.369348E-02 -1.315204E-01
  2.634667E-01  1.420432E-02 -1.400108E-01
  2.667074E-01  1.473418E-02 -1.484376E-01
  2.699879E-01  1.528378E-02 -1.567893E-01
  2.733087E-01  1.585386E-02 -1.650541E-01
  2.766704E-01  1.644516E-02 -1.732200E-01
  2.800735E-01  1.705848E-02 -1.812753E-01
  2.835184E-01  1.769464E-02 -1.892078E-01
  2.870056E-01  1.835448E-02 -1.970055E-01
  2.905358E-01  1.903887E-02 -2.046564E-01
  2.941094E-01  1.974872E-02 -2.121482E-01
  2.977269E-01  2.048499E-02 -2.194689E-01
  3.013890E-01  2.124864E-02 -2.266064E-01
  3.050961E-01  2.204068E-02 -2.335487E-01
  3.088487E-01  2.286216E-02 -2.402837E-01
  3.126476E-01  2.371417E-02 -2.467995E-01
  3.164932E-01  2.459783E-02 -2.530842E-01
  3.203860E-01  2.551432E-02 -2.591263E-01
  3.243268E-01  2.646482E-02 -2.649141E-01
  3.283160E-01  2.745060E-02 -2.704364E-01
  3.323543E-01  2.847295E-02 -2.756821E-01
  3.364422E-01  2.953321E-02 -2.806403E-01
  3.405805E-01  3.063276E-02 -2.853005E-01
  3.447696E-01  3.177305E-02 -2.896523E-01
  3.490103E-01  3.295556E-02 -2.936859E-01
  3.533031E-01  3.418183E-02 -2.973918E-01
  3.576487E-01  3.545344E-02 -3.007606E-01
  3.620478E-01  3.677206E-02 -3.037837E-01
  3.665010E-01  3.813937E-02 -3.064525E-01
  3.710090E-01  3.955714E-02 -3.087592E-01
  3.755724E-01  4.102720E-02 -3.106961E-01
  3.801919E-01  4.255142E-02 -3.122563E-01
  3.848683E-01  4.413175E-02 -3.134332E-01
  3.896022E-01  4.577019E-02 -3.142206E-01
  3.943943E-01  4.746883E-02 -3.146130E-01
  3.992453E-01  4.922981E-02 -3.146053E-01
  4.041560E-01  5.105533E-02 -3.141930E-01
  4.091271E-01  5.294768E-02 -3.133721E-01
  4.141594E-01  5.490922E-02 -3.121391E-01
  4.192536E-01  5.694236E-02 -3.104911E-01
  4.244104E-01  5.904961E-02 -3.084259E-01
  4.296306E-01  6.123355E-02 -3.059417E-01
  4.349151E-01  6.349682E-02 -3.030373E-01
  4.402645E-01  6.584216E-02 -2.997122E-01
  4.456798E-01  6.827238E-02 -2.959662E-01
  4.511617E-01  7.079035E-02 -2.918001E-01
  4.567110E-01  7.339904E-02 -2.872149E-01
  4.623285E-01  7.610150E-02 -2.822122E-01
  4.680151E-01  7.890085E-02 -2.767945E-01
  4.737717E-01  8.180028E-02 -2.709646E-01
  4.795991E-01  8.480308E-02 -2.647257E-01
  4.854982E-01  8.791259E-02 -2.580819E-01
  4.914698E-01  9.113225E-02 -2.510377E-01
  4.975149E-01  9.446556E-02 -2.435980E-01
  5.036343E-01  9.791608E-02 -2.357684E-01
  5.098290E-01  1.014875E-01 -2.275548E-01
  5.160999E-01  1.051834E-01 -2.189638E-01
  5.224480E-01  1.090077E-01 -2.100025E-01
  5.288741E-01  1.129641E-01 -2.006782E-01
  5.353792E-01  1.170565E-01 -1.909988E-01
  5.419644E-01  1.212889E-01 -1.809728E-01
  5.486305E-01  1.256651E-01 -1.706089E-01
  5.553787E-01  1.301891E-01 -1.599164E-01
  5.622099E-01  1.348650E-01 -1.489046E-01
  5.691250E-01  1.396968E-01 -1.375837E-01
  5.761253E-01  1.446884E-01 -1.259640E-01
  5.832116E-01  1.498438E-01 -1.140559E-01
  5.903851E-01  1.551671E-01 -1.018706E-01
  5.976469E-01  1.606620E-01 -8.941934E-02
  6.049979E-01  1.663326E-01 -7.671359E-02
  6.124394E-01  1.721824E-01 -6.376519E-02
  6.199724E-01  1.782153E-01 -5.058623E-02
  6.275980E-01  1.844348E-01 -3.718897E-02
  6.353175E-01  1.908443E-01 -2.358594E-02
  6.431319E-01  1.974471E-01 -9.789817E-03
  6.510424E-01  2.042462E-01  4.186540E-03
  6.590503E-01  2.112445E-01  1.833012E-02
  6.671566E-01  2.184445E-01  3.262777E-02
  6.753626E-01  2.258487E-01  4.706625E-02
  6.836696E-01  2.334589E-01  6.163220E-02
  6.920787E-01  2.412768E-01  7.631219E-02
  7.005913E-01  2.493038E-01  9.109276E-02
  7.092085E-01  2.575405E-01  1.059604E-01
  7.179318E-01  2.659874E-01  1.209015E-01
  7.267624E-01  2.746444E-01  1.359026E-01
  7.357015E-01  2.835107E-01  1.509501E-01
  7.447507E-01  2.925850E-01  1.660306E-01
  7.539111E-01  3.018655E-01  1.811305E-01
  7.631842E-01  3.113495E-01  1.962366E-01
  7.725714E-01  3.210336E-01  2.113355E-01
  7.820740E-01  3.309138E-01  2.264140E-01
  7.916935E-01  3.409850E-01  2.414589E-01
  8.014313E-01  3.512414E-01  2.564573E-01
  8.112889E-01  3.616762E-01  2.713963E-01
  8.212678E-01  3.722818E-01  2.862633E-01
  8.313694E-01  3.830495E-01  3.010455E-01
  8.415952E-01  3.939693E-01  3.157307E-01
  8.519469E-01  4.050306E-01  3.303065E-01
  8.624258E-01  4.162213E-01  3.447610E-01
  8.730336E-01  4.275282E-01  3.590822E-01
  8.837720E-01  4.389371E-01  3.732585E-01
  8.946423E-01  4.504325E-01  3.872785E-01
  9.056464E-01  4.619976E-01  4.011310E-01
  9.167859E-01  4.736145E-01  4.148049E-01
  9.280624E-01  4.852640E-01  4.282896E-01
  9.394775E-01  4.969257E-01  4.415744E-01
  9.510331E-01  5.085782E-01  4.546493E-01
  9.627308E-01  5.201986E-01  4.675043E-01
  9.745724E-01  5.317632E-01  4.801297E-01
  9.865596E-01  5.432471E-01  4.925161E-01
  9.986943E-01  5.546245E-01  5.046546E-01
  1.010978E+00  5.658689E-01  5.165363E-01
  1.023413E+00  5.769528E-01  5.281529E-01
  1.036001E+00  5.878483E-01  5.394964E-01
  1.048744E+00  5.985271E-01  5.505590E-01
  1.061644E+00  6.089605E-01  5.613333E-01
  1.074702E+00  6.191201E-01  5.718124E-01
  1.087921E+00  6.289774E-01  5.819897E-01
  1.101302E+00  6.385044E-01  5.918590E-01
  1.114848E+00  6.476739E-01  6.014143E-01
  1.128561E+00  6.564594E-01  6.106503E-01
  1.142442E+00  6.648358E-01  6.195618E-01
  1.156494E+00  6.727794E-01  6.281442E-01
  1.170719E+00  6.802682E-01  6.363933E-01
  1.185119E+00  6.872823E-01  6.443051E-01
  1.199696E+00  6.938040E-01  6.518763E-01
  1.214452E+00  6.998179E-01  6.591037E-01
  1.229390E+00  7.053117E-01  6.659848E-01
  1.244511E+00  7.102758E-01  6.725173E-01
  1.259819E+00  7.147035E-01  6.786993E-01
  1.275315E+00  7.185917E-01  6.845294E-01
  1.291001E+00  7.219405E-01  6.900066E-01
  1.306880E+00  7.247535E-01  6.951302E-01
  1.322955E+00  7.270375E-01  6.999001E-01
  1.339227E+00  7.288031E-01  7.043162E-01
  1.355700E+00  7.300643E-01  7.083792E-01
  1.372375E+00  7.308381E-01  7.120899E-01
  1.389255E+00  7.311450E-01  7.154496E-01
  1.406343E+00  7.310084E-01  7.184599E-01
  1.423641E+00  7.304542E-01  7.211227E-01
  1.441152E+00  7.295112E-01  7.234403E-01
  1.458878E+00  7.282099E-01  7.254155E-01
  1.476822E+00  7.265827E-01  7.270511E-01
  1.494987E+00  7.246635E-01  7.283505E-01
  1.513375E+00  7.224868E-01  7.293171E-01
  1.531990E+00  7.200879E-01  7.299550E-01
  1.550833E+00  7.175018E-01  7.302681E-01
  1.569909E+00  7.147630E-01  7.302611E-01
  1.589218E+00  7.119049E-01  7.299384E-01
  1.608766E+00  7.089594E-01  7.293050E-01
  1.628554E+00  7.059562E-01  7.283662E-01
  1.648585E+00  7.029224E-01  7.271271E-01
  1.668862E+00  6.998820E-01  7.255934E-01
  1.689389E+00  6.968556E-01  7.237709E-01
  1.710169E+00  6.938594E-01  7.216654E-01
  1.731204E+00  6.909058E-01  7.192830E-01
  1.752498E+00  6.880020E-01  7.166300E-01
  1.774054E+00  6.851507E-01  7.137127E-01
  1.795874E+00  6.823491E-01  7.105376E-01
  1.817964E+00  6.795896E-01  7.071113E-01
  1.840325E+00  6.768592E-01  7.034405E-01
  1.862961E+00  6.741402E-01  6.995319E-01
  1.885875E+00  6.714100E-01  6.953924E-01
  1.909071E+00  6.686419E-01  6.910289E-01
  1.932553E+00  6.658057E-01  6.864482E-01
  1.956323E+00  6.628684E-01  6.816574E-01
  1.980386E+00  6.597950E-01  6.766633E-01
  2.004745E+00  6.565499E-01  6.714730E-01
  2.029403E+00  6.530981E-01  6.660934E-01
  2.054365E+00  6.494062E-01  6.605314E-01
  2.079633E+00  6.454440E-01  6.547939E-01
  2.105213E+00  6.411859E-01  6.488877E-01
  2.131107E+00  6.366120E-01  6.428196E-01
  2.157320E+00  6.317092E-01  6.365963E-01
  2.183855E+00  6.264722E-01  6.302242E-01
  2.210716E+00  6.209035E-01  6.237100E-01
  2.237908E+00  6.150141E-01  6.170599E-01
  2.265434E+00  6.088226E-01  6.102802E-01
  2.293299E+00  6.023540E-01  6.033771E-01
  2.321507E+00  5.956388E-01  5.963564E-01
  2.350061E+00  5.887100E-01  5.892242E-01
  2.378967E+00  5.816013E-01  5.819861E-01
  2.408228E+00  5.743441E-01  5.746477E-01
  2.437849E+00  5.669647E-01  5.672145E-01
  2.467835E+00  5.594827E-01  5.596919E-01
  2.498189E+00  5.519105E-01  5.520852E-01
  2.528917E+00  5.442550E-01  5.443995E-01
  2.560023E+00  5.365217E-01  5.366398E-01
  2.591511E+00  5.287161E-01  5.288112E-01
  2.623387E+00  5.208432E-01  5.209186E-01
  2.655654E+00  5.129084E-01  5.129668E-01
  2.688319E+00  5.049166E-01  5.049607E-01
  2.721385E+00  4.968730E-01  4.969049E-01
  2.754858E+00  4.887823E-01  4.888043E-01
  2.788743E+00  4.806497E-01  4.806633E-01
  2.823044E+00  4.724799E-01  4.724868E-01
  2.857768E+00  4.642778E-01  4.642793E-01
  2.892918E+00  4.560482E-01  4.560455E-01
  2.928501E+00  4.477958E-01  4.477899E-01
  2.964522E+00  4.395255E-01  4.395171E-01
  3.000986E+00  4.312418E-01  4.312318E-01
  3.037898E+00  4.229497E-01  4.229385E-01
  3.075264E+00  4.146537E-01  4.146418E-01
  3.113090E+00  4.063585E-01  4.063463E-01
  3.151381E+00  3.980689E-01  3.980566E-01
  3.190143E+00  3.897894E-01  3.897773E-01
  3.229381E+00  3.815249E-01  3.815130E-01
  3.269103E+00  3.732799E-01  3.732684E-01
  3.309313E+00  3.650592E-01  3.650480E-01
  3.350017E+00  3.568673E-01  3.568564E-01
  3.391222E+00  3.487089E-01  3.486984E-01
  3.432934E+00  3.405887E-01  3.405784E-01
  3.475159E+00  3.325112E-01  3.325011E-01
  3.517904E+00  3.244811E-01  3.244712E-01
  3.561174E+00  3.165029E-01  3.164930E-01
  3.604977E+00  3.085811E-01  3.085712E-01
  3.649318E+00  3.007202E-01  3.007103E-01
  3.694204E+00  2.929247E-01  2.929146E-01
  3.739643E+00  2.851989E-01  2.851886E-01
  3.785641E+00  2.775470E-01  2.775365E-01
  3.832204E+00  2.699733E-01  2.699626E-01
  3.879340E+00  2.624819E-01  2.624708E-01
  3.927056E+00  2.550767E-01  2.550653E-01
  3.975359E+00  2.477615E-01  2.477498E-01
  4.024256E+00  2.405400E-01  2.405280E-01
  4.073754E+00  2.334157E-01  2.334034E-01
  4.123861E+00  2.263921E-01  2.263795E-01
  4.174585E+00  2.194722E-01  2.194594E-01
  4.225932E+00  2.126590E-01  2.126460E-01
  4.277911E+00  2.059553E-01  2.059422E-01
  4.330530E+00  1.993637E-01  1.993505E-01
  4.383795E+00  1.928865E-01  1.928732E-01
  4.437716E+00  1.865257E-01  1.865124E-01
  4.492300E+00  1.802834E-01  1.802701E-01
  4.547555E+00  1.741611E-01  1.741479E-01
  4.603490E+00  1.681604E-01  1.681472E-01
  4.660113E+00  1.622823E-01  1.622693E-01
  4.717432E+00  1.565280E-01  1.565152E-01
  4.775457E+00  1.508983E-01  1.508856E-01
  4.834195E+00  1.453937E-01  1.453812E-01
  4.893655E+00  1.400146E-01  1.400024E-01
  4.953847E+00  1.347612E-01  1.347493E-01
  5.014780E+00  1.296337E-01  1.296221E-01
  5.076461E+00  1.246318E-01  1.246205E-01
  5.138902E+00  1.197553E-01  1.197443E-01
  5.202110E+00  1.150037E-01  1.149931E-01
  5.266096E+00  1.103766E-01  1.103663E-01
  5.330869E+00  1.058732E-01  1.058632E-01
  5.396439E+00  1.014927E-01  1.014831E-01
  5.462815E+00  9.723432E-02  9.722504E-02
  5.530008E+00  9.309699E-02  9.308806E-02
  5.598027E+00  8.907967E-02  8.907107E-02
  5.666883E+00  8.518120E-02  8.517294E-02
  5.736585E+00  8.140038E-02  8.139246E-02
  5.807145E+00  7.773593E-02  7.772833E-02
  5.878573E+00  7.418651E-02  7.417923E-02
  5.950880E+00  7.075071E-02  7.074375E-02
  6.024075E+00  6.742710E-02  6.742045E-02
  6.098172E+00  6.421417E-02  6.420782E-02
  6.173179E+00  6.111038E-02  6.110432E-02
  6.249109E+00  5.811413E-02  5.810835E-02
  6.325973E+00  5.522379E-02  5.521828E-02
  6.403783E+00  5.243766E-02  5.243242E-02
  6.482549E+00  4.975402E-02  4.974904E-02
  6.562285E+00  4.717110E-02  4.716637E-02
  6.643001E+00  4.468706E-02  4.468257E-02
  6.724710E+00  4.230006E-02  4.229580E-02
  6.807423E+00  4.000818E-02  4.000415E-02
  6.891155E+00  3.780947E-02  3.780566E-02
  6.975916E+00  3.570195E-02  3.569835E-02
  7.061720E+00  3.368359E-02  3.368019E-02
  7.148579E+00  3.175232E-02  3.174910E-02
  7.236506E+00  2.990603E-02  2.990300E-02
  7.325515E+00  2.814259E-02  2.813974E-02
  7.415619E+00  2.645985E-02  2.645716E-02
  7.506831E+00  2.485559E-02  2.485307E-02
  7.599165E+00  2.332762E-02  2.332526E-02
  7.692635E+00  2.187370E-02  2.187148E-02
  7.787255E+00  2.049158E-02  2.048950E-02
  7.883038E+00  1.917899E-02  1.917705E-02
  7.979999E+00  1.793368E-02  1.793186E-02
  8.078153E+00  1.675338E-02  1.675168E-02
  8.177514E+00  1.563582E-02  1.563423E-02
  8.278098E+00  1.457874E-02  1.457727E-02
  8.379918E+00  1.357990E-02  1.357853E-02
  8.482991E+00  1.263707E-02  1.263579E-02
  8.587332E+00  1.174803E-02  1.174684E-02
  8.692956E+00  1.091060E-02  1.090950E-02
  8.799880E+00  1.012262E-02  1.012160E-02
  8.908118E+00  9.381963E-03  9.381016E-03
  9.017688E+00  8.686539E-03  8.685664E-03
  9.128606E+00  8.034296E-03  8.033488E-03
  9.240888E+00  7.423222E-03  7.422476E-03
  9.354551E+00  6.851351E-03  6.850664E-03
  9.469612E+00  6.316764E-03  6.316131E-03
  9.586088E+00  5.817591E-03  5.817009E-03
  9.703997E+00  5.352013E-03  5.351479E-03
  9.823356E+00  4.918263E-03  4.917774E-03
  9.944183E+00  4.514632E-03  4.514184E-03
  1.006650E+01  4.139463E-03  4.139052E-03
  1.019031E+01  3.791155E-03  3.790780E-03
  1.031566E+01  3.468168E-03  3.467826E-03
  1.044254E+01  3.169017E-03  3.168705E-03
  1.057098E+01  2.892275E-03  2.891991E-03
  1.070100E+01  2.636572E-03  2.636314E-03
  1.083263E+01  2.400598E-03  2.400364E-03
  1.096587E+01  2.183099E-03  2.182887E-03
  1.110075E+01  1.982878E-03  1.982686E-03
  1.123729E+01  1.798794E-03  1.798619E-03
  1.137551E+01  1.629759E-03  1.629602E-03
  1.151542E+01  1.474744E-03  1.474602E-03
  1.165706E+01  1.332767E-03  1.332640E-03
  1.180045E+01  1.202903E-03  1.202789E-03
  1.194559E+01  1.084275E-03  1.084172E-03
  1.209252E+01  9.760546E-04  9.759620E-04
  1.224126E+01  8.774614E-04  8.773785E-04
  1.239183E+01  7.877613E-04  7.876871E-04
  1.254425E+01  7.062641E-04  7.061979E-04
  1.269854E+01  6.323225E-04  6.322634E-04
  1.285473E+01  5.653301E-04  5.652776E-04
  1.301285E+01  5.047200E-04  5.046733E-04
  1.317290E+01  4.499628E-04  4.499213E-04
  1.333493E+01  4.005649E-04  4.005282E-04
  1.349895E+01  3.560672E-04  3.560347E-04
  1.366499E+01  3.160431E-04  3.160144E-04
  1.383307E+01  2.800968E-04  2.800715E-04
  1.400321E+01  2.478618E-04  2.478395E-04
  1.417545E+01  2.189993E-04  2.189796E-04
  1.434981E+01  1.931965E-04  1.931793E-04
  1.452631E+01  1.701654E-04  1.701503E-04
  1.470499E+01  1.496409E-04  1.496277E-04
  1.488586E+01  1.313795E-04  1.313680E-04
  1.506896E+01  1.151583E-04  1.151482E-04
  1.525430E+01  1.007729E-04  1.007642E-04
  1.544193E+01  8.803692E-05  8.802934E-05
  1.563187E+01  7.678021E-05  7.677363E-05
  1.582414E+01  6.684793E-05  6.684224E-05
  1.601878E+01  5.809941E-05  5.809450E-05
  1.621581E+01  5.040704E-05  5.040280E-05
  1.641526E+01  4.365528E-05  4.365164E-05
  1.661717E+01  3.773975E-05  3.773662E-05
  1.682156E+01  3.256627E-05  3.256359E-05
  1.702847E+01  2.805007E-05  2.804778E-05
  1.723792E+01  2.411498E-05  2.411302E-05
  1.744994E+01  2.069266E-05  2.069100E-05
  1.766458E+01  1.772199E-05  1.772057E-05
  1.788185E+01  1.514832E-05  1.514712E-05
  1.810180E+01  1.292296E-05  1.292194E-05
  1.832445E+01  1.100257E-05  1.100171E-05
  1.854984E+01  9.348682E-06  9.347957E-06
  1.877800E+01  7.927193E-06  7.926583E-06
  1.900897E+01  6.707956E-06  6.707445E-06
  1.924278E+01  5.664369E-06  5.663941E-06
  1.947947E+01  4.773005E-06  4.772647E-06
  1.971907E+01  4.013283E-06  4.012985E-06
  1.996161E+01  3.367157E-06  3.366909E-06
  2.020714E+01  2.818842E-06  2.818637E-06
  2.045569E+01  2.354561E-06  2.354391E-06
  2.070729E+01  1.962315E-06  1.962174E-06
  2.096199E+01  1.631677E-06  1.631561E-06
  2.121982E+01  1.353612E-06  1.353517E-06
  2.148083E+01  1.120307E-06  1.120229E-06
  2.174504E+01  9.250168E-07  9.249535E-07
  2.201251E+01  7.619376E-07  7.618860E-07
  2.228326E+01  6.260848E-07  6.260429E-07
  2.255734E+01  5.131893E-07  5.131554E-07
  2.283480E+01  4.196037E-07  4.195763E-07
  2.311567E+01  3.422194E-07  3.421974E-07
  2.339999E+01  2.783940E-07  2.783763E-07
  2.368781E+01  2.258870E-07  2.258728E-07
  2.397917E+01  1.828034E-07  1.827921E-07
  2.427411E+01  1.475452E-07  1.475362E-07
  2.457269E+01  1.187679E-07  1.187608E-07
  2.487493E+01  9.534362E-08  9.533796E-08
  2.518089E+01  7.632872E-08  7.632426E-08
  2.549062E+01  6.093588E-08  6.093238E-08
  2.580415E+01  4.851007E-08  4.850733E-08
  2.612154E+01  3.850783E-08  3.850569E-08
  2.644284E+01  3.047958E-08  3.047792E-08
  2.676808E+01  2.405448E-08  2.405319E-08
  2.709733E+01  1.892754E-08  1.892655E-08
  2.743063E+01  1.484867E-08  1.484790E-08
  2.776803E+01  1.161341E-08  1.161282E-08
  2.810957E+01  9.055118E-09  9.054668E-09
  2.845532E+01  7.038404E-09  7.038061E-09
  2.880532E+01  5.453595E-09  5.453335E-09
  2.915963E+01  4.212145E-09  4.211948E-09
  2.951829E+01  3.242783E-09  3.242636E-09
  2.988136E+01  2.488338E-09  2.488227E-09
  3.024891E+01  1.903092E-09  1.903010E-09
  3.062097E+01  1.450612E-09  1.450551E-09
  3.099760E+01  1.101960E-09  1.101914E-09
  3.137888E+01  8.342277E-10  8.341944E-10
  3.176484E+01  6.293459E-10  6.293216E-10
  3.215554E+01  4.731090E-10  4.730913E-10
  3.255106E+01  3.543896E-10  3.543769E-10
  3.295143E+01  2.645023E-10  2.644932E-10
  3.335674E+01  1.966922E-10  1.966859E-10
  3.376702E+01  1.457251E-10  1.457208E-10
  3.418236E+01  1.075601E-10  1.075574E-10
  3.460280E+01  7.908940E-11  7.908787E-11
  3.502842E+01  5.793161E-11  5.793111E-11
  3.545927E+01  4.226924E-11  4.226964E-11
  3.589542E+01  3.072041E-11  3.072187E-11
  3.633693E+01  2.223876E-11  1.080005E-08
  3.678387E+01  0.000000E+00  8.387752E-09
  3.723631E+01  0.000000E+00  6.493321E-09
  3.769432E+01  0.000000E+00  5.010451E-09
  3.815796E+01  0.000000E+00  3.853586E-09
  3.862730E+01  0.000000E+00  2.954125E-09
  3.910242E+01  0.000000E+00  0.000000E+00
  3.958338E+01  0.000000E+00  0.000000E+00
  4.007026E+01  0.000000E+00  0.000000E+00
  4.056312E+01  0.000000E+00  0.000000E+00
  4.106205E+01  0.000000E+00  0.000000E+00
  4.156711E+01  0.000000E+00  0.000000E+00
  4.207838E+01  0.000000E+00  0.000000E+00
  4.259595E+01  0.000000E+00  0.000000E+00
  4.311988E+01  0.000000E+00  0.000000E+00
  4.365025E+01  0.000000E+00  0.000000E+00
  4.418715E+01  0.000000E+00  0.000000E+00
  4.473065E+01  0.000000E+00  0.000000E+00
  4.528084E+01  0.000000E+00  0.000000E+00
  4.583779E+01  0.000000E+00  0.000000E+00
  4.640160E+01  0.000000E+00  0.000000E+00
  4.697234E+01  0.000000E+00  0.000000E+00
  4.755010E+01  0.000000E+00  0.000000E+00
  4.813497E+01  0.000000E+00  0.000000E+00
  4.872703E+01  0.000000E+00  0.000000E+00
  4.932637E+01  0.000000E+00  0.000000E+00
  4.993308E+01  0.000000E+00  0.000000E+00
  5.054726E+01  0.000000E+00  0.000000E+00
  5.116899E+01  0.000000E+00  0.000000E+00
  5.179837E+01  0.000000E+00  0.000000E+00
  5.243549E+01  0.000000E+00  0.000000E+00
  5.308045E+01  0.000000E+00  0.000000E+00
  5.373333E+01  0.000000E+00  0.000000E+00
  5.439425E+01  0.000000E+00  0.000000E+00
  5.506330E+01  0.000000E+00  0.000000E+00
  5.574058E+01  0.000000E+00  0.000000E+00
  5.642619E+01  0.000000E+00  0.000000E+00
  5.712023E+01  0.000000E+00  0.000000E+00
  5.782281E+01  0.000000E+00  0.000000E+00
  5.853403E+01  0.000000E+00  0.000000E+00
  5.925400E+01  0.000000E+00  0.000000E+00
  5.998283E+01  0.000000E+00  0.000000E+00
  6.072062E+01  0.000000E+00  0.000000E+00
  6.146748E+01  0.000000E+00  0.000000E+00
  6.222353E+01  0.000000E+00  0.000000E+00
  6.298888E+01  0.000000E+00  0.000000E+00
  6.376364E+01  0.000000E+00  0.000000E+00
  6.454793E+01  0.000000E+00  0.000000E+00
  6.534187E+01  0.000000E+00  0.000000E+00
  6.614558E+01  0.000000E+00  0.000000E+00
  6.695917E+01  0.000000E+00  0.000000E+00
  6.778277E+01  0.000000E+00  0.000000E+00
  6.861650E+01  0.000000E+00  0.000000E+00
  6.946048E+01  0.000000E+00  0.000000E+00
  7.031484E+01  0.000000E+00  0.000000E+00
  7.117971E+01  0.000000E+00  0.000000E+00
  7.205523E+01  0.000000E+00  0.000000E+00
  7.294150E+01  0.000000E+00  0.000000E+00
  7.383869E+01  0.000000E+00  0.000000E+00
  7.474690E+01  0.000000E+00  0.000000E+00
  7.566629E+01  0.000000E+00  0.000000E+00
  7.659698E+01  0.000000E+00  0.000000E+00
  7.753913E+01  0.000000E+00  0.000000E+00
  7.849286E+01  0.000000E+00  0.000000E+00
  7.945832E+01  0.000000E+00  0.000000E+00
