  8.561644E-05  2.803177E-09  7.350442E-06
  8.666952E-05  2.872559E-09  7.492057E-06
  8.773556E-05  2.943658E-09  7.636393E-06
  8.881470E-05  3.016518E-09  7.783502E-06
  8.990712E-05  3.091181E-09  7.933569E-06
  9.101298E-05  3.167691E-09  8.086929E-06
  9.213244E-05  3.246096E-09  8.243571E-06
  9.326567E-05  3.326441E-09  8.403576E-06
  9.441284E-05  3.408774E-09  8.567008E-06
  9.557412E-05  3.493146E-09  8.733934E-06
  9.674968E-05  3.579606E-09  8.904424E-06
  9.793970E-05  3.668206E-09  9.078546E-06
  9.914436E-05  3.758999E-09  9.256372E-06
  1.003638E-04  3.852039E-09  9.437976E-06
  1.015983E-04  3.947382E-09  9.623432E-06
  1.028480E-04  4.045084E-09  9.812815E-06
  1.041130E-04  4.145205E-09  1.000620E-05
  1.053936E-04  4.247805E-09  1.020368E-05
  1.066899E-04  4.352943E-09  1.040532E-05
  1.080022E-04  4.460684E-09  1.061121E-05
  1.093306E-04  4.571092E-09  1.082143E-05
  1.106754E-04  4.684232E-09  1.103607E-05
  1.120367E-04  4.800173E-09  1.125522E-05
  1.134148E-04  4.918984E-09  1.147896E-05
  1.148098E-04  5.040735E-09  1.170740E-05
  1.162219E-04  5.165499E-09  1.194062E-05
  1.176515E-04  5.293352E-09  1.217872E-05
  1.190986E-04  5.424370E-09  1.242179E-05
  1.205635E-04  5.558630E-09  1.266994E-05
  1.220464E-04  5.696213E-09  1.292328E-05
  1.235476E-04  5.837202E-09  1.318189E-05
  1.250672E-04  5.981680E-09  1.344589E-05
  1.266055E-04  6.129734E-09  1.371539E-05
  1.281628E-04  6.281453E-09  1.399050E-05
  1.297392E-04  6.436927E-09  1.427133E-05
  1.313350E-04  6.596249E-09  1.455799E-05
  1.329504E-04  6.759515E-09  1.485062E-05
  1.345857E-04  6.926822E-09  1.514931E-05
  1.362411E-04  7.098269E-09  1.545421E-05
  1.379169E-04  7.273961E-09  1.576542E-05
  1.396132E-04  7.454001E-09  1.608309E-05
  1.413305E-04  7.638497E-09  1.640734E-05
  1.430689E-04  7.827559E-09  1.673831E-05
  1.448286E-04  8.021302E-09  1.707613E-05
  1.466100E-04  8.219839E-09  1.742093E-05
  1.484133E-04  8.423291E-09  1.777287E-05
  1.502388E-04  8.631778E-09  1.813209E-05
  1.520867E-04  8.845426E-09  1.849874E-05
  1.539574E-04  9.064361E-09  1.887296E-05
  1.558511E-04  9.288716E-09  1.925491E-05
  1.577680E-04  9.518624E-09  1.964474E-05
  1.597086E-04  9.754222E-09  2.004263E-05
  1.616730E-04  9.995652E-09  2.044873E-05
  1.636616E-04  1.024306E-08  2.086321E-05
  1.656746E-04  1.049659E-08  2.128624E-05
  1.677124E-04  1.075639E-08  2.171799E-05
  1.697753E-04  1.102262E-08  2.215864E-05
  1.718635E-04  1.129545E-08  2.260839E-05
  1.739774E-04  1.157503E-08  2.306740E-05
  1.761173E-04  1.186152E-08  2.353587E-05
  1.782836E-04  1.215511E-08  2.401399E-05
  1.804765E-04  1.245596E-08  2.450196E-05
  1.826963E-04  1.276427E-08  2.499998E-05
  1.849435E-04  1.308020E-08  2.550826E-05
  1.872183E-04  1.340395E-08  2.602700E-05
  1.895211E-04  1.373572E-08  2.655643E-05
  1.918522E-04  1.407569E-08  2.709675E-05
  1.942120E-04  1.442408E-08  2.764820E-05
  1.966008E-04  1.478110E-08  2.821099E-05
  1.990190E-04  1.514695E-08  2.878537E-05
  2.014669E-04  1.552186E-08  2.937157E-05
  2.039450E-04  1.590604E-08  2.996983E-05
  2.064535E-04  1.629974E-08  3.058040E-05
  2.089929E-04  1.670318E-08  3.120352E-05
  2.115635E-04  1.711660E-08  3.183947E-05
  2.141657E-04  1.754026E-08  3.248850E-05
  2.167999E-04  1.797440E-08  3.315088E-05
  2.194666E-04  1.841929E-08  3.382688E-05
  2.221660E-04  1.887519E-08  3.451679E-05
  2.248987E-04  1.934238E-08  3.522088E-05
  2.276649E-04  1.982113E-08  3.593946E-05
  2.304652E-04  2.031173E-08  3.667281E-05
  2.332999E-04  2.081447E-08  3.742124E-05
  2.361695E-04  2.132965E-08  3.818506E-05
  2.390744E-04  2.185759E-08  3.896459E-05
  2.420150E-04  2.239859E-08  3.976016E-05
  2.449918E-04  2.295299E-08  4.057208E-05
  2.480052E-04  2.352110E-08  4.140069E-05
  2.510557E-04  2.410328E-08  4.224635E-05
  2.541436E-04  2.469987E-08  4.310939E-05
  2.572696E-04  2.531122E-08  4.399018E-05
  2.604340E-04  2.593771E-08  4.488908E-05
  2.636374E-04  2.657970E-08  4.580647E-05
  2.668801E-04  2.723758E-08  4.674273E-05
  2.701627E-04  2.791175E-08  4.769823E-05
  2.734857E-04  2.860260E-08  4.867339E-05
  2.768496E-04  2.931055E-08  4.966860E-05
  2.802548E-04  3.003602E-08  5.068428E-05
  2.837020E-04  3.077945E-08  5.172085E-05
  2.871915E-04  3.154128E-08  5.277874E-05
  2.907240E-04  3.232197E-08  5.385839E-05
  2.942999E-04  3.312198E-08  5.496024E-05
  2.979198E-04  3.394179E-08  5.608476E-05
  3.015842E-04  3.478190E-08  5.723241E-05
  3.052937E-04  3.564279E-08  5.840367E-05
  3.090488E-04  3.652500E-08  5.959903E-05
  3.128501E-04  3.742904E-08  6.081897E-05
  3.166981E-04  3.835546E-08  6.206402E-05
  3.205935E-04  3.930480E-08  6.333469E-05
  3.245368E-04  4.027765E-08  6.463150E-05
  3.285286E-04  4.127457E-08  6.595500E-05
  3.325695E-04  4.229617E-08  6.730573E-05
  3.366601E-04  4.334306E-08  6.868426E-05
  3.408010E-04  4.441585E-08  7.009116E-05
  3.449929E-04  4.551520E-08  7.152702E-05
  3.492363E-04  4.664176E-08  7.299244E-05
  3.535319E-04  4.779621E-08  7.448802E-05
  3.578804E-04  4.897922E-08  7.601439E-05
  3.622823E-04  5.019152E-08  7.757219E-05
  3.667384E-04  5.143383E-08  7.916206E-05
  3.712492E-04  5.270688E-08  8.078467E-05
  3.758156E-04  5.401145E-08  8.244069E-05
  3.804381E-04  5.534830E-08  8.413081E-05
  3.851175E-04  5.671824E-08  8.585575E-05
  3.898545E-04  5.812209E-08  8.761621E-05
  3.946497E-04  5.956069E-08  8.941293E-05
  3.995039E-04  6.103489E-08  9.124667E-05
  4.044178E-04  6.254558E-08  9.311818E-05
  4.093921E-04  6.409367E-08  9.502825E-05
  4.144276E-04  6.568007E-08  9.697768E-05
  4.195251E-04  6.730573E-08  9.896728E-05
  4.246853E-04  6.897164E-08  1.009979E-04
  4.299089E-04  7.067877E-08  1.030703E-04
  4.351968E-04  7.242817E-08  1.051855E-04
  4.405497E-04  7.422086E-08  1.073443E-04
  4.459684E-04  7.605792E-08  1.095475E-04
  4.514539E-04  7.794045E-08  1.117962E-04
  4.570067E-04  7.986958E-08  1.140913E-04
  4.626279E-04  8.184645E-08  1.164336E-04
  4.683182E-04  8.387226E-08  1.188243E-04
  4.740786E-04  8.594820E-08  1.212643E-04
  4.799097E-04  8.807553E-08  1.237546E-04
  4.858126E-04  9.025551E-08  1.262963E-04
  4.917881E-04  9.248945E-08  1.288904E-04
  4.978371E-04  9.477869E-08  1.315380E-04
  5.039605E-04  9.712458E-08  1.342402E-04
  5.101592E-04  9.952854E-08  1.369982E-04
  5.164342E-04  1.019920E-07  1.398132E-04
  5.227863E-04  1.045164E-07  1.426862E-04
  5.292166E-04  1.071034E-07  1.456184E-04
  5.357260E-04  1.097543E-07  1.486113E-04
  5.423154E-04  1.124709E-07  1.516659E-04
  5.489859E-04  1.152547E-07  1.547835E-04
  5.557384E-04  1.181074E-07  1.579655E-04
  5.625740E-04  1.210307E-07  1.612132E-04
  5.694936E-04  1.240263E-07  1.645280E-04
  5.764984E-04  1.270961E-07  1.679112E-04
  5.835893E-04  1.302419E-07  1.713643E-04
  5.907675E-04  1.334656E-07  1.748888E-04
  5.980339E-04  1.367690E-07  1.784860E-04
  6.053897E-04  1.401542E-07  1.821575E-04
  6.128360E-04  1.436232E-07  1.859049E-04
  6.203739E-04  1.471781E-07  1.897297E-04
  6.280045E-04  1.508210E-07  1.936335E-04
  6.357290E-04  1.545540E-07  1.976180E-04
  6.435484E-04  1.583794E-07  2.016848E-04
  6.514641E-04  1.622995E-07  2.058357E-04
  6.594771E-04  1.663166E-07  2.100723E-04
  6.675887E-04  1.704331E-07  2.143965E-04
  6.758000E-04  1.746516E-07  2.188101E-04
  6.841123E-04  1.789744E-07  2.233150E-04
  6.925269E-04  1.834043E-07  2.279130E-04
  7.010450E-04  1.879438E-07  2.326060E-04
  7.096679E-04  1.925956E-07  2.373961E-04
  7.183968E-04  1.973626E-07  2.422852E-04
  7.272330E-04  2.022476E-07  2.472754E-04
  7.361780E-04  2.072535E-07  2.523689E-04
  7.452330E-04  2.123833E-07  2.575676E-04
  7.543994E-04  2.176400E-07  2.628739E-04
  7.636785E-04  2.230269E-07  2.682899E-04
  7.730717E-04  2.285471E-07  2.738180E-04
  7.825805E-04  2.342039E-07  2.794604E-04
  7.922062E-04  2.400008E-07  2.852196E-04
  8.019504E-04  2.459411E-07  2.910979E-04
  8.118144E-04  2.520285E-07  2.970978E-04
  8.217997E-04  2.582665E-07  3.032218E-04
  8.319078E-04  2.646589E-07  3.094725E-04
  8.421403E-04  2.712096E-07  3.158526E-04
  8.524986E-04  2.779224E-07  3.223647E-04
  8.629844E-04  2.848013E-07  3.290116E-04
  8.735991E-04  2.918505E-07  3.357960E-04
  8.843443E-04  2.990742E-07  3.427208E-04
  8.952218E-04  3.064767E-07  3.497889E-04
  9.062330E-04  3.140624E-07  3.570033E-04
  9.173797E-04  3.218358E-07  3.643669E-04
  9.286634E-04  3.298017E-07  3.718830E-04
  9.400860E-04  3.379647E-07  3.795547E-04
  9.516490E-04  3.463297E-07  3.873851E-04
  9.633543E-04  3.549018E-07  3.953776E-04
  9.752036E-04  3.636861E-07  4.035355E-04
  9.871986E-04  3.726878E-07  4.118622E-04
  9.993411E-04  3.819123E-07  4.203613E-04
  1.011633E-03  3.913651E-07  4.290362E-04
  1.024076E-03  4.010519E-07  4.378908E-04
  1.036672E-03  4.109785E-07  4.469286E-04
  1.049423E-03  4.211507E-07  4.561534E-04
  1.062331E-03  4.315748E-07  4.655691E-04
  1.075398E-03  4.422568E-07  4.751797E-04
  1.088625E-03  4.532032E-07  4.849892E-04
  1.102015E-03  4.644206E-07  4.950017E-04
  1.115570E-03  4.759156E-07  5.052214E-04
  1.129292E-03  4.876951E-07  5.156525E-04
  1.143182E-03  4.997662E-07  5.262995E-04
  1.157243E-03  5.121360E-07  5.371667E-04
  1.171477E-03  5.248121E-07  5.482589E-04
  1.185886E-03  5.378018E-07  5.595804E-04
  1.200473E-03  5.511131E-07  5.711362E-04
  1.215239E-03  5.647539E-07  5.829310E-04
  1.230186E-03  5.787323E-07  5.949698E-04
  1.245317E-03  5.930566E-07  6.072576E-04
  1.260635E-03  6.077356E-07  6.197995E-04
  1.276141E-03  6.227778E-07  6.326007E-04
  1.291837E-03  6.381923E-07  6.456667E-04
  1.307727E-03  6.539884E-07  6.590027E-04
  1.323812E-03  6.701755E-07  6.726145E-04
  1.340095E-03  6.867632E-07  6.865076E-04
  1.356578E-03  7.037614E-07  7.006878E-04
  1.373264E-03  7.211804E-07  7.151611E-04
  1.390155E-03  7.390306E-07  7.299335E-04
  1.407254E-03  7.573226E-07  7.450110E-04
  1.424563E-03  7.760673E-07  7.604000E-04
  1.442085E-03  7.952759E-07  7.761068E-04
  1.459823E-03  8.149600E-07  7.921379E-04
  1.477778E-03  8.351313E-07  8.085001E-04
  1.495955E-03  8.558019E-07  8.252000E-04
  1.514355E-03  8.769841E-07  8.422445E-04
  1.532982E-03  8.986906E-07  8.596409E-04
  1.551838E-03  9.209343E-07  8.773961E-04
  1.570925E-03  9.437286E-07  8.955176E-04
  1.590248E-03  9.670871E-07  9.140128E-04
  1.609808E-03  9.910238E-07  9.328893E-04
  1.629608E-03  1.015553E-06  9.521550E-04
  1.649653E-03  1.040689E-06  9.718177E-04
  1.669943E-03  1.066448E-06  9.918855E-04
  1.690484E-03  1.092843E-06  1.012367E-03
  1.711276E-03  1.119893E-06  1.033270E-03
  1.732325E-03  1.147612E-06  1.054603E-03
  1.753633E-03  1.176016E-06  1.076376E-03
  1.775202E-03  1.205124E-06  1.098596E-03
  1.797037E-03  1.234953E-06  1.121273E-03
  1.819141E-03  1.265519E-06  1.144417E-03
  1.841516E-03  1.296843E-06  1.168037E-03
  1.864167E-03  1.328941E-06  1.192142E-03
  1.887096E-03  1.361834E-06  1.216742E-03
  1.910308E-03  1.395541E-06  1.241848E-03
  1.933804E-03  1.430083E-06  1.267469E-03
  1.957590E-03  1.465479E-06  1.293615E-03
  1.981669E-03  1.501751E-06  1.320298E-03
  2.006043E-03  1.538922E-06  1.347528E-03
  2.030717E-03  1.577012E-06  1.375317E-03
  2.055695E-03  1.616045E-06  1.403674E-03
  2.080980E-03  1.656044E-06  1.432613E-03
  2.106576E-03  1.697034E-06  1.462144E-03
  2.132487E-03  1.739037E-06  1.492279E-03
  2.158717E-03  1.782081E-06  1.523030E-03
  2.185269E-03  1.826189E-06  1.554410E-03
  2.212148E-03  1.871390E-06  1.586432E-03
  2.239357E-03  1.917709E-06  1.619107E-03
  2.266901E-03  1.965175E-06  1.652449E-03
  2.294784E-03  2.013816E-06  1.686471E-03
  2.323010E-03  2.063660E-06  1.721188E-03
  2.351583E-03  2.114738E-06  1.756611E-03
  2.380508E-03  2.167081E-06  1.792757E-03
  2.409788E-03  2.220719E-06  1.829637E-03
  2.439428E-03  2.275684E-06  1.867269E-03
  2.469433E-03  2.332011E-06  1.905665E-03
  2.499807E-03  2.389731E-06  1.944841E-03
  2.530555E-03  2.448880E-06  1.984813E-03
  2.561681E-03  2.509493E-06  2.025596E-03
  2.593189E-03  2.571606E-06  2.067206E-03
  2.625086E-03  2.635256E-06  2.109659E-03
  2.657374E-03  2.700482E-06  2.152972E-03
  2.690060E-03  2.767322E-06  2.197161E-03
  2.723148E-03  2.835817E-06  2.242244E-03
  2.756642E-03  2.906007E-06  2.288237E-03
  2.790549E-03  2.977935E-06  2.335159E-03
  2.824873E-03  3.051642E-06  2.383028E-03
  2.859619E-03  3.127174E-06  2.431861E-03
  2.894792E-03  3.204576E-06  2.481678E-03
  2.930398E-03  3.283893E-06  2.532497E-03
  2.966442E-03  3.365174E-06  2.584338E-03
  3.002929E-03  3.448466E-06  2.637220E-03
  3.039865E-03  3.533820E-06  2.691164E-03
  3.077255E-03  3.621286E-06  2.746189E-03
  3.115106E-03  3.710918E-06  2.802316E-03
  3.153422E-03  3.802768E-06  2.859566E-03
  3.192209E-03  3.896891E-06  2.917960E-03
  3.231473E-03  3.993344E-06  2.977521E-03
  3.271220E-03  4.092184E-06  3.038270E-03
  3.311456E-03  4.193471E-06  3.100230E-03
  3.352187E-03  4.297265E-06  3.163422E-03
  3.393419E-03  4.403628E-06  3.227872E-03
  3.435158E-03  4.512623E-06  3.293601E-03
  3.477410E-03  4.624316E-06  3.360635E-03
  3.520182E-03  4.738774E-06  3.428996E-03
  3.563481E-03  4.856064E-06  3.498711E-03
  3.607311E-03  4.976258E-06  3.569804E-03
  3.651681E-03  5.099427E-06  3.642300E-03
  3.696597E-03  5.225644E-06  3.716225E-03
  3.742065E-03  5.354985E-06  3.791606E-03
  3.788093E-03  5.487528E-06  3.868470E-03
  3.834686E-03  5.623351E-06  3.946843E-03
  3.881853E-03  5.762536E-06  4.026752E-03
  3.929600E-03  5.905166E-06  4.108227E-03
  3.977934E-03  6.051326E-06  4.191294E-03
  4.026862E-03  6.201104E-06  4.275983E-03
  4.076393E-03  6.354589E-06  4.362324E-03
  4.126532E-03  6.511873E-06  4.450344E-03
  4.177289E-03  6.673050E-06  4.540076E-03
  4.228669E-03  6.838216E-06  4.631548E-03
  4.280682E-03  7.007471E-06  4.724792E-03
  4.333334E-03  7.180914E-06  4.819840E-03
  4.386634E-03  7.358651E-06  4.916722E-03
  4.440590E-03  7.540787E-06  5.015471E-03
  4.495209E-03  7.727430E-06  5.116120E-03
  4.550500E-03  7.918694E-06  5.218701E-03
  4.606471E-03  8.114691E-06  5.323249E-03
  4.663131E-03  8.315540E-06  5.429796E-03
  4.720487E-03  8.521360E-06  5.538378E-03
  4.778549E-03  8.732274E-06  5.649029E-03
  4.837326E-03  8.948409E-06  5.761784E-03
  4.896825E-03  9.169893E-06  5.876679E-03
  4.957056E-03  9.396859E-06  5.993749E-03
  5.018027E-03  9.629443E-06  6.113033E-03
  5.079749E-03  9.867783E-06  6.234565E-03
  5.142230E-03  1.011202E-05  6.358384E-03
  5.205479E-03  1.036231E-05  6.484528E-03
  5.269507E-03  1.061879E-05  6.613034E-03
  5.334322E-03  1.088162E-05  6.743941E-03
  5.399934E-03  1.115095E-05  6.877288E-03
  5.466353E-03  1.142695E-05  7.013115E-03
  5.533589E-03  1.170978E-05  7.151460E-03
  5.601652E-03  1.199961E-05  7.292366E-03
  5.670553E-03  1.229662E-05  7.435871E-03
  5.740301E-03  1.260097E-05  7.582017E-03
  5.810906E-03  1.291286E-05  7.730846E-03
  5.882380E-03  1.323247E-05  7.882398E-03
  5.954734E-03  1.355999E-05  8.036717E-03
  6.027977E-03  1.389561E-05  8.193843E-03
  6.102121E-03  1.423955E-05  8.353821E-03
  6.177177E-03  1.459199E-05  8.516693E-03
  6.253156E-03  1.495316E-05  8.682502E-03
  6.330070E-03  1.532327E-05  8.851292E-03
  6.407930E-03  1.570254E-05  9.023107E-03
  6.486748E-03  1.609120E-05  9.197991E-03
  6.566535E-03  1.648947E-05  9.375989E-03
  6.647303E-03  1.689761E-05  9.557145E-03
  6.729065E-03  1.731584E-05  9.741504E-03
  6.811832E-03  1.774443E-05  9.929111E-03
  6.895618E-03  1.818363E-05  1.012001E-02
  6.980434E-03  1.863369E-05  1.031425E-02
  7.066293E-03  1.909490E-05  1.051188E-02
  7.153209E-03  1.956752E-05  1.071293E-02
  7.241193E-03  2.005184E-05  1.091746E-02
  7.330260E-03  2.054814E-05  1.112552E-02
  7.420422E-03  2.105673E-05  1.133714E-02
  7.511693E-03  2.157791E-05  1.155237E-02
  7.604087E-03  2.211199E-05  1.177127E-02
  7.697617E-03  2.265929E-05  1.199387E-02
  7.792298E-03  2.322013E-05  1.222023E-02
  7.888143E-03  2.379485E-05  1.245038E-02
  7.985167E-03  2.438380E-05  1.268437E-02
  8.083385E-03  2.498733E-05  1.292226E-02
  8.182811E-03  2.560580E-05  1.316408E-02
  8.283459E-03  2.623957E-05  1.340988E-02
  8.385346E-03  2.688903E-05  1.365970E-02
  8.488486E-03  2.755456E-05  1.391360E-02
  8.592894E-03  2.823657E-05  1.417160E-02
  8.698586E-03  2.893545E-05  1.443376E-02
  8.805579E-03  2.965164E-05  1.470013E-02
  8.913888E-03  3.038555E-05  1.497074E-02
  9.023529E-03  3.113762E-05  1.524563E-02
  9.134518E-03  3.190831E-05  1.552485E-02
  9.246873E-03  3.269808E-05  1.580844E-02
  9.360609E-03  3.350739E-05  1.609644E-02
  9.475745E-03  3.433673E-05  1.638889E-02
  9.592296E-03  3.518660E-05  1.668582E-02
  9.710281E-03  3.605751E-05  1.698728E-02
  9.829718E-03  3.694997E-05  1.729331E-02
  9.950623E-03  3.786452E-05  1.760393E-02
  1.007302E-02  3.880171E-05  1.791919E-02
  1.019691E-02  3.976209E-05  1.823911E-02
  1.032234E-02  4.074624E-05  1.856374E-02
  1.044930E-02  4.175475E-05  1.889309E-02
  1.057783E-02  4.278822E-05  1.922721E-02
  1.070793E-02  4.384728E-05  1.956612E-02
  1.083964E-02  4.493254E-05  1.990985E-02
  1.097297E-02  4.604466E-05  2.025843E-02
  1.110794E-02  4.718431E-05  2.061187E-02
  1.124457E-02  4.835217E-05  2.097020E-02
  1.138287E-02  4.954894E-05  2.133344E-02
  1.152288E-02  5.077532E-05  2.170160E-02
  1.166461E-02  5.203206E-05  2.207472E-02
  1.180809E-02  5.331990E-05  2.245279E-02
  1.195333E-02  5.463962E-05  2.283583E-02
  1.210035E-02  5.599200E-05  2.322385E-02
  1.224919E-02  5.737785E-05  2.361686E-02
  1.239985E-02  5.879800E-05  2.401486E-02
  1.255237E-02  6.025331E-05  2.441786E-02
  1.270677E-02  6.174463E-05  2.482585E-02
  1.286306E-02  6.327286E-05  2.523883E-02
  1.302127E-02  6.483892E-05  2.565679E-02
  1.318144E-02  6.644374E-05  2.607972E-02
  1.334357E-02  6.808828E-05  2.650762E-02
  1.350769E-02  6.977352E-05  2.694045E-02
  1.367384E-02  7.150047E-05  2.737821E-02
  1.384203E-02  7.327017E-05  2.782087E-02
  1.401228E-02  7.508367E-05  2.826840E-02
  1.418463E-02  7.694205E-05  2.872076E-02
  1.435911E-02  7.884642E-05  2.917793E-02
  1.453572E-02  8.079793E-05  2.963987E-02
  1.471451E-02  8.279774E-05  3.010653E-02
  1.489550E-02  8.484704E-05  3.057785E-02
  1.507872E-02  8.694707E-05  3.105380E-02
  1.526418E-02  8.909907E-05  3.153430E-02
  1.545193E-02  9.130434E-05  3.201930E-02
  1.564199E-02  9.356418E-05  3.250873E-02
  1.583439E-02  9.587996E-05  3.300251E-02
  1.602915E-02  9.825305E-05  3.350057E-02
  1.622631E-02  1.006849E-04  3.400282E-02
  1.642589E-02  1.031769E-04  3.450916E-02
  1.662793E-02  1.057306E-04  3.501951E-02
  1.683246E-02  1.083475E-04  3.553376E-02
  1.703949E-02  1.110291E-04  3.605180E-02
  1.724908E-02  1.137772E-04  3.657351E-02
  1.746124E-02  1.165932E-04  3.709878E-02
  1.767602E-02  1.194790E-04  3.762747E-02
  1.789343E-02  1.224361E-04  3.815945E-02
  1.811352E-02  1.254665E-04  3.869457E-02
  1.833632E-02  1.285718E-04  3.923269E-02
  1.856185E-02  1.317540E-04  3.977363E-02
  1.879017E-02  1.350150E-04  4.031725E-02
  1.902128E-02  1.383567E-04  4.086336E-02
  1.925525E-02  1.417810E-04  4.141178E-02
  1.949209E-02  1.452902E-04  4.196232E-02
  1.973184E-02  1.488862E-04  4.251479E-02
  1.997454E-02  1.525711E-04  4.306896E-02
  2.022023E-02  1.563473E-04  4.362463E-02
  2.046894E-02  1.602169E-04  4.418158E-02
  2.072070E-02  1.641824E-04  4.473955E-02
  2.097557E-02  1.682459E-04  4.529832E-02
  2.123357E-02  1.724100E-04  4.585763E-02
  2.149474E-02  1.766772E-04  4.641720E-02
  2.175913E-02  1.810500E-04  4.697678E-02
  2.202676E-02  1.855310E-04  4.753607E-02
  2.229769E-02  1.901229E-04  4.809478E-02
  2.257195E-02  1.948284E-04  4.865260E-02
  2.284959E-02  1.996504E-04  4.920922E-02
  2.313064E-02  2.045918E-04  4.976432E-02
  2.341515E-02  2.096554E-04  5.031756E-02
  2.370315E-02  2.148444E-04  5.086858E-02
  2.399470E-02  2.201617E-04  5.141704E-02
  2.428984E-02  2.256107E-04  5.196255E-02
  2.458860E-02  2.311945E-04  5.250474E-02
  2.489104E-02  2.369165E-04  5.304322E-02
  2.519720E-02  2.427801E-04  5.357757E-02
  2.550713E-02  2.487889E-04  5.410739E-02
  2.582086E-02  2.549463E-04  5.463224E-02
  2.613846E-02  2.612561E-04  5.515168E-02
  2.645996E-02  2.677221E-04  5.566527E-02
  2.678542E-02  2.743481E-04  5.617253E-02
  2.711488E-02  2.811381E-04  5.667299E-02
  2.744839E-02  2.880961E-04  5.716617E-02
  2.778601E-02  2.952263E-04  5.765156E-02
  2.812778E-02  3.025329E-04  5.812864E-02
  2.847375E-02  3.100204E-04  5.859690E-02
  2.882398E-02  3.176932E-04  5.905580E-02
  2.917851E-02  3.255558E-04  5.950479E-02
  2.953741E-02  3.336131E-04  5.994330E-02
  2.990072E-02  3.418697E-04  6.037077E-02
  3.026850E-02  3.503306E-04  6.078661E-02
  3.064080E-02  3.590009E-04  6.119023E-02
  3.101768E-02  3.678858E-04  6.158101E-02
  3.139920E-02  3.769906E-04  6.195835E-02
  3.178541E-02  3.863207E-04  6.232160E-02
  3.217637E-02  3.958816E-04  6.267013E-02
  3.257214E-02  4.056792E-04  6.300330E-02
  3.297278E-02  4.157192E-04  6.332042E-02
  3.337834E-02  4.260076E-04  6.362085E-02
  3.378889E-02  4.365507E-04  6.390389E-02
  3.420450E-02  4.473546E-04  6.416885E-02
  3.462521E-02  4.584259E-04  6.441503E-02
  3.505110E-02  4.697712E-04  6.464173E-02
  3.548223E-02  4.813972E-04  6.484823E-02
  3.591866E-02  4.933109E-04  6.503380E-02
  3.636046E-02  5.055194E-04  6.519772E-02
  3.680770E-02  5.180299E-04  6.533925E-02
  3.726043E-02  5.308501E-04  6.545764E-02
  3.771873E-02  5.439875E-04  6.555215E-02
  3.818267E-02  5.574500E-04  6.562202E-02
  3.865232E-02  5.712455E-04  6.566649E-02
  3.912774E-02  5.853825E-04  6.568481E-02
  3.960902E-02  5.998692E-04  6.567621E-02
  4.009621E-02  6.147144E-04  6.563993E-02
  4.058939E-02  6.299269E-04  6.557520E-02
  4.108864E-02  6.455159E-04  6.548126E-02
  4.159403E-02  6.614905E-04  6.535734E-02
  4.210564E-02  6.778604E-04  6.520269E-02
  4.262354E-02  6.946354E-04  6.501653E-02
  4.314781E-02  7.118254E-04  6.479812E-02
  4.367852E-02  7.294407E-04  6.454672E-02
  4.421577E-02  7.474918E-04  6.426156E-02
  4.475962E-02  7.659896E-04  6.394193E-02
  4.531017E-02  7.849451E-04  6.358709E-02
  4.586748E-02  8.043695E-04  6.319632E-02
  4.643165E-02  8.242745E-04  6.276892E-02
  4.700276E-02  8.446720E-04  6.230421E-02
  4.758090E-02  8.655742E-04  6.180149E-02
  4.816614E-02  8.869934E-04  6.126011E-02
  4.875858E-02  9.089426E-04  6.067942E-02
  4.935831E-02  9.314348E-04  6.005880E-02
  4.996542E-02  9.544835E-04  5.939763E-02
  5.058000E-02  9.781024E-04  5.869533E-02
  5.120213E-02  1.002306E-03  5.795135E-02
  5.183192E-02  1.027108E-03  5.716514E-02
  5.246945E-02  1.052523E-03  5.633619E-02
  5.311482E-02  1.078567E-03  5.546403E-02
  5.376814E-02  1.105256E-03  5.454820E-02
  5.442948E-02  1.132605E-03  5.358828E-02
  5.509897E-02  1.160630E-03  5.258390E-02
  5.577668E-02  1.189348E-03  5.153469E-02
  5.646274E-02  1.218777E-03  5.044036E-02
  5.715723E-02  1.248934E-03  4.930063E-02
  5.786026E-02  1.279837E-03  4.811527E-02
  5.857194E-02  1.311505E-03  4.688410E-02
  5.929238E-02  1.343955E-03  4.560698E-02
  6.002167E-02  1.377208E-03  4.428381E-02
  6.075994E-02  1.411284E-03  4.291456E-02
  6.150729E-02  1.446203E-03  4.149923E-02
  6.226383E-02  1.481985E-03  4.003788E-02
  6.302967E-02  1.518653E-03  3.853065E-02
  6.380494E-02  1.556227E-03  3.697770E-02
  6.458974E-02  1.594730E-03  3.537927E-02
  6.538419E-02  1.634186E-03  3.373566E-02
  6.618842E-02  1.674618E-03  3.204724E-02
  6.700254E-02  1.716050E-03  3.031442E-02
  6.782667E-02  1.758506E-03  2.853771E-02
  6.866094E-02  1.802012E-03  2.671768E-02
  6.950546E-02  1.846594E-03  2.485495E-02
  7.036038E-02  1.892279E-03  2.295024E-02
  7.122581E-02  1.939093E-03  2.100434E-02
  7.210189E-02  1.987065E-03  1.901809E-02
  7.298875E-02  2.036224E-03  1.699246E-02
  7.388651E-02  2.086598E-03  1.492844E-02
  7.479531E-02  2.138217E-03  1.282715E-02
  7.571529E-02  2.191113E-03  1.068976E-02
  7.664659E-02  2.245317E-03  8.517539E-03
  7.758934E-02  2.300861E-03  6.311842E-03
  7.854369E-02  2.357779E-03  4.074106E-03
  7.950978E-02  2.416103E-03  1.805853E-03
  8.048775E-02  2.475870E-03 -4.913027E-04
  8.147775E-02  2.537114E-03 -2.815662E-03
  8.247993E-02  2.599873E-03 -5.165433E-03
  8.349443E-02  2.664183E-03 -7.538737E-03
  8.452141E-02  2.730083E-03 -9.933604E-03
  8.556102E-02  2.797612E-03 -1.234797E-02
  8.661343E-02  2.866810E-03 -1.477970E-02
  8.767877E-02  2.937719E-03 -1.722653E-02
  8.875722E-02  3.010381E-03 -1.968616E-02
  8.984893E-02  3.084839E-03 -2.215614E-02
  9.095407E-02  3.161137E-03 -2.463399E-02
  9.207281E-02  3.239321E-03 -2.711710E-02
  9.320531E-02  3.319438E-03 -2.960279E-02
  9.435173E-02  3.401535E-03 -3.208831E-02
  9.551226E-02  3.485660E-03 -3.457079E-02
  9.668706E-02  3.571865E-03 -3.704732E-02
  9.787631E-02  3.660201E-03 -3.951488E-02
  9.908019E-02  3.750719E-03 -4.197039E-02
  1.002989E-01  3.843474E-03 -4.441068E-02
  1.015325E-01  3.938521E-03 -4.683252E-02
  1.027814E-01  4.035917E-03 -4.923260E-02
  1.040456E-01  4.135720E-03 -5.160757E-02
  1.053254E-01  4.237989E-03 -5.395397E-02
  1.066209E-01  4.342784E-03 -5.626833E-02
  1.079323E-01  4.450169E-03 -5.854710E-02
  1.092599E-01  4.560206E-03 -6.078667E-02
  1.106038E-01  4.672962E-03 -6.298341E-02
  1.119642E-01  4.788504E-03 -6.513362E-02
  1.133414E-01  4.906900E-03 -6.723359E-02
  1.147355E-01  5.028221E-03 -6.927955E-02
  1.161467E-01  5.152539E-03 -7.126774E-02
  1.175753E-01  5.279927E-03 -7.319434E-02
  1.190215E-01  5.410462E-03 -7.505555E-02
  1.204855E-01  5.544220E-03 -7.684754E-02
  1.219674E-01  5.681283E-03 -7.856650E-02
  1.234676E-01  5.821730E-03 -8.020860E-02
  1.249863E-01  5.965646E-03 -8.177005E-02
  1.265236E-01  6.113115E-03 -8.324707E-02
  1.280798E-01  6.264226E-03 -8.463591E-02
  1.296552E-01  6.419069E-03 -8.593286E-02
  1.312500E-01  6.577734E-03 -8.713424E-02
  1.328644E-01  6.740317E-03 -8.823646E-02
  1.344986E-01  6.906914E-03 -8.923595E-02
  1.361529E-01  7.077624E-03 -9.012925E-02
  1.378276E-01  7.252548E-03 -9.091295E-02
  1.395229E-01  7.431790E-03 -9.158374E-02
  1.412390E-01  7.615456E-03 -9.213842E-02
  1.429763E-01  7.803656E-03 -9.257388E-02
  1.447349E-01  7.996500E-03 -9.288714E-02
  1.465151E-01  8.194104E-03 -9.307534E-02
  1.483172E-01  8.396585E-03 -9.313575E-02
  1.501415E-01  8.604062E-03 -9.306581E-02
  1.519883E-01  8.816658E-03 -9.286309E-02
  1.538577E-01  9.034501E-03 -9.252532E-02
  1.557502E-01  9.257717E-03 -9.205044E-02
  1.576659E-01  9.486441E-03 -9.143653E-02
  1.596052E-01  9.720807E-03 -9.068189E-02
  1.615684E-01  9.960954E-03 -8.978501E-02
  1.635556E-01  1.020702E-02 -8.874460E-02
  1.655674E-01  1.045916E-02 -8.755957E-02
  1.676039E-01  1.071752E-02 -8.622907E-02
  1.696654E-01  1.098225E-02 -8.475250E-02
  1.717523E-01  1.125351E-02 -8.312948E-02
  1.738648E-01  1.153145E-02 -8.135988E-02
  1.760034E-01  1.181625E-02 -7.944385E-02
  1.781682E-01  1.210807E-02 -7.738180E-02
  1.803597E-01  1.240708E-02 -7.517439E-02
  1.825781E-01  1.271346E-02 -7.282258E-02
  1.848238E-01  1.302739E-02 -7.032762E-02
  1.870971E-01  1.334906E-02 -6.769102E-02
  1.893984E-01  1.367866E-02 -6.491462E-02
  1.917280E-01  1.401637E-02 -6.200053E-02
  1.940863E-01  1.436241E-02 -5.895117E-02
  1.964735E-01  1.471697E-02 -5.576927E-02
  1.988902E-01  1.508026E-02 -5.245787E-02
  2.013365E-01  1.545249E-02 -4.902030E-02
  2.038130E-01  1.583390E-02 -4.546022E-02
  2.063199E-01  1.622469E-02 -4.178159E-02
  2.088576E-01  1.662510E-02 -3.798869E-02
  2.114265E-01  1.703537E-02 -3.408608E-02
  2.140271E-01  1.745574E-02 -3.007866E-02
  2.166596E-01  1.788645E-02 -2.597161E-02
  2.193245E-01  1.832775E-02 -2.177043E-02
  2.220222E-01  1.877991E-02 -1.748088E-02
  2.247531E-01  1.924319E-02 -1.310906E-02
  2.275176E-01  1.971786E-02 -8.661302E-03
  2.303160E-01  2.020420E-02 -4.144246E-03
  2.331489E-01  2.070249E-02  4.352129E-04
  2.360166E-01  2.121302E-02  5.069918E-03
  2.389197E-01  2.173610E-02  9.752464E-03
  2.418584E-01  2.227202E-02  1.447521E-02
  2.448332E-01  2.282111E-02  1.923028E-02
  2.478447E-01  2.338367E-02  2.400960E-02
  2.508932E-01  2.396004E-02  2.880489E-02
  2.539791E-01  2.455055E-02  3.360767E-02
  2.571031E-01  2.515554E-02  3.840930E-02
  2.602655E-01  2.577536E-02  4.320099E-02
  2.634667E-01  2.641037E-02  4.797380E-02
  2.667074E-01  2.706094E-02  5.271868E-02
  2.699879E-01  2.772745E-02  5.742646E-02
  2.733087E-01  2.841026E-02  6.208790E-02
  2.766704E-01  2.910979E-02  6.669366E-02
  2.800735E-01  2.982642E-02  7.123439E-02
  2.835184E-01  3.056056E-02  7.570069E-02
  2.870056E-01  3.131265E-02  8.008313E-02
  2.905358E-01  3.208309E-02  8.437230E-02
  2.941094E-01  3.287234E-02  8.855881E-02
  2.977269E-01  3.368083E-02  9.263332E-02
  3.013890E-01  3.450902E-02  9.658655E-02
  3.050961E-01  3.535737E-02  1.004093E-01
  3.088487E-01  3.622637E-02  1.040924E-01
  3.126476E-01  3.711650E-02  1.076270E-01
  3.164932E-01  3.802825E-02  1.110043E-01
  3.203860E-01  3.896212E-02  1.142155E-01
  3.243268E-01  3.991863E-02  1.172522E-01
  3.283160E-01  4.089830E-02  1.201063E-01
  3.323543E-01  4.190167E-02  1.227696E-01
  3.364422E-01  4.292927E-02  1.252347E-01
  3.405805E-01  4.398167E-02  1.274939E-01
  3.447696E-01  4.505943E-02  1.295404E-01
  3.490103E-01  4.616312E-02  1.313672E-01
  3.533031E-01  4.729331E-02  1.329681E-01
  3.576487E-01  4.845061E-02  1.343370E-01
  3.620478E-01  4.963561E-02  1.354684E-01
  3.665010E-01  5.084892E-02  1.363570E-01
  3.710090E-01  5.209116E-02  1.369981E-01
  3.755724E-01  5.336294E-02  1.373874E-01
  3.801919E-01  5.466492E-02  1.375209E-01
  3.848683E-01  5.599771E-02  1.373954E-01
  3.896022E-01  5.736197E-02  1.370079E-01
  3.943943E-01  5.875836E-02  1.363560E-01
  3.992453E-01  6.018751E-02  1.354378E-01
  4.041560E-01  6.165011E-02  1.342519E-01
  4.091271E-01  6.314680E-02  1.327974E-01
  4.141594E-01  6.467826E-02  1.310740E-01
  4.192536E-01  6.624515E-02  1.290819E-01
  4.244104E-01  6.784814E-02  1.268218E-01
  4.296306E-01  6.948789E-02  1.242949E-01
  4.349151E-01  7.116506E-02  1.215031E-01
  4.402645E-01  7.288031E-02  1.184486E-01
  4.456798E-01  7.463429E-02  1.151344E-01
  4.511617E-01  7.642763E-02  1.115638E-01
  4.567110E-01  7.826096E-02  1.077407E-01
  4.623285E-01  8.013490E-02  1.036696E-01
  4.680151E-01  8.205005E-02  9.935538E-02
  4.737717E-01  8.400697E-02  9.480349E-02
  4.795991E-01  8.600623E-02  9.001988E-02
  4.854982E-01  8.804836E-02  8.501095E-02
  4.914698E-01  9.013385E-02  7.978358E-02
  4.975149E-01  9.226316E-02  7.434510E-02
  5.036343E-01  9.443672E-02  6.870330E-02
  5.098290E-01  9.665492E-02  6.286637E-02
  5.160999E-01  9.891809E-02  5.684292E-02
  5.224480E-01  1.012265E-01  5.064197E-02
  5.288741E-01  1.035804E-01  4.427288E-02
  5.353792E-01  1.059799E-01  3.774540E-02
  5.419644E-01  1.084251E-01  3.106962E-02
  5.486305E-01  1.109160E-01  2.425594E-02
  5.553787E-01  1.134525E-01  1.731505E-02
  5.622099E-01  1.160344E-01  1.025795E-02
  5.691250E-01  1.186615E-01  3.095874E-03
  5.761253E-01  1.213333E-01 -4.159683E-03
  5.832116E-01  1.240494E-01 -1.149702E-02
  5.903851E-01  1.268091E-01 -1.890424E-02
  5.976469E-01  1.296115E-01 -2.636926E-02
  6.049979E-01  1.324557E-01 -3.387987E-02
  6.124394E-01  1.353407E-01 -4.142369E-02
  6.199724E-01  1.382651E-01 -4.898827E-02
  6.275980E-01  1.412275E-01 -5.656106E-02
  6.353175E-01  1.442261E-01 -6.412944E-02
  6.431319E-01  1.472590E-01 -7.168077E-02
  6.510424E-01  1.503242E-01 -7.920236E-02
  6.590503E-01  1.534193E-01 -8.668157E-02
  6.671566E-01  1.565416E-01 -9.410574E-02
  6.753626E-01  1.596882E-01 -1.014623E-01
  6.836696E-01  1.628560E-01 -1.087387E-01
  6.920787E-01  1.660415E-01 -1.159226E-01
  7.005913E-01  1.692409E-01 -1.230015E-01
  7.092085E-01  1.724500E-01 -1.299634E-01
  7.179318E-01  1.756644E-01 -1.367962E-01
  7.267624E-01  1.788793E-01 -1.434881E-01
  7.357015E-01  1.820895E-01 -1.500273E-01
  7.447507E-01  1.852894E-01 -1.564025E-01
  7.539111E-01  1.884731E-01 -1.626024E-01
  7.631842E-01  1.916343E-01 -1.686159E-01
  7.725714E-01  1.947662E-01 -1.744325E-01
  7.820740E-01  1.978616E-01 -1.800416E-01
  7.916935E-01  2.009130E-01 -1.854330E-01
  8.014313E-01  2.039124E-01 -1.905969E-01
  8.112889E-01  2.068513E-01 -1.955238E-01
  8.212678E-01  2.097210E-01 -2.002045E-01
  8.313694E-01  2.125121E-01 -2.046300E-01
  8.415952E-01  2.152151E-01 -2.087918E-01
  8.519469E-01  2.178198E-01 -2.126819E-01
  8.624258E-01  2.203160E-01 -2.162923E-01
  8.730336E-01  2.226927E-01 -2.196158E-01
  8.837720E-01  2.249388E-01 -2.226453E-01
  8.946423E-01  2.270428E-01 -2.253742E-01
  9.056464E-01  2.289931E-01 -2.277963E-01
  9.167859E-01  2.307775E-01 -2.299058E-01
  9.280624E-01  2.323839E-01 -2.316975E-01
  9.394775E-01  2.337998E-01 -2.331664E-01
  9.510331E-01  2.350127E-01 -2.343080E-01
  9.627308E-01  2.360099E-01 -2.351183E-01
  9.745724E-01  2.367788E-01 -2.355938E-01
  9.865596E-01  2.373069E-01 -2.357314E-01
  9.986943E-01  2.375816E-01 -2.355284E-01
  1.010978E+00  2.375907E-01 -2.349828E-01
  1.023413E+00  2.373223E-01 -2.340927E-01
  1.036001E+00  2.367646E-01 -2.328571E-01
  1.048744E+00  2.359066E-01 -2.312751E-01
  1.061644E+00  2.347378E-01 -2.293465E-01
  1.074702E+00  2.332481E-01 -2.270714E-01
  1.087921E+00  2.314284E-01 -2.244507E-01
  1.101302E+00  2.292705E-01 -2.214854E-01
  1.114848E+00  2.267670E-01 -2.181772E-01
  1.128561E+00  2.239115E-01 -2.145281E-01
  1.142442E+00  2.206988E-01 -2.105406E-01
  1.156494E+00  2.171249E-01 -2.062177E-01
  1.170719E+00  2.131869E-01 -2.015630E-01
  1.185119E+00  2.088833E-01 -1.965801E-01
  1.199696E+00  2.042139E-01 -1.912734E-01
  1.214452E+00  1.991799E-01 -1.856476E-01
  1.229390E+00  1.937837E-01 -1.797077E-01
  1.244511E+00  1.880292E-01 -1.734593E-01
  1.259819E+00  1.819214E-01 -1.669082E-01
  1.275315E+00  1.754667E-01 -1.600607E-01
  1.291001E+00  1.686726E-01 -1.529233E-01
  1.306880E+00  1.615477E-01 -1.455031E-01
  1.322955E+00  1.541018E-01 -1.378072E-01
  1.339227E+00  1.463453E-01 -1.298433E-01
  1.355700E+00  1.382896E-01 -1.216191E-01
  1.372375E+00  1.299464E-01 -1.131430E-01
  1.389255E+00  1.213283E-01 -1.044233E-01
  1.406343E+00  1.124478E-01 -9.546875E-02
  1.423641E+00  1.033178E-01 -8.628823E-02
  1.441152E+00  9.395123E-02 -7.689092E-02
  1.458878E+00  8.436064E-02 -6.728616E-02
  1.476822E+00  7.455842E-02 -5.748351E-02
  1.494987E+00  6.455651E-02 -4.749269E-02
  1.513375E+00  5.436626E-02 -3.732357E-02
  1.531990E+00  4.399835E-02 -2.698619E-02
  1.550833E+00  3.346274E-02 -1.649068E-02
  1.569909E+00  2.276859E-02 -5.847313E-03
  1.589218E+00  1.192422E-02  4.933572E-03
  1.608766E+00  9.371823E-04  1.584154E-02
  1.628554E+00 -1.018575E-02  2.686610E-02
  1.648585E+00 -2.143848E-02  3.799669E-02
  1.668862E+00 -3.281547E-02  4.922275E-02
  1.689389E+00 -4.431156E-02  6.053366E-02
  1.710169E+00 -5.592184E-02  7.191881E-02
  1.731204E+00 -6.764137E-02  8.336760E-02
  1.752498E+00 -7.946497E-02  9.486943E-02
  1.774054E+00 -9.138692E-02  1.064137E-01
  1.795874E+00 -1.034007E-01  1.179900E-01
  1.817964E+00 -1.154987E-01  1.295877E-01
  1.840325E+00 -1.276720E-01  1.411965E-01
  1.862961E+00 -1.399098E-01  1.528060E-01
  1.885875E+00 -1.521998E-01  1.644059E-01
  1.909071E+00 -1.645274E-01  1.759860E-01
  1.932553E+00 -1.768759E-01  1.875363E-01
  1.956323E+00 -1.892267E-01  1.990467E-01
  1.980386E+00 -2.015589E-01  2.105074E-01
  2.004745E+00 -2.138499E-01  2.219086E-01
  2.029403E+00 -2.260758E-01  2.332405E-01
  2.054365E+00 -2.382115E-01  2.444937E-01
  2.079633E+00 -2.502317E-01  2.556587E-01
  2.105213E+00 -2.621116E-01  2.667261E-01
  2.131107E+00 -2.738271E-01  2.776868E-01
  2.157320E+00 -2.853567E-01  2.885317E-01
  2.183855E+00 -2.966813E-01  2.992517E-01
  2.210716E+00 -3.077855E-01  3.098381E-01
  2.237908E+00 -3.186579E-01  3.202820E-01
  2.265434E+00 -3.292917E-01  3.305749E-01
  2.293299E+00 -3.396843E-01  3.407082E-01
  2.321507E+00 -3.498372E-01  3.506734E-01
  2.350061E+00 -3.597547E-01  3.604623E-01
  2.378967E+00 -3.694433E-01  3.700667E-01
  2.408228E+00 -3.789091E-01  3.794784E-01
  2.437849E+00 -3.881568E-01  3.886894E-01
  2.467835E+00 -3.971874E-01  3.976919E-01
  2.498189E+00 -4.059980E-01  4.064782E-01
  2.528917E+00 -4.145820E-01  4.150405E-01
  2.560023E+00 -4.229321E-01  4.233716E-01
  2.591511E+00 -4.310411E-01  4.314640E-01
  2.623387E+00 -4.389020E-01  4.393105E-01
  2.655654E+00 -4.465081E-01  4.469043E-01
  2.688319E+00 -4.538527E-01  4.542386E-01
  2.721385E+00 -4.609294E-01  4.613067E-01
  2.754858E+00 -4.677320E-01  4.681023E-01
  2.788743E+00 -4.742546E-01  4.746194E-01
  2.823044E+00 -4.804915E-01  4.808519E-01
  2.857768E+00 -4.864372E-01  4.867944E-01
  2.892918E+00 -4.920865E-01  4.924416E-01
  2.928501E+00 -4.974346E-01  4.977883E-01
  2.964522E+00 -5.024770E-01  5.028300E-01
  3.000986E+00 -5.072093E-01  5.075622E-01
  3.037898E+00 -5.116278E-01  5.119809E-01
  3.075264E+00 -5.157288E-01  5.160826E-01
  3.113090E+00 -5.195092E-01  5.198638E-01
  3.151381E+00 -5.229663E-01  5.233218E-01
  3.190143E+00 -5.260978E-01  5.264541E-01
  3.229381E+00 -5.289016E-01  5.292588E-01
  3.269103E+00 -5.313762E-01  5.317342E-01
  3.309313E+00 -5.335208E-01  5.338792E-01
  3.350017E+00 -5.353346E-01  5.356932E-01
  3.391222E+00 -5.368175E-01  5.371762E-01
  3.432934E+00 -5.379701E-01  5.383284E-01
  3.475159E+00 -5.387932E-01  5.391508E-01
  3.517904E+00 -5.392881E-01  5.396447E-01
  3.561174E+00 -5.394569E-01  5.398121E-01
  3.604977E+00 -5.393018E-01  5.396553E-01
  3.649318E+00 -5.388260E-01  5.391774E-01
  3.694204E+00 -5.380327E-01  5.383817E-01
  3.739643E+00 -5.369260E-01  5.372722E-01
  3.785641E+00 -5.355102E-01  5.358534E-01
  3.832204E+00 -5.337902E-01  5.341301E-01
  3.879340E+00 -5.317713E-01  5.321076E-01
  3.927056E+00 -5.294593E-01  5.297918E-01
  3.975359E+00 -5.268603E-01  5.271888E-01
  4.024256E+00 -5.239807E-01  5.243051E-01
  4.073754E+00 -5.208273E-01  5.211475E-01
  4.123861E+00 -5.174073E-01  5.177230E-01
  4.174585E+00 -5.137279E-01  5.140392E-01
  4.225932E+00 -5.097967E-01  5.101035E-01
  4.277911E+00 -5.056215E-01  5.059237E-01
  4.330530E+00 -5.012101E-01  5.015077E-01
  4.383795E+00 -4.965705E-01  4.968635E-01
  4.437716E+00 -4.917108E-01  4.919991E-01
  4.492300E+00 -4.866389E-01  4.869227E-01
  4.547555E+00 -4.813632E-01  4.816423E-01
  4.603490E+00 -4.758916E-01  4.761661E-01
  4.660113E+00 -4.702322E-01  4.705022E-01
  4.717432E+00 -4.643931E-01  4.646585E-01
  4.775457E+00 -4.583822E-01  4.586431E-01
  4.834195E+00 -4.522074E-01  4.524637E-01
  4.893655E+00 -4.458766E-01  4.461284E-01
  4.953847E+00 -4.393974E-01  4.396447E-01
  5.014780E+00 -4.327776E-01  4.330204E-01
  5.076461E+00 -4.260247E-01  4.262631E-01
  5.138902E+00 -4.191464E-01  4.193804E-01
  5.202110E+00 -4.121502E-01  4.123797E-01
  5.266096E+00 -4.050434E-01  4.052685E-01
  5.330869E+00 -3.978337E-01  3.980543E-01
  5.396439E+00 -3.905283E-01  3.907445E-01
  5.462815E+00 -3.831349E-01  3.833466E-01
  5.530008E+00 -3.756608E-01  3.758681E-01
  5.598027E+00 -3.681137E-01  3.683164E-01
  5.666883E+00 -3.605010E-01  3.606993E-01
  5.736585E+00 -3.528305E-01  3.530243E-01
  5.807145E+00 -3.451098E-01  3.452991E-01
  5.878573E+00 -3.373467E-01  3.375316E-01
  5.950880E+00 -3.295490E-01  3.297295E-01
  6.024075E+00 -3.217248E-01  3.219007E-01
  6.098172E+00 -3.138819E-01  3.140534E-01
  6.173179E+00 -3.060284E-01  3.061955E-01
  6.249109E+00 -2.981725E-01  2.983352E-01
  6.325973E+00 -2.903222E-01  2.904804E-01
  6.403783E+00 -2.824857E-01  2.826395E-01
  6.482549E+00 -2.746710E-01  2.748205E-01
  6.562285E+00 -2.668863E-01  2.670314E-01
  6.643001E+00 -2.591395E-01  2.592803E-01
  6.724710E+00 -2.514387E-01  2.515752E-01
  6.807423E+00 -2.437916E-01  2.439239E-01
  6.891155E+00 -2.362058E-01  2.363339E-01
  6.975916E+00 -2.286890E-01  2.288130E-01
  7.061720E+00 -2.212484E-01  2.213682E-01
  7.148579E+00 -2.138910E-01  2.140068E-01
  7.236506E+00 -2.066238E-01  2.067356E-01
  7.325515E+00 -1.994532E-01  1.995610E-01
  7.415619E+00 -1.923855E-01  1.924895E-01
  7.506831E+00 -1.854268E-01  1.855270E-01
  7.599165E+00 -1.785826E-01  1.786790E-01
  7.692635E+00 -1.718581E-01  1.719509E-01
  7.787255E+00 -1.652584E-01  1.653475E-01
  7.883038E+00 -1.587879E-01  1.588735E-01
  7.979999E+00 -1.524508E-01  1.525330E-01
  8.078153E+00 -1.462509E-01  1.463298E-01
  8.177514E+00 -1.401917E-01  1.402672E-01
  8.278098E+00 -1.342761E-01  1.343484E-01
  8.379918E+00 -1.285067E-01  1.285759E-01
  8.482991E+00 -1.228858E-01  1.229520E-01
  8.587332E+00 -1.174153E-01  1.174785E-01
  8.692956E+00 -1.120966E-01  1.121569E-01
  8.799880E+00 -1.069309E-01  1.069884E-01
  8.908118E+00 -1.019189E-01  1.019737E-01
  9.017688E+00 -9.706102E-02  9.711320E-02
  9.128606E+00 -9.235736E-02  9.240700E-02
  9.240888E+00 -8.780767E-02  8.785486E-02
  9.354551E+00 -8.341140E-02  8.345623E-02
  9.469612E+00 -7.916770E-02  7.921024E-02
  9.586088E+00 -7.507544E-02  7.511578E-02
  9.703997E+00 -7.113323E-02  7.117144E-02
  9.823356E+00 -6.733941E-02  6.737559E-02
  9.944183E+00 -6.369211E-02  6.372633E-02
  1.006650E+01 -6.018923E-02  6.022156E-02
  1.019031E+01 -5.682847E-02  5.685900E-02
  1.031566E+01 -5.360734E-02  5.363613E-02
  1.044254E+01 -5.052317E-02  5.055031E-02
  1.057098E+01 -4.757317E-02  4.759872E-02
  1.070100E+01 -4.475436E-02  4.477840E-02
  1.083263E+01 -4.206368E-02  4.208628E-02
  1.096587E+01 -3.949794E-02  3.951916E-02
  1.110075E+01 -3.705385E-02  3.707376E-02
  1.123729E+01 -3.472806E-02  3.474672E-02
  1.137551E+01 -3.251714E-02  3.253461E-02
  1.151542E+01 -3.041760E-02  3.043394E-02
  1.165706E+01 -2.842592E-02  2.844119E-02
  1.180045E+01 -2.653854E-02  2.655280E-02
  1.194559E+01 -2.475190E-02  2.476520E-02
  1.209252E+01 -2.306242E-02  2.307481E-02
  1.224126E+01 -2.146652E-02  2.147806E-02
  1.239183E+01 -1.996064E-02  1.997138E-02
  1.254425E+01 -1.854126E-02  1.855123E-02
  1.269854E+01 -1.720485E-02  1.721410E-02
  1.285473E+01 -1.594795E-02  1.595653E-02
  1.301285E+01 -1.476714E-02  1.477509E-02
  1.317290E+01 -1.365906E-02  1.366641E-02
  1.333493E+01 -1.262039E-02  1.262718E-02
  1.349895E+01 -1.164789E-02  1.165416E-02
  1.366499E+01 -1.073839E-02  1.074418E-02
  1.383307E+01 -9.888794E-03  9.894120E-03
  1.400321E+01 -9.096073E-03  9.100973E-03
  1.417545E+01 -8.357294E-03  8.361796E-03
  1.434981E+01 -7.669601E-03  7.673734E-03
  1.452631E+01 -7.030232E-03  7.034021E-03
  1.470499E+01 -6.436508E-03  6.439978E-03
  1.488586E+01 -5.885846E-03  5.889020E-03
  1.506896E+01 -5.375754E-03  5.378653E-03
  1.525430E+01 -4.903831E-03  4.906476E-03
  1.544193E+01 -4.467772E-03  4.470183E-03
  1.563187E+01 -4.065365E-03  4.067559E-03
  1.582414E+01 -3.694491E-03  3.696486E-03
  1.601878E+01 -3.353124E-03  3.354935E-03
  1.621581E+01 -3.039331E-03  3.040973E-03
  1.641526E+01 -2.751267E-03  2.752754E-03
  1.661717E+01 -2.487179E-03  2.488524E-03
  1.682156E+01 -2.245402E-03  2.246616E-03
  1.702847E+01 -2.024354E-03  2.025449E-03
  1.723792E+01 -1.822540E-03  1.823526E-03
  1.744994E+01 -1.638546E-03  1.639433E-03
  1.766458E+01 -1.471037E-03  1.471833E-03
  1.788185E+01 -1.318756E-03  1.319470E-03
  1.810180E+01 -1.180521E-03  1.181160E-03
  1.832445E+01 -1.055221E-03  1.055793E-03
  1.854984E+01 -9.418154E-04  9.423260E-04
  1.877800E+01 -8.393302E-04  8.397854E-04
  1.900897E+01 -7.468554E-04  7.472605E-04
  1.924278E+01 -6.635422E-04  6.639022E-04
  1.947947E+01 -5.886005E-04  5.889200E-04
  1.971907E+01 -5.212959E-04  5.215790E-04
  1.996161E+01 -4.609471E-04  4.611975E-04
  2.020714E+01 -4.069229E-04  4.071441E-04
  2.045569E+01 -3.586401E-04  3.588351E-04
  2.070729E+01 -3.155601E-04  3.157318E-04
  2.096199E+01 -2.771869E-04  2.773377E-04
  2.121982E+01 -2.430646E-04  2.431969E-04
  2.148083E+01 -2.127751E-04  2.128909E-04
  2.174504E+01 -1.859348E-04  1.860361E-04
  2.201251E+01 -1.621929E-04  1.622813E-04
  2.228326E+01 -1.412293E-04  1.413063E-04
  2.255734E+01 -1.227524E-04  1.228194E-04
  2.283480E+01 -1.064970E-04  1.065551E-04
  2.311567E+01 -9.222256E-05  9.227291E-05
  2.339999E+01 -7.971116E-05  7.975470E-05
  2.368781E+01 -6.876591E-05  6.880348E-05
  2.397917E+01 -5.920917E-05  5.924154E-05
  2.427411E+01 -5.088105E-05  5.090888E-05
  2.457269E+01 -4.363791E-05  4.366179E-05
  2.487493E+01 -3.735097E-05  3.737142E-05
  2.518089E+01 -3.190503E-05  3.192251E-05
  2.549062E+01 -2.719723E-05  2.721214E-05
  2.580415E+01 -2.313595E-05  2.314864E-05
  2.612154E+01 -1.963976E-05  1.965053E-05
  2.644284E+01 -1.663641E-05  1.664554E-05
  2.676808E+01 -1.406197E-05  1.406969E-05
  2.709733E+01 -1.185998E-05  1.186650E-05
  2.743063E+01 -9.980720E-06  9.986207E-06
  2.776803E+01 -8.380452E-06  8.385062E-06
  2.810957E+01 -7.020835E-06  7.024699E-06
  2.845532E+01 -5.868317E-06  5.871549E-06
  2.880532E+01 -4.893613E-06  4.896309E-06
  2.915963E+01 -4.071217E-06  4.073462E-06
  2.951829E+01 -3.378974E-06  3.380838E-06
  2.988136E+01 -2.797684E-06  2.799229E-06
  3.024891E+01 -2.310748E-06  2.312025E-06
  3.062097E+01 -1.903854E-06  1.904906E-06
  3.099760E+01 -1.564690E-06  1.565556E-06
  3.137888E+01 -1.282695E-06  1.283405E-06
  3.176484E+01 -1.048830E-06  1.049411E-06
  3.215554E+01 -8.553809E-07  8.558550E-07
  3.255106E+01 -6.957816E-07  6.961675E-07
  3.295143E+01 -5.644573E-07  5.647706E-07
  3.335674E+01 -4.566881E-07  4.569418E-07
  3.376702E+01 -3.684888E-07  3.686936E-07
  3.418236E+01 -2.965038E-07  2.966687E-07
  3.460280E+01 -2.379154E-07  2.380478E-07
  3.502842E+01 -1.903647E-07  1.904707E-07
  3.545927E+01 -1.518820E-07  1.519667E-07
  3.589542E+01 -1.208279E-07  1.208953E-07
  3.633693E+01 -9.584147E-08  9.589497E-08
  3.678387E+01 -7.579649E-08  7.583884E-08
  3.723631E+01 -5.976381E-08  5.979722E-08
  3.769432E+01 -4.697911E-08  4.700540E-08
  3.815796E+01 -3.681563E-08  3.683625E-08
  3.862730E+01 -2.876101E-08  2.877713E-08
  3.910242E+01 -2.239772E-08  2.241028E-08
  3.958338E+01 -1.738658E-08  1.739634E-08
  4.007026E+01 -1.345296E-08  1.346052E-08
  4.056312E+01 -1.037523E-08  1.038106E-08
  4.106205E+01 -7.975099E-09  7.979588E-09
  4.156711E+01 -6.109633E-09  6.113075E-09
  4.207838E+01 -4.664625E-09  4.667256E-09
  4.259595E+01 -3.549137E-09  3.551140E-09
  4.311988E+01 -2.691006E-09  2.692526E-09
  4.365025E+01 -2.033170E-09  2.034319E-09
  4.418715E+01 -1.530667E-09  1.531534E-09
  4.473065E+01 -1.148198E-09  1.148849E-09
  4.528084E+01 -8.581488E-10  8.586354E-10
  4.583779E+01 -6.389961E-10  6.393588E-10
  4.640160E+01 -4.740277E-10  4.742971E-10
  4.697234E+01 -3.503153E-10  3.505145E-10
  4.755010E+01 -2.578956E-10  2.580424E-10
  4.813497E+01 -1.891200E-10  1.892278E-10
  4.872703E+01 -1.381398E-10  1.382186E-10
  4.932637E+01 -1.005001E-10  1.005575E-10
  4.993308E+01 -7.282155E-11  7.286318E-11
  5.054726E+01 -5.255047E-11  5.258055E-11
  5.116899E+01 -3.776546E-11  3.778710E-11
  5.179837E+01 -2.702665E-11  2.704216E-11
  5.243549E+01 -1.925956E-11  1.927062E-11
  5.308045E+01 -1.366578E-11  1.367364E-11
  5.373333E+01 -9.654583E-12  9.660140E-12
  5.439425E+01 -6.790784E-12  6.794697E-12
  5.506330E+01 -4.755214E-12  4.757958E-12
  5.574058E+01 -3.314820E-12  3.316735E-12
  5.642619E+01 -2.300199E-12  2.301530E-12
  5.712023E+01 -1.588773E-12  1.589693E-12
  5.782281E+01 -1.092256E-12  1.092889E-12
  5.853403E+01 -7.473561E-13  7.477900E-13
  5.925400E+01 -5.089161E-13  5.092120E-13
  5.998283E+01 -3.448692E-13  3.450699E-13
  6.072062E+01 -2.325551E-13  2.326906E-13
  6.146748E+01 -1.560393E-13  1.561304E-13
  6.222353E+01 -1.041723E-13  1.042332E-13
  6.298888E+01 -6.919162E-14  6.923211E-14
  6.376364E+01 -4.572039E-14  4.574718E-14
  6.454793E+01 -3.005342E-14  3.007105E-14
  6.534187E+01 -1.965066E-14  1.966220E-14
  6.614558E+01 -1.278000E-14  1.278752E-14
  6.695917E+01 -8.266591E-15  8.271462E-15
  6.778277E+01 -5.317830E-15  5.320968E-15
  6.861650E+01 -3.401928E-15  3.403939E-15
  6.946048E+01 -2.164057E-15  2.165337E-15
  7.031484E+01 -1.368782E-15  1.369593E-15
  7.117971E+01 -8.607786E-16  8.612896E-16
  7.205523E+01 -5.381570E-16  5.384770E-16
  7.294150E+01 -3.344687E-16  3.346679E-16
  7.383869E+01 -2.066333E-16  2.067565E-16
  7.474690E+01 -1.268851E-16  1.269609E-16
  7.566629E+01 -7.744130E-17  7.748756E-17
  7.659698E+01  0.000000E+00  0.000000E+00
  7.753913E+01  0.000000E+00  0.000000E+00
  7.849286E+01  0.000000E+00  0.000000E+00
  7.945832E+01  0.000000E+00  0.000000E+00
