  1.041667E-03  3.657362E-03  6.585413E-03
  1.054479E-03  3.702348E-03  6.665823E-03
  1.067449E-03  3.747887E-03  6.747208E-03
  1.080579E-03  3.793986E-03  6.829581E-03
  1.093870E-03  3.840652E-03  6.912952E-03
  1.107325E-03  3.887892E-03  6.997334E-03
  1.120945E-03  3.935713E-03  7.082739E-03
  1.134732E-03  3.984122E-03  7.169180E-03
  1.148690E-03  4.033126E-03  7.256667E-03
  1.162818E-03  4.082733E-03  7.345215E-03
  1.177121E-03  4.132951E-03  7.434835E-03
  1.191600E-03  4.183786E-03  7.525540E-03
  1.206256E-03  4.235246E-03  7.617344E-03
  1.221093E-03  4.287339E-03  7.710260E-03
  1.236113E-03  4.340073E-03  7.804300E-03
  1.251317E-03  4.393456E-03  7.899478E-03
  1.266708E-03  4.447495E-03  7.995808E-03
  1.282289E-03  4.502198E-03  8.093303E-03
  1.298061E-03  4.557575E-03  8.191977E-03
  1.314027E-03  4.613632E-03  8.291845E-03
  1.330189E-03  4.670379E-03  8.392920E-03
  1.346551E-03  4.727824E-03  8.495217E-03
  1.363113E-03  4.785975E-03  8.598750E-03
  1.379880E-03  4.844842E-03  8.703534E-03
  1.396852E-03  4.904433E-03  8.809584E-03
  1.414033E-03  4.964756E-03  8.916915E-03
  1.431426E-03  5.025821E-03  9.025542E-03
  1.449033E-03  5.087638E-03  9.135481E-03
  1.466856E-03  5.150215E-03  9.246746E-03
  1.484898E-03  5.213561E-03  9.359354E-03
  1.503162E-03  5.277686E-03  9.473321E-03
  1.521651E-03  5.342600E-03  9.588662E-03
  1.540367E-03  5.408313E-03  9.705395E-03
  1.559314E-03  5.474833E-03  9.823534E-03
  1.578494E-03  5.542172E-03  9.943098E-03
  1.597909E-03  5.610339E-03  1.006410E-02
  1.617563E-03  5.679344E-03  1.018656E-02
  1.637459E-03  5.749198E-03  1.031050E-02
  1.657600E-03  5.819911E-03  1.043593E-02
  1.677989E-03  5.891493E-03  1.056287E-02
  1.698628E-03  5.963956E-03  1.069134E-02
  1.719521E-03  6.037310E-03  1.082135E-02
  1.740671E-03  6.111567E-03  1.095293E-02
  1.762081E-03  6.186736E-03  1.108609E-02
  1.783755E-03  6.262830E-03  1.122085E-02
  1.805695E-03  6.339860E-03  1.135723E-02
  1.827905E-03  6.417837E-03  1.149525E-02
  1.850388E-03  6.496773E-03  1.163492E-02
  1.873148E-03  6.576679E-03  1.177628E-02
  1.896188E-03  6.657569E-03  1.191933E-02
  1.919511E-03  6.739453E-03  1.206410E-02
  1.943121E-03  6.822344E-03  1.221060E-02
  1.967021E-03  6.906255E-03  1.235887E-02
  1.991216E-03  6.991197E-03  1.250891E-02
  2.015708E-03  7.077184E-03  1.266075E-02
  2.040501E-03  7.164229E-03  1.281441E-02
  2.065599E-03  7.252344E-03  1.296991E-02
  2.091006E-03  7.341543E-03  1.312727E-02
  2.116725E-03  7.431838E-03  1.328651E-02
  2.142761E-03  7.523244E-03  1.344767E-02
  2.169117E-03  7.615774E-03  1.361075E-02
  2.195797E-03  7.709442E-03  1.377578E-02
  2.222805E-03  7.804261E-03  1.394278E-02
  2.250146E-03  7.900247E-03  1.411178E-02
  2.277823E-03  7.997413E-03  1.428280E-02
  2.305840E-03  8.095774E-03  1.445587E-02
  2.334202E-03  8.195344E-03  1.463100E-02
  2.362912E-03  8.296139E-03  1.480821E-02
  2.391976E-03  8.398173E-03  1.498755E-02
  2.421398E-03  8.501462E-03  1.516902E-02
  2.451181E-03  8.606021E-03  1.535266E-02
  2.481330E-03  8.711865E-03  1.553848E-02
  2.511851E-03  8.819011E-03  1.572652E-02
  2.542746E-03  8.927475E-03  1.591680E-02
  2.574022E-03  9.037272E-03  1.610934E-02
  2.605683E-03  9.148420E-03  1.630418E-02
  2.637733E-03  9.260934E-03  1.650133E-02
  2.670177E-03  9.374831E-03  1.670082E-02
  2.703020E-03  9.490129E-03  1.690269E-02
  2.736267E-03  9.606845E-03  1.710695E-02
  2.769923E-03  9.724996E-03  1.731364E-02
  2.803993E-03  9.844599E-03  1.752279E-02
  2.838482E-03  9.965673E-03  1.773441E-02
  2.873396E-03  1.008824E-02  1.794854E-02
  2.908738E-03  1.021231E-02  1.816522E-02
  2.944516E-03  1.033790E-02  1.838446E-02
  2.980733E-03  1.046504E-02  1.860629E-02
  3.017396E-03  1.059374E-02  1.883075E-02
  3.054510E-03  1.072403E-02  1.905787E-02
  3.092081E-03  1.085591E-02  1.928767E-02
  3.130113E-03  1.098942E-02  1.952019E-02
  3.168614E-03  1.112457E-02  1.975546E-02
  3.207588E-03  1.126138E-02  1.999350E-02
  3.247041E-03  1.139987E-02  2.023436E-02
  3.286980E-03  1.154007E-02  2.047805E-02
  3.327410E-03  1.168199E-02  2.072462E-02
  3.368337E-03  1.182565E-02  2.097409E-02
  3.409767E-03  1.197108E-02  2.122651E-02
  3.451707E-03  1.211830E-02  2.148189E-02
  3.494163E-03  1.226733E-02  2.174028E-02
  3.537142E-03  1.241819E-02  2.200170E-02
  3.580648E-03  1.257090E-02  2.226620E-02
  3.624690E-03  1.272549E-02  2.253380E-02
  3.669274E-03  1.288198E-02  2.280455E-02
  3.714406E-03  1.304040E-02  2.307847E-02
  3.760093E-03  1.320076E-02  2.335560E-02
  3.806343E-03  1.336309E-02  2.363598E-02
  3.853161E-03  1.352742E-02  2.391964E-02
  3.900554E-03  1.369377E-02  2.420663E-02
  3.948531E-03  1.386216E-02  2.449697E-02
  3.997098E-03  1.403262E-02  2.479070E-02
  4.046263E-03  1.420518E-02  2.508786E-02
  4.096032E-03  1.437986E-02  2.538849E-02
  4.146413E-03  1.455669E-02  2.569263E-02
  4.197414E-03  1.473568E-02  2.600032E-02
  4.249042E-03  1.491688E-02  2.631159E-02
  4.301305E-03  1.510031E-02  2.662648E-02
  4.354211E-03  1.528599E-02  2.694503E-02
  4.407768E-03  1.547395E-02  2.726729E-02
  4.461983E-03  1.566422E-02  2.759330E-02
  4.516866E-03  1.585683E-02  2.792308E-02
  4.572423E-03  1.605180E-02  2.825670E-02
  4.628664E-03  1.624917E-02  2.859417E-02
  4.685597E-03  1.644897E-02  2.893556E-02
  4.743229E-03  1.665122E-02  2.928090E-02
  4.801571E-03  1.685596E-02  2.963023E-02
  4.860631E-03  1.706321E-02  2.998360E-02
  4.920416E-03  1.727301E-02  3.034105E-02
  4.980937E-03  1.748539E-02  3.070263E-02
  5.042203E-03  1.770037E-02  3.106837E-02
  5.104222E-03  1.791800E-02  3.143832E-02
  5.167004E-03  1.813830E-02  3.181254E-02
  5.230558E-03  1.836130E-02  3.219105E-02
  5.294894E-03  1.858705E-02  3.257391E-02
  5.360021E-03  1.881556E-02  3.296117E-02
  5.425949E-03  1.904689E-02  3.335287E-02
  5.492689E-03  1.928106E-02  3.374906E-02
  5.560249E-03  1.951810E-02  3.414978E-02
  5.628640E-03  1.975805E-02  3.455509E-02
  5.697872E-03  2.000095E-02  3.496502E-02
  5.767956E-03  2.024684E-02  3.537964E-02
  5.838902E-03  2.049574E-02  3.579898E-02
  5.910720E-03  2.074770E-02  3.622311E-02
  5.983422E-03  2.100275E-02  3.665205E-02
  6.057018E-03  2.126094E-02  3.708588E-02
  6.131519E-03  2.152229E-02  3.752464E-02
  6.206937E-03  2.178686E-02  3.796837E-02
  6.283282E-03  2.205467E-02  3.841713E-02
  6.360567E-03  2.232577E-02  3.887098E-02
  6.438802E-03  2.260020E-02  3.932995E-02
  6.517999E-03  2.287800E-02  3.979412E-02
  6.598170E-03  2.315920E-02  4.026352E-02
  6.679328E-03  2.344386E-02  4.073821E-02
  6.761484E-03  2.373201E-02  4.121825E-02
  6.844650E-03  2.402370E-02  4.170369E-02
  6.928839E-03  2.431897E-02  4.219458E-02
  7.014064E-03  2.461786E-02  4.269098E-02
  7.100337E-03  2.492042E-02  4.319294E-02
  7.187671E-03  2.522670E-02  4.370052E-02
  7.276079E-03  2.553673E-02  4.421378E-02
  7.365575E-03  2.585056E-02  4.473277E-02
  7.456172E-03  2.616824E-02  4.525754E-02
  7.547883E-03  2.648982E-02  4.578816E-02
  7.640722E-03  2.681535E-02  4.632468E-02
  7.734702E-03  2.714487E-02  4.686716E-02
  7.829839E-03  2.747843E-02  4.741566E-02
  7.926146E-03  2.781608E-02  4.797023E-02
  8.023638E-03  2.815787E-02  4.853093E-02
  8.122329E-03  2.850385E-02  4.909783E-02
  8.222233E-03  2.885408E-02  4.967099E-02
  8.323367E-03  2.920859E-02  5.025045E-02
  8.425744E-03  2.956746E-02  5.083629E-02
  8.529381E-03  2.993072E-02  5.142856E-02
  8.634292E-03  3.029844E-02  5.202733E-02
  8.740494E-03  3.067066E-02  5.263265E-02
  8.848002E-03  3.104744E-02  5.324459E-02
  8.956832E-03  3.142884E-02  5.386320E-02
  9.067002E-03  3.181492E-02  5.448856E-02
  9.178526E-03  3.220572E-02  5.512072E-02
  9.291422E-03  3.260131E-02  5.575974E-02
  9.405706E-03  3.300175E-02  5.640569E-02
  9.521396E-03  3.340709E-02  5.705863E-02
  9.638509E-03  3.381739E-02  5.771863E-02
  9.757063E-03  3.423272E-02  5.838574E-02
  9.877075E-03  3.465314E-02  5.906004E-02
  9.998563E-03  3.507870E-02  5.974158E-02
  1.012155E-02  3.550947E-02  6.043043E-02
  1.024604E-02  3.594551E-02  6.112665E-02
  1.037207E-02  3.638689E-02  6.183032E-02
  1.049964E-02  3.683367E-02  6.254149E-02
  1.062879E-02  3.728592E-02  6.326023E-02
  1.075952E-02  3.774369E-02  6.398660E-02
  1.089186E-02  3.820707E-02  6.472067E-02
  1.102583E-02  3.867612E-02  6.546251E-02
  1.116145E-02  3.915090E-02  6.621218E-02
  1.129874E-02  3.963148E-02  6.696975E-02
  1.143771E-02  4.011794E-02  6.773528E-02
  1.157840E-02  4.061034E-02  6.850884E-02
  1.172081E-02  4.110876E-02  6.929050E-02
  1.186498E-02  4.161328E-02  7.008032E-02
  1.201092E-02  4.212395E-02  7.087837E-02
  1.215865E-02  4.264086E-02  7.168471E-02
  1.230820E-02  4.316409E-02  7.249941E-02
  1.245959E-02  4.369370E-02  7.332254E-02
  1.261285E-02  4.422978E-02  7.415416E-02
  1.276798E-02  4.477240E-02  7.499434E-02
  1.292503E-02  4.532164E-02  7.584315E-02
  1.308401E-02  4.587759E-02  7.670065E-02
  1.324494E-02  4.644031E-02  7.756691E-02
  1.340785E-02  4.700990E-02  7.844199E-02
  1.357277E-02  4.758643E-02  7.932596E-02
  1.373972E-02  4.816999E-02  8.021888E-02
  1.390871E-02  4.876066E-02  8.112083E-02
  1.407979E-02  4.935853E-02  8.203186E-02
  1.425297E-02  4.996368E-02  8.295204E-02
  1.442828E-02  5.057620E-02  8.388144E-02
  1.460575E-02  5.119618E-02  8.482012E-02
  1.478540E-02  5.182371E-02  8.576815E-02
  1.496726E-02  5.245887E-02  8.672558E-02
  1.515136E-02  5.310176E-02  8.769248E-02
  1.533772E-02  5.375246E-02  8.866892E-02
  1.552638E-02  5.441108E-02  8.965495E-02
  1.571735E-02  5.507770E-02  9.065064E-02
  1.591067E-02  5.575243E-02  9.165606E-02
  1.610638E-02  5.643535E-02  9.267126E-02
  1.630448E-02  5.712656E-02  9.369630E-02
  1.650503E-02  5.782616E-02  9.473124E-02
  1.670804E-02  5.853426E-02  9.577615E-02
  1.691355E-02  5.925094E-02  9.683107E-02
  1.712159E-02  5.997631E-02  9.789608E-02
  1.733218E-02  6.071048E-02  9.897122E-02
  1.754537E-02  6.145354E-02  1.000566E-01
  1.776118E-02  6.220561E-02  1.011521E-01
  1.797964E-02  6.296678E-02  1.022580E-01
  1.820079E-02  6.373716E-02  1.033743E-01
  1.842466E-02  6.451686E-02  1.045009E-01
  1.865128E-02  6.530599E-02  1.056381E-01
  1.888069E-02  6.610466E-02  1.067857E-01
  1.911292E-02  6.691298E-02  1.079439E-01
  1.934801E-02  6.773106E-02  1.091127E-01
  1.958599E-02  6.855902E-02  1.102922E-01
  1.982690E-02  6.939696E-02  1.114824E-01
  2.007077E-02  7.024501E-02  1.126833E-01
  2.031764E-02  7.110328E-02  1.138951E-01
  2.056755E-02  7.197188E-02  1.151176E-01
  2.082053E-02  7.285094E-02  1.163511E-01
  2.107662E-02  7.374058E-02  1.175955E-01
  2.133587E-02  7.464092E-02  1.188508E-01
  2.159830E-02  7.555208E-02  1.201172E-01
  2.186396E-02  7.647418E-02  1.213945E-01
  2.213288E-02  7.740734E-02  1.226830E-01
  2.240512E-02  7.835170E-02  1.239825E-01
  2.268070E-02  7.930738E-02  1.252931E-01
  2.295967E-02  8.027451E-02  1.266150E-01
  2.324208E-02  8.125321E-02  1.279479E-01
  2.352795E-02  8.224361E-02  1.292921E-01
  2.381735E-02  8.324586E-02  1.306475E-01
  2.411030E-02  8.426007E-02  1.320142E-01
  2.440686E-02  8.528638E-02  1.333921E-01
  2.470706E-02  8.632493E-02  1.347813E-01
  2.501096E-02  8.737585E-02  1.361818E-01
  2.531859E-02  8.843928E-02  1.375936E-01
  2.563001E-02  8.951535E-02  1.390167E-01
  2.594526E-02  9.060420E-02  1.404511E-01
  2.626439E-02  9.170598E-02  1.418968E-01
  2.658744E-02  9.282082E-02  1.433539E-01
  2.691447E-02  9.394886E-02  1.448222E-01
  2.724551E-02  9.509025E-02  1.463019E-01
  2.758063E-02  9.624512E-02  1.477928E-01
  2.791988E-02  9.741363E-02  1.492951E-01
  2.826329E-02  9.859592E-02  1.508086E-01
  2.861093E-02  9.979213E-02  1.523333E-01
  2.896284E-02  1.010024E-01  1.538693E-01
  2.931909E-02  1.022269E-01  1.554164E-01
  2.967971E-02  1.034658E-01  1.569747E-01
  3.004477E-02  1.047191E-01  1.585442E-01
  3.041432E-02  1.059872E-01  1.601248E-01
  3.078842E-02  1.072700E-01  1.617164E-01
  3.116712E-02  1.085678E-01  1.633190E-01
  3.155047E-02  1.098808E-01  1.649326E-01
  3.193854E-02  1.112090E-01  1.665571E-01
  3.233139E-02  1.125526E-01  1.681924E-01
  3.272906E-02  1.139117E-01  1.698386E-01
  3.313163E-02  1.152866E-01  1.714954E-01
  3.353915E-02  1.166774E-01  1.731629E-01
  3.395168E-02  1.180842E-01  1.748410E-01
  3.436929E-02  1.195072E-01  1.765296E-01
  3.479203E-02  1.209465E-01  1.782285E-01
  3.521997E-02  1.224022E-01  1.799378E-01
  3.565318E-02  1.238747E-01  1.816573E-01
  3.609171E-02  1.253639E-01  1.833869E-01
  3.653564E-02  1.268700E-01  1.851265E-01
  3.698503E-02  1.283932E-01  1.868760E-01
  3.743994E-02  1.299337E-01  1.886352E-01
  3.790045E-02  1.314916E-01  1.904041E-01
  3.836663E-02  1.330669E-01  1.921826E-01
  3.883854E-02  1.346600E-01  1.939703E-01
  3.931625E-02  1.362709E-01  1.957674E-01
  3.979984E-02  1.378998E-01  1.975735E-01
  4.028938E-02  1.395468E-01  1.993885E-01
  4.078494E-02  1.412120E-01  2.012122E-01
  4.128659E-02  1.428956E-01  2.030446E-01
  4.179442E-02  1.445978E-01  2.048853E-01
  4.230849E-02  1.463186E-01  2.067343E-01
  4.282889E-02  1.480582E-01  2.085913E-01
  4.335568E-02  1.498168E-01  2.104561E-01
  4.388896E-02  1.515944E-01  2.123286E-01
  4.442879E-02  1.533912E-01  2.142084E-01
  4.497526E-02  1.552073E-01  2.160954E-01
  4.552846E-02  1.570427E-01  2.179894E-01
  4.608846E-02  1.588977E-01  2.198900E-01
  4.665535E-02  1.607724E-01  2.217971E-01
  4.722921E-02  1.626667E-01  2.237104E-01
  4.781013E-02  1.645809E-01  2.256296E-01
  4.839819E-02  1.665150E-01  2.275545E-01
  4.899349E-02  1.684691E-01  2.294847E-01
  4.959611E-02  1.704433E-01  2.314200E-01
  5.020614E-02  1.724376E-01  2.333600E-01
  5.082368E-02  1.744522E-01  2.353045E-01
  5.144881E-02  1.764870E-01  2.372531E-01
  5.208163E-02  1.785422E-01  2.392055E-01
  5.272223E-02  1.806177E-01  2.411614E-01
  5.337072E-02  1.827136E-01  2.431203E-01
  5.402718E-02  1.848299E-01  2.450820E-01
  5.469171E-02  1.869666E-01  2.470460E-01
  5.536442E-02  1.891238E-01  2.490119E-01
  5.604540E-02  1.913014E-01  2.509794E-01
  5.673476E-02  1.934993E-01  2.529481E-01
  5.743260E-02  1.957176E-01  2.549175E-01
  5.813902E-02  1.979562E-01  2.568872E-01
  5.885413E-02  2.002151E-01  2.588567E-01
  5.957803E-02  2.024940E-01  2.608257E-01
  6.031084E-02  2.047931E-01  2.627936E-01
  6.105267E-02  2.071121E-01  2.647599E-01
  6.180361E-02  2.094508E-01  2.667241E-01
  6.256380E-02  2.118093E-01  2.686858E-01
  6.333333E-02  2.141872E-01  2.706444E-01
  6.411233E-02  2.165843E-01  2.725995E-01
  6.490092E-02  2.190006E-01  2.745503E-01
  6.569920E-02  2.214357E-01  2.764965E-01
  6.650730E-02  2.238893E-01  2.784374E-01
  6.732534E-02  2.263613E-01  2.803724E-01
  6.815344E-02  2.288512E-01  2.823009E-01
  6.899173E-02  2.313587E-01  2.842224E-01
  6.984032E-02  2.338834E-01  2.861361E-01
  7.069936E-02  2.364250E-01  2.880415E-01
  7.156896E-02  2.389830E-01  2.899378E-01
  7.244926E-02  2.415569E-01  2.918245E-01
  7.334039E-02  2.441462E-01  2.937009E-01
  7.424247E-02  2.467504E-01  2.955661E-01
  7.515565E-02  2.493689E-01  2.974196E-01
  7.608007E-02  2.520010E-01  2.992605E-01
  7.701585E-02  2.546462E-01  3.010882E-01
  7.796315E-02  2.573036E-01  3.029019E-01
  7.892210E-02  2.599726E-01  3.047008E-01
  7.989284E-02  2.626523E-01  3.064840E-01
  8.087552E-02  2.653419E-01  3.082509E-01
  8.187029E-02  2.680405E-01  3.100006E-01
  8.287729E-02  2.707471E-01  3.117321E-01
  8.389668E-02  2.734607E-01  3.134448E-01
  8.492861E-02  2.761802E-01  3.151377E-01
  8.597324E-02  2.789046E-01  3.168098E-01
  8.703071E-02  2.816326E-01  3.184604E-01
  8.810118E-02  2.843629E-01  3.200885E-01
  8.918483E-02  2.870943E-01  3.216931E-01
  9.028180E-02  2.898254E-01  3.232734E-01
  9.139227E-02  2.925547E-01  3.248282E-01
  9.251639E-02  2.952807E-01  3.263567E-01
  9.365434E-02  2.980018E-01  3.278579E-01
  9.480629E-02  3.007163E-01  3.293307E-01
  9.597241E-02  3.034224E-01  3.307740E-01
  9.715287E-02  3.061185E-01  3.321869E-01
  9.834785E-02  3.088024E-01  3.335683E-01
  9.955753E-02  3.114723E-01  3.349170E-01
  1.007821E-01  3.141261E-01  3.362320E-01
  1.020217E-01  3.167616E-01  3.375122E-01
  1.032766E-01  3.193766E-01  3.387564E-01
  1.045469E-01  3.219687E-01  3.399635E-01
  1.058328E-01  3.245355E-01  3.411323E-01
  1.071345E-01  3.270746E-01  3.422616E-01
  1.084523E-01  3.295833E-01  3.433503E-01
  1.097863E-01  3.320590E-01  3.443971E-01
  1.111366E-01  3.344988E-01  3.454008E-01
  1.125036E-01  3.368999E-01  3.463601E-01
  1.138874E-01  3.392594E-01  3.472739E-01
  1.152882E-01  3.415742E-01  3.481407E-01
  1.167063E-01  3.438412E-01  3.489594E-01
  1.181418E-01  3.460572E-01  3.497286E-01
  1.195949E-01  3.482190E-01  3.504471E-01
  1.210659E-01  3.503230E-01  3.511134E-01
  1.225550E-01  3.523660E-01  3.517263E-01
  1.240625E-01  3.543443E-01  3.522843E-01
  1.255884E-01  3.562544E-01  3.527862E-01
  1.271332E-01  3.580926E-01  3.532305E-01
  1.286969E-01  3.598552E-01  3.536159E-01
  1.302799E-01  3.615384E-01  3.539409E-01
  1.318823E-01  3.631385E-01  3.542041E-01
  1.335045E-01  3.646514E-01  3.544041E-01
  1.351466E-01  3.660734E-01  3.545394E-01
  1.368089E-01  3.674005E-01  3.546087E-01
  1.384916E-01  3.686288E-01  3.546104E-01
  1.401951E-01  3.697542E-01  3.545430E-01
  1.419195E-01  3.707728E-01  3.544052E-01
  1.436651E-01  3.716807E-01  3.541954E-01
  1.454322E-01  3.724739E-01  3.539121E-01
  1.472210E-01  3.731484E-01  3.535539E-01
  1.490318E-01  3.737005E-01  3.531192E-01
  1.508649E-01  3.741262E-01  3.526065E-01
  1.527205E-01  3.744219E-01  3.520143E-01
  1.545990E-01  3.745838E-01  3.513411E-01
  1.565006E-01  3.746084E-01  3.505854E-01
  1.584255E-01  3.744921E-01  3.497457E-01
  1.603741E-01  3.742316E-01  3.488204E-01
  1.623467E-01  3.738237E-01  3.478080E-01
  1.643436E-01  3.732652E-01  3.467070E-01
  1.663650E-01  3.725533E-01  3.455158E-01
  1.684113E-01  3.716851E-01  3.442330E-01
  1.704828E-01  3.706582E-01  3.428571E-01
  1.725797E-01  3.694701E-01  3.413864E-01
  1.747025E-01  3.681186E-01  3.398196E-01
  1.768513E-01  3.666019E-01  3.381551E-01
  1.790266E-01  3.649182E-01  3.363914E-01
  1.812286E-01  3.630661E-01  3.345271E-01
  1.834577E-01  3.610444E-01  3.325606E-01
  1.857142E-01  3.588521E-01  3.304905E-01
  1.879985E-01  3.564887E-01  3.283153E-01
  1.903109E-01  3.539537E-01  3.260337E-01
  1.926517E-01  3.512470E-01  3.236442E-01
  1.950213E-01  3.483689E-01  3.211453E-01
  1.974201E-01  3.453198E-01  3.185357E-01
  1.998484E-01  3.421005E-01  3.158140E-01
  2.023065E-01  3.387120E-01  3.129789E-01
  2.047949E-01  3.351558E-01  3.100290E-01
  2.073139E-01  3.314333E-01  3.069631E-01
  2.098638E-01  3.275465E-01  3.037797E-01
  2.124451E-01  3.234976E-01  3.004777E-01
  2.150582E-01  3.192887E-01  2.970559E-01
  2.177034E-01  3.149227E-01  2.935130E-01
  2.203812E-01  3.104022E-01  2.898479E-01
  2.230919E-01  3.057302E-01  2.860593E-01
  2.258359E-01  3.009099E-01  2.821463E-01
  2.286137E-01  2.959446E-01  2.781078E-01
  2.314256E-01  2.908376E-01  2.739426E-01
  2.342722E-01  2.855925E-01  2.696499E-01
  2.371537E-01  2.802128E-01  2.652286E-01
  2.400707E-01  2.747021E-01  2.606778E-01
  2.430236E-01  2.690638E-01  2.559967E-01
  2.460128E-01  2.633016E-01  2.511845E-01
  2.490387E-01  2.574189E-01  2.462403E-01
  2.521019E-01  2.514191E-01  2.411634E-01
  2.552027E-01  2.453052E-01  2.359532E-01
  2.583417E-01  2.390805E-01  2.306090E-01
  2.615193E-01  2.327476E-01  2.251303E-01
  2.647360E-01  2.263093E-01  2.195166E-01
  2.679923E-01  2.197678E-01  2.137673E-01
  2.712886E-01  2.131253E-01  2.078821E-01
  2.746254E-01  2.063834E-01  2.018607E-01
  2.780033E-01  1.995437E-01  1.957028E-01
  2.814228E-01  1.926071E-01  1.894081E-01
  2.848843E-01  1.855745E-01  1.829766E-01
  2.883884E-01  1.784462E-01  1.764082E-01
  2.919355E-01  1.712222E-01  1.697029E-01
  2.955263E-01  1.639022E-01  1.628608E-01
  2.991613E-01  1.564856E-01  1.558819E-01
  3.028410E-01  1.489712E-01  1.487667E-01
  3.065659E-01  1.413578E-01  1.415152E-01
  3.103367E-01  1.336438E-01  1.341281E-01
  3.141538E-01  1.258274E-01  1.266056E-01
  3.180179E-01  1.179065E-01  1.189484E-01
  3.219296E-01  1.098789E-01  1.111572E-01
  3.258893E-01  1.017425E-01  1.032325E-01
  3.298977E-01  9.349486E-02  9.517532E-02
  3.339555E-01  8.513381E-02  8.698648E-02
  3.380631E-01  7.665718E-02  7.866699E-02
  3.422213E-01  6.806302E-02  7.021794E-02
  3.464306E-01  5.934964E-02  6.164051E-02
  3.506917E-01  5.051567E-02  5.293599E-02
  3.550052E-01  4.156016E-02  4.410576E-02
  3.593718E-01  3.248264E-02  3.515129E-02
  3.637921E-01  2.328318E-02  2.607416E-02
  3.682667E-01  1.396245E-02  1.687606E-02
  3.727964E-01  4.521781E-03  7.558757E-03
  3.773818E-01 -5.036846E-03 -1.875852E-03
  3.820236E-01 -1.471073E-02 -1.142578E-02
  3.867225E-01 -2.449649E-02 -2.108892E-02
  3.914792E-01 -3.439006E-02 -3.086307E-02
  3.962943E-01 -4.438674E-02 -4.074592E-02
  4.011688E-01 -5.448126E-02 -5.073504E-02
  4.061031E-01 -6.466788E-02 -6.082789E-02
  4.110982E-01 -7.494047E-02 -7.102184E-02
  4.161547E-01 -8.529266E-02 -8.131413E-02
  4.212734E-01 -9.571797E-02 -9.170189E-02
  4.264551E-01 -1.062100E-01 -1.021821E-01
  4.317005E-01 -1.167626E-01 -1.127518E-01
  4.370104E-01 -1.273700E-01 -1.234076E-01
  4.423856E-01 -1.380270E-01 -1.341463E-01
  4.478270E-01 -1.487291E-01 -1.449644E-01
  4.533352E-01 -1.594729E-01 -1.558585E-01
  4.589113E-01 -1.702558E-01 -1.668247E-01
  4.645559E-01 -1.810763E-01 -1.778595E-01
  4.702699E-01 -1.919340E-01 -1.889588E-01
  4.760542E-01 -2.028296E-01 -2.001187E-01
  4.819097E-01 -2.137647E-01 -2.113352E-01
  4.878372E-01 -2.247417E-01 -2.226041E-01
  4.938376E-01 -2.357637E-01 -2.339210E-01
  4.999118E-01 -2.468338E-01 -2.452815E-01
  5.060607E-01 -2.579550E-01 -2.566813E-01
  5.122852E-01 -2.691301E-01 -2.681158E-01
  5.185864E-01 -2.803605E-01 -2.795803E-01
  5.249650E-01 -2.916465E-01 -2.910702E-01
  5.314220E-01 -3.029866E-01 -3.025807E-01
  5.379585E-01 -3.143771E-01 -3.141070E-01
  5.445754E-01 -3.258123E-01 -3.256443E-01
  5.512737E-01 -3.372844E-01 -3.371877E-01
  5.580544E-01 -3.487836E-01 -3.487323E-01
  5.649184E-01 -3.602991E-01 -3.602732E-01
  5.718669E-01 -3.718193E-01 -3.718056E-01
  5.789009E-01 -3.833334E-01 -3.833245E-01
  5.860214E-01 -3.948321E-01 -3.948249E-01
  5.932294E-01 -4.063079E-01 -4.063020E-01
  6.005262E-01 -4.177555E-01 -4.177507E-01
  6.079126E-01 -4.291698E-01 -4.291661E-01
  6.153900E-01 -4.405456E-01 -4.405430E-01
  6.229592E-01 -4.518779E-01 -4.518763E-01
  6.306216E-01 -4.631614E-01 -4.631606E-01
  6.383783E-01 -4.743905E-01 -4.743906E-01
  6.462303E-01 -4.855596E-01 -4.855605E-01
  6.541790E-01 -4.966630E-01 -4.966647E-01
  6.622254E-01 -5.076947E-01 -5.076972E-01
  6.703708E-01 -5.186486E-01 -5.186517E-01
  6.786163E-01 -5.295181E-01 -5.295219E-01
  6.869633E-01 -5.402968E-01 -5.403012E-01
  6.954129E-01 -5.509781E-01 -5.509830E-01
  7.039665E-01 -5.615550E-01 -5.615604E-01
  7.126253E-01 -5.720207E-01 -5.720266E-01
  7.213906E-01 -5.823682E-01 -5.823746E-01
  7.302637E-01 -5.925905E-01 -5.925973E-01
  7.392460E-01 -6.026806E-01 -6.026878E-01
  7.483387E-01 -6.126314E-01 -6.126391E-01
  7.575432E-01 -6.224361E-01 -6.224442E-01
  7.668610E-01 -6.320877E-01 -6.320961E-01
  7.762934E-01 -6.415793E-01 -6.415880E-01
  7.858418E-01 -6.509042E-01 -6.509132E-01
  7.955077E-01 -6.600556E-01 -6.600649E-01
  8.052924E-01 -6.690269E-01 -6.690365E-01
  8.151975E-01 -6.778115E-01 -6.778213E-01
  8.252244E-01 -6.864030E-01 -6.864131E-01
  8.353747E-01 -6.947950E-01 -6.948053E-01
  8.456498E-01 -7.029813E-01 -7.029917E-01
  8.560513E-01 -7.109555E-01 -7.109661E-01
  8.665807E-01 -7.187118E-01 -7.187225E-01
  8.772397E-01 -7.262441E-01 -7.262549E-01
  8.880297E-01 -7.335466E-01 -7.335575E-01
  8.989525E-01 -7.406136E-01 -7.406245E-01
  9.100096E-01 -7.474396E-01 -7.474505E-01
  9.212027E-01 -7.540190E-01 -7.540300E-01
  9.325335E-01 -7.603467E-01 -7.603577E-01
  9.440037E-01 -7.664175E-01 -7.664286E-01
  9.556149E-01 -7.722266E-01 -7.722375E-01
  9.673690E-01 -7.777690E-01 -7.777799E-01
  9.792676E-01 -7.830402E-01 -7.830511E-01
  9.913126E-01 -7.880359E-01 -7.880467E-01
  1.003506E+00 -7.927518E-01 -7.927625E-01
  1.015849E+00 -7.971840E-01 -7.971946E-01
  1.028344E+00 -8.013286E-01 -8.013391E-01
  1.040992E+00 -8.051822E-01 -8.051926E-01
  1.053797E+00 -8.087414E-01 -8.087517E-01
  1.066758E+00 -8.120033E-01 -8.120134E-01
  1.079880E+00 -8.149648E-01 -8.149748E-01
  1.093162E+00 -8.176235E-01 -8.176333E-01
  1.106608E+00 -8.199771E-01 -8.199867E-01
  1.120219E+00 -8.220235E-01 -8.220330E-01
  1.133998E+00 -8.237610E-01 -8.237702E-01
  1.147946E+00 -8.251879E-01 -8.251970E-01
  1.162066E+00 -8.263032E-01 -8.263120E-01
  1.176359E+00 -8.271057E-01 -8.271144E-01
  1.190828E+00 -8.275950E-01 -8.276034E-01
  1.205476E+00 -8.277705E-01 -8.277787E-01
  1.220303E+00 -8.276322E-01 -8.276402E-01
  1.235313E+00 -8.271802E-01 -8.271880E-01
  1.250507E+00 -8.264152E-01 -8.264227E-01
  1.265888E+00 -8.253377E-01 -8.253451E-01
  1.281459E+00 -8.239490E-01 -8.239561E-01
  1.297221E+00 -8.222504E-01 -8.222573E-01
  1.313176E+00 -8.202435E-01 -8.202501E-01
  1.329329E+00 -8.179303E-01 -8.179367E-01
  1.345679E+00 -8.153130E-01 -8.153191E-01
  1.362231E+00 -8.123941E-01 -8.124000E-01
  1.378987E+00 -8.091764E-01 -8.091822E-01
  1.395948E+00 -8.056631E-01 -8.056686E-01
  1.413118E+00 -8.018575E-01 -8.018628E-01
  1.430500E+00 -7.977632E-01 -7.977683E-01
  1.448095E+00 -7.933842E-01 -7.933891E-01
  1.465906E+00 -7.887247E-01 -7.887293E-01
  1.483937E+00 -7.837890E-01 -7.837934E-01
  1.502189E+00 -7.785819E-01 -7.785861E-01
  1.520666E+00 -7.731083E-01 -7.731123E-01
  1.539371E+00 -7.673735E-01 -7.673773E-01
  1.558305E+00 -7.613830E-01 -7.613865E-01
  1.577472E+00 -7.551422E-01 -7.551456E-01
  1.596875E+00 -7.486573E-01 -7.486605E-01
  1.616516E+00 -7.419342E-01 -7.419372E-01
  1.636400E+00 -7.349794E-01 -7.349822E-01
  1.656527E+00 -7.277993E-01 -7.278020E-01
  1.676903E+00 -7.204008E-01 -7.204032E-01
  1.697528E+00 -7.127906E-01 -7.127929E-01
  1.718408E+00 -7.049760E-01 -7.049782E-01
  1.739544E+00 -6.969642E-01 -6.969662E-01
  1.760941E+00 -6.887626E-01 -6.887645E-01
  1.782600E+00 -6.803789E-01 -6.803806E-01
  1.804526E+00 -6.718207E-01 -6.718223E-01
  1.826722E+00 -6.630959E-01 -6.630974E-01
  1.849191E+00 -6.542126E-01 -6.542139E-01
  1.871936E+00 -6.451787E-01 -6.451799E-01
  1.894961E+00 -6.360025E-01 -6.360036E-01
  1.918269E+00 -6.266923E-01 -6.266933E-01
  1.941863E+00 -6.172565E-01 -6.172574E-01
  1.965748E+00 -6.077035E-01 -6.077043E-01
  1.989927E+00 -5.980418E-01 -5.980425E-01
  2.014403E+00 -5.882799E-01 -5.882805E-01
  2.039180E+00 -5.784264E-01 -5.784270E-01
  2.064262E+00 -5.684900E-01 -5.684905E-01
  2.089653E+00 -5.584793E-01 -5.584797E-01
  2.115355E+00 -5.484028E-01 -5.484032E-01
  2.141374E+00 -5.382693E-01 -5.382696E-01
  2.167713E+00 -5.280871E-01 -5.280874E-01
  2.194376E+00 -5.178651E-01 -5.178653E-01
  2.221367E+00 -5.076115E-01 -5.076117E-01
  2.248690E+00 -4.973349E-01 -4.973350E-01
  2.276348E+00 -4.870436E-01 -4.870437E-01
  2.304348E+00 -4.767459E-01 -4.767460E-01
  2.332691E+00 -4.664501E-01 -4.664501E-01
  2.361383E+00 -4.561641E-01 -4.561641E-01
  2.390428E+00 -4.458960E-01 -4.458960E-01
  2.419830E+00 -4.356535E-01 -4.356535E-01
  2.449594E+00 -4.254444E-01 -4.254444E-01
  2.479724E+00 -4.152761E-01 -4.152761E-01
  2.510225E+00 -4.051561E-01 -4.051562E-01
  2.541101E+00 -3.950916E-01 -3.950916E-01
  2.572356E+00 -3.850895E-01 -3.850895E-01
  2.603996E+00 -3.751567E-01 -3.751567E-01
  2.636025E+00 -3.652997E-01 -3.652997E-01
  2.668448E+00 -3.555250E-01 -3.555250E-01
  2.701270E+00 -3.458388E-01 -3.458388E-01
  2.734496E+00 -3.362469E-01 -3.362470E-01
  2.768130E+00 -3.267552E-01 -3.267553E-01
  2.802178E+00 -3.173691E-01 -3.173692E-01
  2.836645E+00 -3.080938E-01 -3.080939E-01
  2.871536E+00 -2.989344E-01 -2.989345E-01
  2.906856E+00 -2.898955E-01 -2.898956E-01
  2.942610E+00 -2.809817E-01 -2.809819E-01
  2.978804E+00 -2.721972E-01 -2.721974E-01
  3.015443E+00 -2.635460E-01 -2.635462E-01
  3.052533E+00 -2.550318E-01 -2.550320E-01
  3.090080E+00 -2.466580E-01 -2.466582E-01
  3.128088E+00 -2.384279E-01 -2.384281E-01
  3.166563E+00 -2.303444E-01 -2.303447E-01
  3.205512E+00 -2.224102E-01 -2.224104E-01
  3.244940E+00 -2.146277E-01 -2.146280E-01
  3.284852E+00 -2.069991E-01 -2.069994E-01
  3.325256E+00 -1.995264E-01 -1.995268E-01
  3.366157E+00 -1.922113E-01 -1.922117E-01
  3.407560E+00 -1.850553E-01 -1.850556E-01
  3.449473E+00 -1.780595E-01 -1.780599E-01
  3.491902E+00 -1.712250E-01 -1.712254E-01
  3.534852E+00 -1.645526E-01 -1.645530E-01
  3.578331E+00 -1.580428E-01 -1.580433E-01
  3.622344E+00 -1.516961E-01 -1.516965E-01
  3.666899E+00 -1.455125E-01 -1.455129E-01
  3.712002E+00 -1.394919E-01 -1.394924E-01
  3.757660E+00 -1.336343E-01 -1.336347E-01
  3.803879E+00 -1.279390E-01 -1.279395E-01
  3.850667E+00 -1.224056E-01 -1.224061E-01
  3.898030E+00 -1.170332E-01 -1.170336E-01
  3.945976E+00 -1.118208E-01 -1.118213E-01
  3.994511E+00 -1.067673E-01 -1.067678E-01
  4.043644E+00 -1.018715E-01 -1.018720E-01
  4.093380E+00 -9.713193E-02 -9.713242E-02
  4.143729E+00 -9.254697E-02 -9.254745E-02
  4.194697E+00 -8.811493E-02 -8.811541E-02
  4.246292E+00 -8.383394E-02 -8.383442E-02
  4.298521E+00 -7.970204E-02 -7.970252E-02
  4.351393E+00 -7.571713E-02 -7.571760E-02
  4.404915E+00 -7.187698E-02 -7.187745E-02
  4.459095E+00 -6.817929E-02 -6.817976E-02
  4.513942E+00 -6.462163E-02 -6.462209E-02
  4.569464E+00 -6.120148E-02 -6.120193E-02
  4.625668E+00 -5.791623E-02 -5.791668E-02
  4.682564E+00 -5.476319E-02 -5.476363E-02
  4.740160E+00 -5.173959E-02 -5.174002E-02
  4.798463E+00 -4.884259E-02 -4.884302E-02
  4.857485E+00 -4.606929E-02 -4.606971E-02
  4.917232E+00 -4.341674E-02 -4.341714E-02
  4.977714E+00 -4.088191E-02 -4.088231E-02
  5.038939E+00 -3.846176E-02 -3.846214E-02
  5.100918E+00 -3.615318E-02 -3.615356E-02
  5.163660E+00 -3.395306E-02 -3.395343E-02
  5.227173E+00 -3.185825E-02 -3.185861E-02
  5.291467E+00 -2.986558E-02 -2.986593E-02
  5.356552E+00 -2.797186E-02 -2.797220E-02
  5.422438E+00 -2.617392E-02 -2.617424E-02
  5.489134E+00 -2.446856E-02 -2.446887E-02
  5.556650E+00 -2.285260E-02 -2.285290E-02
  5.624997E+00 -2.132288E-02 -2.132318E-02
  5.694184E+00 -1.987626E-02 -1.987654E-02
  5.764223E+00 -1.850959E-02 -1.850986E-02
  5.835123E+00 -1.721979E-02 -1.722005E-02
  5.906895E+00 -1.600380E-02 -1.600405E-02
  5.979549E+00 -1.485859E-02 -1.485883E-02
  6.053098E+00 -1.378118E-02 -1.378141E-02
  6.127551E+00 -1.276864E-02 -1.276886E-02
  6.202920E+00 -1.181810E-02 -1.181831E-02
  6.279216E+00 -1.092673E-02 -1.092693E-02
  6.356450E+00 -1.009177E-02 -1.009195E-02
  6.434634E+00 -9.310514E-03 -9.310693E-03
  6.513780E+00 -8.580340E-03 -8.580509E-03
  6.593900E+00 -7.898678E-03 -7.898839E-03
  6.675005E+00 -7.263037E-03 -7.263189E-03
  6.757107E+00 -6.670997E-03 -6.671140E-03
  6.840220E+00 -6.120212E-03 -6.120347E-03
  6.924355E+00 -5.608414E-03 -5.608541E-03
  7.009524E+00 -5.133410E-03 -5.133530E-03
  7.095741E+00 -4.693089E-03 -4.693201E-03
  7.183019E+00 -4.285414E-03 -4.285519E-03
  7.271370E+00 -3.908430E-03 -3.908528E-03
  7.360808E+00 -3.560260E-03 -3.560352E-03
  7.451346E+00 -3.239105E-03 -3.239191E-03
  7.542997E+00 -2.943246E-03 -2.943326E-03
  7.635776E+00 -2.671038E-03 -2.671113E-03
  7.729696E+00 -2.420917E-03 -2.420986E-03
  7.824772E+00 -2.191389E-03 -2.191453E-03
  7.921016E+00 -1.981039E-03 -1.981098E-03
  8.018445E+00 -1.788521E-03 -1.788576E-03
  8.117072E+00 -1.612560E-03 -1.612611E-03
  8.216912E+00 -1.451954E-03 -1.452000E-03
  8.317980E+00 -1.305562E-03 -1.305605E-03
  8.420291E+00 -1.172314E-03 -1.172354E-03
  8.523860E+00 -1.051199E-03 -1.051236E-03
  8.628704E+00 -9.412701E-04 -9.413034E-04
  8.734837E+00 -8.416362E-04 -8.416667E-04
  8.842275E+00 -7.514648E-04 -7.514926E-04
  8.951035E+00 -6.699769E-04 -6.700023E-04
  9.061133E+00 -5.964455E-04 -5.964686E-04
  9.172585E+00 -5.301932E-04 -5.302142E-04
  9.285408E+00 -4.705899E-04 -4.706089E-04
  9.399618E+00 -4.170504E-04 -4.170677E-04
  9.515234E+00 -3.690324E-04 -3.690480E-04
  9.632271E+00 -3.260338E-04 -3.260479E-04
  9.750748E+00 -2.875910E-04 -2.876037E-04
  9.870682E+00 -2.532762E-04 -2.532876E-04
  9.992092E+00 -2.226957E-04 -2.227060E-04
  1.011499E+01 -1.954878E-04 -1.954970E-04
  1.023941E+01 -1.713206E-04 -1.713288E-04
  1.036535E+01 -1.498901E-04 -1.498975E-04
  1.049285E+01 -1.309187E-04 -1.309253E-04
  1.062191E+01 -1.141529E-04 -1.141587E-04
  1.075256E+01 -9.936192E-05 -9.936709E-05
  1.088482E+01 -8.633601E-05 -8.634059E-05
  1.101870E+01 -7.488485E-05 -7.488890E-05
  1.115423E+01 -6.483609E-05 -6.483968E-05
  1.129143E+01 -5.603397E-05 -5.603713E-05
  1.143031E+01 -4.833796E-05 -4.834074E-05
  1.157090E+01 -4.162153E-05 -4.162397E-05
  1.171322E+01 -3.577100E-05 -3.577314E-05
  1.185730E+01 -3.068440E-05 -3.068627E-05
  1.200314E+01 -2.627047E-05 -2.627210E-05
  1.215078E+01 -2.244769E-05 -2.244911E-05
  1.230024E+01 -1.914340E-05 -1.914463E-05
  1.245153E+01 -1.629295E-05 -1.629402E-05
  1.260468E+01 -1.383895E-05 -1.383988E-05
  1.275972E+01 -1.173057E-05 -1.173137E-05
  1.291666E+01 -9.922851E-06 -9.923540E-06
  1.307554E+01 -8.376155E-06 -8.376747E-06
  1.323637E+01 -7.055581E-06 -7.056089E-06
  1.339918E+01 -5.930476E-06 -5.930911E-06
  1.356399E+01 -4.973977E-06 -4.974348E-06
  1.373082E+01 -4.162594E-06 -4.162910E-06
  1.389971E+01 -3.475832E-06 -3.476101E-06
  1.407068E+01 -2.895852E-06 -2.896079E-06
  1.424375E+01 -2.407159E-06 -2.407351E-06
  1.441895E+01 -1.996329E-06 -1.996491E-06
  1.459630E+01 -1.651756E-06 -1.651893E-06
  1.477583E+01 -1.363435E-06 -1.363550E-06
  1.495758E+01 -1.122754E-06 -1.122850E-06
  1.514155E+01 -9.223253E-07 -9.224059E-07
  1.532780E+01 -7.558228E-07 -7.558900E-07
  1.551633E+01 -6.178447E-07 -6.179006E-07
  1.570718E+01 -5.037893E-07 -5.038356E-07
  1.590038E+01 -4.097467E-07 -4.097851E-07
  1.609595E+01 -3.324035E-07 -3.324351E-07
  1.629393E+01 -2.689586E-07 -2.689846E-07
  1.649435E+01 -2.170507E-07 -2.170721E-07
  1.669723E+01 -1.746944E-07 -1.747119E-07
  1.690260E+01 -1.402247E-07 -1.402390E-07
  1.711050E+01 -1.122493E-07 -1.122609E-07
  1.732096E+01 -8.960693E-08 -8.961635E-08
  1.753401E+01 -7.133188E-08 -7.133950E-08
  1.774968E+01 -5.662327E-08 -5.662942E-08
  1.796800E+01 -4.481881E-08 -4.482376E-08
  1.818901E+01 -3.537240E-08 -3.537637E-08
  1.841273E+01 -2.783505E-08 -2.783823E-08
  1.863921E+01 -2.183872E-08 -2.184125E-08
  1.886847E+01 -1.708260E-08 -1.708462E-08
  1.910055E+01 -1.332161E-08 -1.332320E-08
  1.933549E+01 -1.035663E-08 -1.035789E-08
  1.957332E+01 -8.026438E-09 -8.027429E-09
  1.981407E+01 -6.200876E-09 -6.201654E-09
  2.005778E+01 -4.775206E-09 -4.775815E-09
  2.030449E+01 -3.665418E-09 -3.665892E-09
  2.055424E+01 -2.804335E-09 -2.804704E-09
  2.080705E+01 -2.138424E-09 -2.138710E-09
  2.106298E+01 -1.625165E-09 -1.625386E-09
  2.132206E+01 -1.230901E-09 -1.231070E-09
  2.158432E+01 -9.290777E-10 -9.292078E-10
  2.184980E+01 -6.988213E-10 -6.989207E-10
  2.211856E+01 -5.237773E-10 -5.238529E-10
  2.239062E+01 -3.911783E-10 -3.912357E-10
  2.266602E+01 -2.910926E-10 -2.911360E-10
  2.294481E+01 -2.158225E-10 -2.158551E-10
  2.322703E+01 -1.594232E-10 -1.594477E-10
  2.351273E+01 -1.173210E-10 -1.173393E-10
  2.380193E+01 -8.601016E-11 -8.602377E-11
  2.409470E+01 -6.281345E-11 -6.282354E-11
  2.439106E+01 -4.569451E-11 -4.570196E-11
  2.469107E+01 -3.311029E-11 -3.311577E-11
  2.499477E+01 -2.389617E-11 -2.390019E-11
  2.530221E+01 -1.717666E-11 -1.717959E-11
  2.561342E+01 -1.229625E-11 -1.229838E-11
  2.592847E+01 -8.766133E-12 -8.767673E-12
  2.624739E+01 -6.223328E-12 -6.224438E-12
  2.657023E+01 -4.399407E-12 -4.400204E-12
  2.689705E+01 -3.096704E-12 -3.097273E-12
  2.722788E+01 -2.170283E-12 -2.170687E-12
  2.756278E+01 -1.514331E-12 -1.514617E-12
  2.790180E+01 -1.051936E-12 -1.052138E-12
  2.824500E+01 -7.274431E-13 -7.275843E-13
  2.859241E+01 -5.007554E-13 -5.008536E-13
  2.894410E+01 -3.431223E-13 -3.431898E-13
  2.930011E+01  0.000000E+00 -7.366678E-09
  2.966050E+01  0.000000E+00 -5.616175E-09
  3.002533E+01  0.000000E+00 -4.266550E-09
  3.039464E+01  0.000000E+00 -3.229694E-09
  3.076849E+01  0.000000E+00 -2.435988E-09
  3.114694E+01  0.000000E+00 -1.830623E-09
  3.153005E+01  0.000000E+00 -1.370607E-09
  3.191787E+01  0.000000E+00 -1.022346E-09
  3.231046E+01  0.000000E+00 -7.596836E-10
  3.270788E+01  0.000000E+00 -5.623386E-10
  3.311019E+01  0.000000E+00 -4.146414E-10
  3.351744E+01  0.000000E+00 -3.045342E-10
  3.392971E+01  0.000000E+00 -2.227753E-10
  3.434704E+01  0.000000E+00 -1.623097E-10
  3.476951E+01  0.000000E+00 -1.177732E-10
  3.519717E+01  0.000000E+00 -8.510420E-11
  3.563010E+01  0.000000E+00 -6.124015E-11
  3.606835E+01  0.000000E+00 -4.388131E-11
  3.651199E+01  0.000000E+00 -3.130822E-11
  3.696109E+01  0.000000E+00 -2.224076E-11
  3.741571E+01  0.000000E+00 -1.573004E-11
  3.787592E+01  0.000000E+00 -1.107581E-11
  3.834180E+01  0.000000E+00 -7.763599E-12
  3.881340E+01  0.000000E+00 -5.417114E-12
  3.929081E+01  0.000000E+00 -3.762407E-12
  3.977408E+01  0.000000E+00 -2.600949E-12
  4.026330E+01  0.000000E+00 -1.789538E-12
  4.075854E+01  0.000000E+00 -1.225371E-12
  4.125987E+01  0.000000E+00 -8.349995E-13
  4.176737E+01  0.000000E+00 -5.662010E-13
  4.228111E+01  0.000000E+00 -3.820274E-13
  4.280116E+01  0.000000E+00 -2.564668E-13
  4.332762E+01  0.000000E+00 -1.712985E-13
  4.386055E+01  0.000000E+00 -1.138242E-13
  4.440003E+01  0.000000E+00 -7.523969E-14
  4.494615E+01  0.000000E+00 -4.947250E-14
  4.549899E+01  0.000000E+00 -3.235638E-14
  4.605863E+01  0.000000E+00 -2.104806E-14
  4.662515E+01  0.000000E+00 -1.361811E-14
  4.719864E+01  0.000000E+00  0.000000E+00
  4.777918E+01  0.000000E+00  0.000000E+00
  4.836687E+01  0.000000E+00  0.000000E+00
  4.896178E+01  0.000000E+00  0.000000E+00
  4.956401E+01  0.000000E+00  0.000000E+00
  5.017365E+01  0.000000E+00  0.000000E+00
  5.079078E+01  0.000000E+00  0.000000E+00
  5.141551E+01  0.000000E+00  0.000000E+00
  5.204792E+01  0.000000E+00  0.000000E+00
  5.268811E+01  0.000000E+00  0.000000E+00
  5.333617E+01  0.000000E+00  0.000000E+00
  5.399221E+01  0.000000E+00  0.000000E+00
  5.465631E+01  0.000000E+00  0.000000E+00
  5.532858E+01  0.000000E+00  0.000000E+00
  5.600913E+01  0.000000E+00  0.000000E+00
  5.669804E+01  0.000000E+00  0.000000E+00
  5.739542E+01  0.000000E+00  0.000000E+00
  5.810139E+01  0.000000E+00  0.000000E+00
  5.881604E+01  0.000000E+00  0.000000E+00
  5.953947E+01  0.000000E+00  0.000000E+00
  6.027181E+01  0.000000E+00  0.000000E+00
  6.101315E+01  0.000000E+00  0.000000E+00
  6.176361E+01  0.000000E+00  0.000000E+00
  6.252331E+01  0.000000E+00  0.000000E+00
  6.329234E+01  0.000000E+00  0.000000E+00
  6.407084E+01  0.000000E+00  0.000000E+00
  6.485891E+01  0.000000E+00  0.000000E+00
  6.565667E+01  0.000000E+00  0.000000E+00
  6.646425E+01  0.000000E+00  0.000000E+00
  6.728176E+01  0.000000E+00  0.000000E+00
  6.810933E+01  0.000000E+00  0.000000E+00
  6.894707E+01  0.000000E+00  0.000000E+00
  6.979512E+01  0.000000E+00  0.000000E+00
  7.065360E+01  0.000000E+00  0.000000E+00
  7.152264E+01  0.000000E+00  0.000000E+00
  7.240237E+01  0.000000E+00  0.000000E+00
  7.329292E+01  0.000000E+00  0.000000E+00
  7.419442E+01  0.000000E+00  0.000000E+00
  7.510701E+01  0.000000E+00  0.000000E+00
  7.603083E+01  0.000000E+00  0.000000E+00
  7.696601E+01  0.000000E+00  0.000000E+00
  7.791269E+01  0.000000E+00  0.000000E+00
  7.887102E+01  0.000000E+00  0.000000E+00
  7.984113E+01  0.000000E+00  0.000000E+00
