  2.232143E-04  2.346783E-04  8.569866E-03
  2.259598E-04  2.375648E-04  8.672372E-03
  2.287391E-04  2.404868E-04  8.776095E-03
  2.315526E-04  2.434448E-04  8.881050E-03
  2.344007E-04  2.464392E-04  8.987252E-03
  2.372838E-04  2.494704E-04  9.094714E-03
  2.402024E-04  2.525389E-04  9.203451E-03
  2.431569E-04  2.556451E-04  9.313478E-03
  2.461478E-04  2.587896E-04  9.424810E-03
  2.491754E-04  2.619727E-04  9.537462E-03
  2.522402E-04  2.651949E-04  9.651451E-03
  2.553428E-04  2.684568E-04  9.766791E-03
  2.584835E-04  2.717589E-04  9.883498E-03
  2.616628E-04  2.751015E-04  1.000159E-02
  2.648813E-04  2.784852E-04  1.012108E-02
  2.681393E-04  2.819106E-04  1.024198E-02
  2.714375E-04  2.853781E-04  1.036432E-02
  2.747761E-04  2.888883E-04  1.048810E-02
  2.781559E-04  2.924416E-04  1.061336E-02
  2.815772E-04  2.960386E-04  1.074009E-02
  2.850406E-04  2.996799E-04  1.086832E-02
  2.885466E-04  3.033660E-04  1.099807E-02
  2.920957E-04  3.070974E-04  1.112936E-02
  2.956885E-04  3.108747E-04  1.126220E-02
  2.993255E-04  3.146984E-04  1.139661E-02
  3.030072E-04  3.185692E-04  1.153261E-02
  3.067342E-04  3.224876E-04  1.167021E-02
  3.105070E-04  3.264542E-04  1.180944E-02
  3.143262E-04  3.304696E-04  1.195032E-02
  3.181924E-04  3.345344E-04  1.209286E-02
  3.221062E-04  3.386492E-04  1.223709E-02
  3.260681E-04  3.428146E-04  1.238301E-02
  3.300787E-04  3.470312E-04  1.253066E-02
  3.341387E-04  3.512997E-04  1.268005E-02
  3.382486E-04  3.556207E-04  1.283121E-02
  3.424091E-04  3.599948E-04  1.298414E-02
  3.466207E-04  3.644227E-04  1.313888E-02
  3.508841E-04  3.689051E-04  1.329545E-02
  3.552000E-04  3.734427E-04  1.345386E-02
  3.595690E-04  3.780360E-04  1.361413E-02
  3.639917E-04  3.826859E-04  1.377630E-02
  3.684688E-04  3.873929E-04  1.394037E-02
  3.730009E-04  3.921579E-04  1.410638E-02
  3.775889E-04  3.969814E-04  1.427433E-02
  3.822332E-04  4.018643E-04  1.444427E-02
  3.869347E-04  4.068072E-04  1.461620E-02
  3.916940E-04  4.118110E-04  1.479016E-02
  3.965118E-04  4.168762E-04  1.496616E-02
  4.013889E-04  4.220038E-04  1.514423E-02
  4.063260E-04  4.271945E-04  1.532439E-02
  4.113238E-04  4.324490E-04  1.550667E-02
  4.163831E-04  4.377681E-04  1.569109E-02
  4.215046E-04  4.431527E-04  1.587767E-02
  4.266891E-04  4.486035E-04  1.606644E-02
  4.319374E-04  4.541213E-04  1.625743E-02
  4.372502E-04  4.597070E-04  1.645065E-02
  4.426284E-04  4.653614E-04  1.664615E-02
  4.480727E-04  4.710854E-04  1.684393E-02
  4.535840E-04  4.768797E-04  1.704403E-02
  4.591631E-04  4.827454E-04  1.724647E-02
  4.648108E-04  4.886831E-04  1.745128E-02
  4.705280E-04  4.946940E-04  1.765849E-02
  4.763155E-04  5.007787E-04  1.786813E-02
  4.821741E-04  5.069383E-04  1.808022E-02
  4.881049E-04  5.131737E-04  1.829478E-02
  4.941086E-04  5.194857E-04  1.851185E-02
  5.001861E-04  5.258754E-04  1.873146E-02
  5.063384E-04  5.323437E-04  1.895364E-02
  5.125664E-04  5.388915E-04  1.917840E-02
  5.188709E-04  5.455199E-04  1.940579E-02
  5.252530E-04  5.522298E-04  1.963584E-02
  5.317136E-04  5.590223E-04  1.986856E-02
  5.382537E-04  5.658983E-04  2.010400E-02
  5.448742E-04  5.728589E-04  2.034218E-02
  5.515762E-04  5.799050E-04  2.058313E-02
  5.583606E-04  5.870379E-04  2.082689E-02
  5.652284E-04  5.942585E-04  2.107348E-02
  5.721807E-04  6.015679E-04  2.132294E-02
  5.792185E-04  6.089672E-04  2.157530E-02
  5.863429E-04  6.164575E-04  2.183060E-02
  5.935550E-04  6.240400E-04  2.208886E-02
  6.008557E-04  6.317157E-04  2.235012E-02
  6.082462E-04  6.394859E-04  2.261441E-02
  6.157276E-04  6.473516E-04  2.288176E-02
  6.233011E-04  6.553140E-04  2.315222E-02
  6.309677E-04  6.633744E-04  2.342580E-02
  6.387286E-04  6.715340E-04  2.370256E-02
  6.465850E-04  6.797939E-04  2.398252E-02
  6.545379E-04  6.881554E-04  2.426573E-02
  6.625888E-04  6.966198E-04  2.455220E-02
  6.707386E-04  7.051882E-04  2.484199E-02
  6.789887E-04  7.138621E-04  2.513512E-02
  6.873402E-04  7.226426E-04  2.543164E-02
  6.957945E-04  7.315312E-04  2.573159E-02
  7.043528E-04  7.405291E-04  2.603499E-02
  7.130163E-04  7.496376E-04  2.634189E-02
  7.217864E-04  7.588582E-04  2.665233E-02
  7.306644E-04  7.681923E-04  2.696634E-02
  7.396516E-04  7.776411E-04  2.728396E-02
  7.487493E-04  7.872061E-04  2.760524E-02
  7.579589E-04  7.968888E-04  2.793021E-02
  7.672818E-04  8.066906E-04  2.825892E-02
  7.767194E-04  8.166130E-04  2.859140E-02
  7.862730E-04  8.266574E-04  2.892769E-02
  7.959442E-04  8.368254E-04  2.926784E-02
  8.057343E-04  8.471184E-04  2.961189E-02
  8.156448E-04  8.575381E-04  2.995989E-02
  8.256773E-04  8.680859E-04  3.031186E-02
  8.358331E-04  8.787634E-04  3.066786E-02
  8.461138E-04  8.895723E-04  3.102793E-02
  8.565210E-04  9.005141E-04  3.139211E-02
  8.670563E-04  9.115906E-04  3.176045E-02
  8.777210E-04  9.228032E-04  3.213300E-02
  8.885170E-04  9.341538E-04  3.250979E-02
  8.994458E-04  9.456440E-04  3.289087E-02
  9.105090E-04  9.572756E-04  3.327629E-02
  9.217082E-04  9.690502E-04  3.366610E-02
  9.330452E-04  9.809696E-04  3.406033E-02
  9.445217E-04  9.930357E-04  3.445905E-02
  9.561393E-04  1.005250E-03  3.486229E-02
  9.678998E-04  1.017615E-03  3.527010E-02
  9.798050E-04  1.030132E-03  3.568254E-02
  9.918566E-04  1.042802E-03  3.609965E-02
  1.004056E-03  1.055629E-03  3.652147E-02
  1.016406E-03  1.068613E-03  3.694807E-02
  1.028908E-03  1.081758E-03  3.737948E-02
  1.041564E-03  1.095063E-03  3.781577E-02
  1.054375E-03  1.108533E-03  3.825697E-02
  1.067344E-03  1.122168E-03  3.870315E-02
  1.080472E-03  1.135971E-03  3.915435E-02
  1.093762E-03  1.149944E-03  3.961062E-02
  1.107215E-03  1.164088E-03  4.007203E-02
  1.120834E-03  1.178407E-03  4.053861E-02
  1.134620E-03  1.192901E-03  4.101043E-02
  1.148576E-03  1.207574E-03  4.148754E-02
  1.162703E-03  1.222428E-03  4.196999E-02
  1.177005E-03  1.237464E-03  4.245784E-02
  1.191482E-03  1.252685E-03  4.295114E-02
  1.206137E-03  1.268093E-03  4.344995E-02
  1.220973E-03  1.283691E-03  4.395432E-02
  1.235991E-03  1.299481E-03  4.446431E-02
  1.251193E-03  1.315464E-03  4.497998E-02
  1.266583E-03  1.331645E-03  4.550139E-02
  1.282162E-03  1.348025E-03  4.602858E-02
  1.297932E-03  1.364606E-03  4.656163E-02
  1.313897E-03  1.381391E-03  4.710058E-02
  1.330058E-03  1.398382E-03  4.764551E-02
  1.346418E-03  1.415583E-03  4.819646E-02
  1.362979E-03  1.432995E-03  4.875349E-02
  1.379743E-03  1.450621E-03  4.931668E-02
  1.396714E-03  1.468464E-03  4.988607E-02
  1.413894E-03  1.486526E-03  5.046173E-02
  1.431285E-03  1.504811E-03  5.104372E-02
  1.448889E-03  1.523321E-03  5.163210E-02
  1.466711E-03  1.542058E-03  5.222694E-02
  1.484751E-03  1.561026E-03  5.282829E-02
  1.503014E-03  1.580227E-03  5.343623E-02
  1.521501E-03  1.599665E-03  5.405081E-02
  1.540215E-03  1.619341E-03  5.467209E-02
  1.559160E-03  1.639259E-03  5.530015E-02
  1.578338E-03  1.659423E-03  5.593504E-02
  1.597751E-03  1.679835E-03  5.657684E-02
  1.617403E-03  1.700497E-03  5.722560E-02
  1.637297E-03  1.721414E-03  5.788140E-02
  1.657436E-03  1.742588E-03  5.854429E-02
  1.677823E-03  1.764023E-03  5.921435E-02
  1.698460E-03  1.785721E-03  5.989164E-02
  1.719351E-03  1.807686E-03  6.057623E-02
  1.740499E-03  1.829921E-03  6.126819E-02
  1.761907E-03  1.852430E-03  6.196758E-02
  1.783579E-03  1.875216E-03  6.267448E-02
  1.805517E-03  1.898282E-03  6.338895E-02
  1.827724E-03  1.921632E-03  6.411105E-02
  1.850205E-03  1.945269E-03  6.484087E-02
  1.872963E-03  1.969197E-03  6.557847E-02
  1.896000E-03  1.993419E-03  6.632392E-02
  1.919321E-03  2.017939E-03  6.707728E-02
  1.942929E-03  2.042761E-03  6.783864E-02
  1.966827E-03  2.067888E-03  6.860805E-02
  1.991019E-03  2.093325E-03  6.938560E-02
  2.015508E-03  2.119074E-03  7.017134E-02
  2.040299E-03  2.145140E-03  7.096536E-02
  2.065395E-03  2.171526E-03  7.176773E-02
  2.090799E-03  2.198238E-03  7.257851E-02
  2.116516E-03  2.225277E-03  7.339778E-02
  2.142549E-03  2.252650E-03  7.422561E-02
  2.168903E-03  2.280359E-03  7.506208E-02
  2.195580E-03  2.308409E-03  7.590725E-02
  2.222586E-03  2.336804E-03  7.676119E-02
  2.249923E-03  2.365549E-03  7.762399E-02
  2.277598E-03  2.394647E-03  7.849571E-02
  2.305612E-03  2.424103E-03  7.937643E-02
  2.333971E-03  2.453922E-03  8.026622E-02
  2.362679E-03  2.484107E-03  8.116515E-02
  2.391740E-03  2.514664E-03  8.207330E-02
  2.421158E-03  2.545596E-03  8.299074E-02
  2.450938E-03  2.576909E-03  8.391753E-02
  2.481085E-03  2.608608E-03  8.485377E-02
  2.511602E-03  2.640696E-03  8.579951E-02
  2.542495E-03  2.673179E-03  8.675484E-02
  2.573768E-03  2.706062E-03  8.771982E-02
  2.605425E-03  2.739350E-03  8.869453E-02
  2.637472E-03  2.773046E-03  8.967904E-02
  2.669913E-03  2.807158E-03  9.067342E-02
  2.702753E-03  2.841689E-03  9.167775E-02
  2.735997E-03  2.876645E-03  9.269210E-02
  2.769649E-03  2.912031E-03  9.371653E-02
  2.803716E-03  2.947853E-03  9.475114E-02
  2.838202E-03  2.984115E-03  9.579597E-02
  2.873112E-03  3.020823E-03  9.685111E-02
  2.908451E-03  3.057983E-03  9.791663E-02
  2.944225E-03  3.095601E-03  9.899260E-02
  2.980439E-03  3.133681E-03  1.000791E-01
  3.017098E-03  3.172229E-03  1.011762E-01
  3.054208E-03  3.211252E-03  1.022839E-01
  3.091775E-03  3.250755E-03  1.034023E-01
  3.129804E-03  3.290744E-03  1.045316E-01
  3.168301E-03  3.331226E-03  1.056717E-01
  3.207271E-03  3.372205E-03  1.068228E-01
  3.246720E-03  3.413688E-03  1.079848E-01
  3.286655E-03  3.455682E-03  1.091579E-01
  3.327081E-03  3.498193E-03  1.103422E-01
  3.368004E-03  3.541227E-03  1.115376E-01
  3.409430E-03  3.584790E-03  1.127443E-01
  3.451366E-03  3.628890E-03  1.139623E-01
  3.493818E-03  3.673532E-03  1.151917E-01
  3.536792E-03  3.718723E-03  1.164325E-01
  3.580294E-03  3.764471E-03  1.176849E-01
  3.624332E-03  3.810782E-03  1.189488E-01
  3.668911E-03  3.857662E-03  1.202243E-01
  3.714039E-03  3.905119E-03  1.215116E-01
  3.759722E-03  3.953161E-03  1.228105E-01
  3.805966E-03  4.001793E-03  1.241213E-01
  3.852780E-03  4.051025E-03  1.254439E-01
  3.900169E-03  4.100862E-03  1.267784E-01
  3.948141E-03  4.151312E-03  1.281248E-01
  3.996703E-03  4.202383E-03  1.294833E-01
  4.045863E-03  4.254083E-03  1.308538E-01
  4.095627E-03  4.306419E-03  1.322363E-01
  4.146003E-03  4.359399E-03  1.336311E-01
  4.196999E-03  4.413032E-03  1.350380E-01
  4.248622E-03  4.467324E-03  1.364571E-01
  4.300880E-03  4.522285E-03  1.378886E-01
  4.353781E-03  4.577922E-03  1.393323E-01
  4.407332E-03  4.634244E-03  1.407883E-01
  4.461542E-03  4.691259E-03  1.422568E-01
  4.516419E-03  4.748977E-03  1.437376E-01
  4.571971E-03  4.807404E-03  1.452309E-01
  4.628206E-03  4.866551E-03  1.467366E-01
  4.685133E-03  4.926426E-03  1.482549E-01
  4.742761E-03  4.987038E-03  1.497856E-01
  4.801096E-03  5.048396E-03  1.513289E-01
  4.860150E-03  5.110510E-03  1.528847E-01
  4.919930E-03  5.173388E-03  1.544532E-01
  4.980445E-03  5.237040E-03  1.560341E-01
  5.041704E-03  5.301476E-03  1.576277E-01
  5.103717E-03  5.366705E-03  1.592339E-01
  5.166493E-03  5.432738E-03  1.608527E-01
  5.230041E-03  5.499583E-03  1.624841E-01
  5.294370E-03  5.567252E-03  1.641281E-01
  5.359491E-03  5.635753E-03  1.657848E-01
  5.425413E-03  5.705098E-03  1.674540E-01
  5.492146E-03  5.775297E-03  1.691357E-01
  5.559699E-03  5.846361E-03  1.708301E-01
  5.628083E-03  5.918299E-03  1.725370E-01
  5.697309E-03  5.991124E-03  1.742564E-01
  5.767386E-03  6.064845E-03  1.759883E-01
  5.838324E-03  6.139475E-03  1.777327E-01
  5.910136E-03  6.215023E-03  1.794895E-01
  5.982830E-03  6.291502E-03  1.812587E-01
  6.056419E-03  6.368923E-03  1.830403E-01
  6.130913E-03  6.447297E-03  1.848342E-01
  6.206323E-03  6.526637E-03  1.866403E-01
  6.282661E-03  6.606954E-03  1.884586E-01
  6.359938E-03  6.688260E-03  1.902890E-01
  6.438165E-03  6.770568E-03  1.921315E-01
  6.517355E-03  6.853891E-03  1.939860E-01
  6.597518E-03  6.938239E-03  1.958524E-01
  6.678668E-03  7.023627E-03  1.977306E-01
  6.760815E-03  7.110067E-03  1.996206E-01
  6.843973E-03  7.197572E-03  2.015222E-01
  6.928154E-03  7.286155E-03  2.034354E-01
  7.013370E-03  7.375829E-03  2.053600E-01
  7.099635E-03  7.466609E-03  2.072960E-01
  7.186960E-03  7.558508E-03  2.092432E-01
  7.275360E-03  7.651539E-03  2.112014E-01
  7.364847E-03  7.745716E-03  2.131707E-01
  7.455435E-03  7.841055E-03  2.151507E-01
  7.547136E-03  7.937568E-03  2.171414E-01
  7.639966E-03  8.035271E-03  2.191427E-01
  7.733938E-03  8.134179E-03  2.211543E-01
  7.829065E-03  8.234306E-03  2.231761E-01
  7.925363E-03  8.335667E-03  2.252080E-01
  8.022845E-03  8.438278E-03  2.272497E-01
  8.121526E-03  8.542155E-03  2.293010E-01
  8.221420E-03  8.647312E-03  2.313619E-01
  8.322544E-03  8.753766E-03  2.334319E-01
  8.424911E-03  8.861533E-03  2.355110E-01
  8.528538E-03  8.970629E-03  2.375989E-01
  8.633439E-03  9.081070E-03  2.396955E-01
  8.739630E-03  9.192874E-03  2.418003E-01
  8.847127E-03  9.306057E-03  2.439133E-01
  8.955947E-03  9.420637E-03  2.460340E-01
  9.066105E-03  9.536630E-03  2.481624E-01
  9.177618E-03  9.654054E-03  2.502980E-01
  9.290503E-03  9.772927E-03  2.524406E-01
  9.404776E-03  9.893267E-03  2.545899E-01
  9.520455E-03  1.001509E-02  2.567457E-01
  9.637556E-03  1.013842E-02  2.589074E-01
  9.756098E-03  1.026327E-02  2.610749E-01
  9.876098E-03  1.038966E-02  2.632478E-01
  9.997574E-03  1.051762E-02  2.654258E-01
  1.012054E-02  1.064715E-02  2.676084E-01
  1.024503E-02  1.077828E-02  2.697953E-01
  1.037104E-02  1.091103E-02  2.719861E-01
  1.049860E-02  1.104543E-02  2.741804E-01
  1.062774E-02  1.118148E-02  2.763778E-01
  1.075846E-02  1.131921E-02  2.785779E-01
  1.089079E-02  1.145864E-02  2.807802E-01
  1.102474E-02  1.159980E-02  2.829843E-01
  1.116035E-02  1.174270E-02  2.851896E-01
  1.129762E-02  1.188737E-02  2.873959E-01
  1.143658E-02  1.203382E-02  2.896024E-01
  1.157725E-02  1.218209E-02  2.918088E-01
  1.171965E-02  1.233219E-02  2.940144E-01
  1.186380E-02  1.248414E-02  2.962189E-01
  1.200973E-02  1.263797E-02  2.984215E-01
  1.215745E-02  1.279371E-02  3.006218E-01
  1.230699E-02  1.295137E-02  3.028192E-01
  1.245836E-02  1.311099E-02  3.050130E-01
  1.261160E-02  1.327257E-02  3.072028E-01
  1.276672E-02  1.343616E-02  3.093877E-01
  1.292375E-02  1.360177E-02  3.115672E-01
  1.308271E-02  1.376944E-02  3.137407E-01
  1.324363E-02  1.393918E-02  3.159074E-01
  1.340653E-02  1.411102E-02  3.180666E-01
  1.357143E-02  1.428499E-02  3.202177E-01
  1.373836E-02  1.446111E-02  3.223600E-01
  1.390734E-02  1.463942E-02  3.244925E-01
  1.407840E-02  1.481993E-02  3.266147E-01
  1.425156E-02  1.500269E-02  3.287257E-01
  1.442686E-02  1.518771E-02  3.308247E-01
  1.460431E-02  1.537502E-02  3.329109E-01
  1.478394E-02  1.556465E-02  3.349835E-01
  1.496578E-02  1.575664E-02  3.370416E-01
  1.514986E-02  1.595101E-02  3.390843E-01
  1.533621E-02  1.614779E-02  3.411108E-01
  1.552484E-02  1.634702E-02  3.431200E-01
  1.571580E-02  1.654872E-02  3.451112E-01
  1.590910E-02  1.675292E-02  3.470833E-01
  1.610478E-02  1.695966E-02  3.490353E-01
  1.630287E-02  1.716897E-02  3.509663E-01
  1.650340E-02  1.738088E-02  3.528752E-01
  1.670639E-02  1.759542E-02  3.547611E-01
  1.691188E-02  1.781263E-02  3.566228E-01
  1.711989E-02  1.803254E-02  3.584593E-01
  1.733047E-02  1.825519E-02  3.602694E-01
  1.754363E-02  1.848061E-02  3.620522E-01
  1.775942E-02  1.870884E-02  3.638063E-01
  1.797786E-02  1.893990E-02  3.655307E-01
  1.819899E-02  1.917385E-02  3.672242E-01
  1.842284E-02  1.941071E-02  3.688856E-01
  1.864944E-02  1.965052E-02  3.705136E-01
  1.887883E-02  1.989332E-02  3.721070E-01
  1.911103E-02  2.013915E-02  3.736645E-01
  1.934610E-02  2.038805E-02  3.751849E-01
  1.958406E-02  2.064005E-02  3.766667E-01
  1.982494E-02  2.089520E-02  3.781088E-01
  2.006879E-02  2.115354E-02  3.795097E-01
  2.031563E-02  2.141510E-02  3.808681E-01
  2.056552E-02  2.167994E-02  3.821825E-01
  2.081847E-02  2.194808E-02  3.834515E-01
  2.107454E-02  2.221958E-02  3.846738E-01
  2.133376E-02  2.249448E-02  3.858477E-01
  2.159616E-02  2.277282E-02  3.869719E-01
  2.186179E-02  2.305464E-02  3.880448E-01
  2.213069E-02  2.334000E-02  3.890650E-01
  2.240290E-02  2.362894E-02  3.900307E-01
  2.267846E-02  2.392150E-02  3.909406E-01
  2.295740E-02  2.421773E-02  3.917930E-01
  2.323978E-02  2.451768E-02  3.925862E-01
  2.352563E-02  2.482140E-02  3.933187E-01
  2.381499E-02  2.512894E-02  3.939888E-01
  2.410792E-02  2.544034E-02  3.945948E-01
  2.440445E-02  2.575567E-02  3.951350E-01
  2.470462E-02  2.607496E-02  3.956078E-01
  2.500849E-02  2.639827E-02  3.960114E-01
  2.531609E-02  2.672566E-02  3.963441E-01
  2.562748E-02  2.705718E-02  3.966040E-01
  2.594270E-02  2.739289E-02  3.967895E-01
  2.626179E-02  2.773283E-02  3.968988E-01
  2.658481E-02  2.807707E-02  3.969299E-01
  2.691181E-02  2.842566E-02  3.968811E-01
  2.724282E-02  2.877866E-02  3.967506E-01
  2.757791E-02  2.913614E-02  3.965366E-01
  2.791712E-02  2.949814E-02  3.962370E-01
  2.826050E-02  2.986473E-02  3.958501E-01
  2.860810E-02  3.023598E-02  3.953740E-01
  2.895998E-02  3.061193E-02  3.948068E-01
  2.931619E-02  3.099267E-02  3.941465E-01
  2.967678E-02  3.137825E-02  3.933913E-01
  3.004180E-02  3.176874E-02  3.925392E-01
  3.041131E-02  3.216421E-02  3.915882E-01
  3.078537E-02  3.256472E-02  3.905366E-01
  3.116403E-02  3.297033E-02  3.893822E-01
  3.154735E-02  3.338114E-02  3.881231E-01
  3.193538E-02  3.379719E-02  3.867575E-01
  3.232819E-02  3.421857E-02  3.852833E-01
  3.272583E-02  3.464534E-02  3.836987E-01
  3.312835E-02  3.507759E-02  3.820016E-01
  3.353583E-02  3.551539E-02  3.801900E-01
  3.394832E-02  3.595881E-02  3.782622E-01
  3.436589E-02  3.640794E-02  3.762161E-01
  3.478859E-02  3.686285E-02  3.740498E-01
  3.521649E-02  3.732362E-02  3.717613E-01
  3.564965E-02  3.779034E-02  3.693488E-01
  3.608814E-02  3.826309E-02  3.668105E-01
  3.653203E-02  3.874196E-02  3.641443E-01
  3.698137E-02  3.922702E-02  3.613484E-01
  3.743624E-02  3.971838E-02  3.584210E-01
  3.789671E-02  4.021611E-02  3.553603E-01
  3.836284E-02  4.072032E-02  3.521645E-01
  3.883470E-02  4.123108E-02  3.488317E-01
  3.931237E-02  4.174851E-02  3.453602E-01
  3.979591E-02  4.227268E-02  3.417483E-01
  4.028540E-02  4.280371E-02  3.379944E-01
  4.078091E-02  4.334168E-02  3.340967E-01
  4.128251E-02  4.388671E-02  3.300536E-01
  4.179029E-02  4.443889E-02  3.258635E-01
  4.230431E-02  4.499832E-02  3.215249E-01
  4.282465E-02  4.556513E-02  3.170363E-01
  4.335139E-02  4.613940E-02  3.123962E-01
  4.388462E-02  4.672126E-02  3.076033E-01
  4.442440E-02  4.731082E-02  3.026561E-01
  4.497082E-02  4.790819E-02  2.975534E-01
  4.552396E-02  4.851348E-02  2.922940E-01
  4.608390E-02  4.912683E-02  2.868765E-01
  4.665073E-02  4.974834E-02  2.813000E-01
  4.722454E-02  5.037815E-02  2.755634E-01
  4.780540E-02  5.101637E-02  2.696657E-01
  4.839341E-02  5.166315E-02  2.636059E-01
  4.898865E-02  5.231860E-02  2.573833E-01
  4.959121E-02  5.298286E-02  2.509970E-01
  5.020118E-02  5.365607E-02  2.444465E-01
  5.081865E-02  5.433837E-02  2.377312E-01
  5.144372E-02  5.502990E-02  2.308504E-01
  5.207648E-02  5.573080E-02  2.238039E-01
  5.271702E-02  5.644122E-02  2.165914E-01
  5.336544E-02  5.716131E-02  2.092125E-01
  5.402183E-02  5.789123E-02  2.016673E-01
  5.468630E-02  5.863113E-02  1.939557E-01
  5.535894E-02  5.938117E-02  1.860779E-01
  5.603986E-02  6.014151E-02  1.780341E-01
  5.672915E-02  6.091233E-02  1.698246E-01
  5.742692E-02  6.169378E-02  1.614499E-01
  5.813327E-02  6.248605E-02  1.529106E-01
  5.884831E-02  6.328932E-02  1.442075E-01
  5.957214E-02  6.410376E-02  1.353414E-01
  6.030488E-02  6.492955E-02  1.263133E-01
  6.104663E-02  6.576690E-02  1.171244E-01
  6.179750E-02  6.661598E-02  1.077759E-01
  6.255761E-02  6.747701E-02  9.826936E-02
  6.332707E-02  6.835017E-02  8.860631E-02
  6.410600E-02  6.923569E-02  7.878851E-02
  6.489450E-02  7.013376E-02  6.881788E-02
  6.569270E-02  7.104461E-02  5.869649E-02
  6.650072E-02  7.196846E-02  4.842659E-02
  6.731868E-02  7.290552E-02  3.801061E-02
  6.814670E-02  7.385604E-02  2.745113E-02
  6.898490E-02  7.482025E-02  1.675093E-02
  6.983342E-02  7.579840E-02  5.912962E-03
  7.069237E-02  7.679072E-02 -5.059623E-03
  7.156189E-02  7.779747E-02 -1.616350E-02
  7.244210E-02  7.881892E-02 -2.739513E-02
  7.333314E-02  7.985533E-02 -3.875081E-02
  7.423513E-02  8.090697E-02 -5.022662E-02
  7.514822E-02  8.197412E-02 -6.181843E-02
  7.607255E-02  8.305707E-02 -7.352191E-02
  7.700824E-02  8.415611E-02 -8.533254E-02
  7.795544E-02  8.527153E-02 -9.724557E-02
  7.891429E-02  8.640366E-02 -1.092560E-01
  7.988494E-02  8.755279E-02 -1.213588E-01
  8.086752E-02  8.871926E-02 -1.335484E-01
  8.186219E-02  8.990340E-02 -1.458193E-01
  8.286910E-02  9.110555E-02 -1.581657E-01
  8.388839E-02  9.232605E-02 -1.705815E-01
  8.492022E-02  9.356526E-02 -1.830604E-01
  8.596474E-02  9.482355E-02 -1.955960E-01
  8.702210E-02  9.610130E-02 -2.081815E-01
  8.809247E-02  9.739890E-02 -2.208099E-01
  8.917601E-02  9.871673E-02 -2.334741E-01
  9.027288E-02  1.000552E-01 -2.461667E-01
  9.138323E-02  1.014147E-01 -2.588800E-01
  9.250725E-02  1.027958E-01 -2.716062E-01
  9.364509E-02  1.041988E-01 -2.843371E-01
  9.479692E-02  1.056241E-01 -2.970645E-01
  9.596292E-02  1.070723E-01 -3.097799E-01
  9.714327E-02  1.085438E-01 -3.224743E-01
  9.833813E-02  1.100392E-01 -3.351389E-01
  9.954769E-02  1.115589E-01 -3.477644E-01
  1.007721E-01  1.131034E-01 -3.603413E-01
  1.020116E-01  1.146733E-01 -3.728601E-01
  1.032664E-01  1.162691E-01 -3.853108E-01
  1.045365E-01  1.178914E-01 -3.976834E-01
  1.058223E-01  1.195408E-01 -4.099675E-01
  1.071240E-01  1.212178E-01 -4.221527E-01
  1.084416E-01  1.229231E-01 -4.342283E-01
  1.097754E-01  1.246573E-01 -4.461834E-01
  1.111256E-01  1.264210E-01 -4.580070E-01
  1.124925E-01  1.282150E-01 -4.696878E-01
  1.138762E-01  1.300399E-01 -4.812144E-01
  1.152768E-01  1.318963E-01 -4.925751E-01
  1.166947E-01  1.337851E-01 -5.037584E-01
  1.181301E-01  1.357070E-01 -5.147522E-01
  1.195831E-01  1.376628E-01 -5.255446E-01
  1.210539E-01  1.396532E-01 -5.361234E-01
  1.225429E-01  1.416790E-01 -5.464764E-01
  1.240502E-01  1.437411E-01 -5.565910E-01
  1.255760E-01  1.458404E-01 -5.664549E-01
  1.271206E-01  1.479778E-01 -5.760555E-01
  1.286842E-01  1.501541E-01 -5.853800E-01
  1.302670E-01  1.523703E-01 -5.944158E-01
  1.318693E-01  1.546275E-01 -6.031502E-01
  1.334913E-01  1.569265E-01 -6.115702E-01
  1.351332E-01  1.592684E-01 -6.196631E-01
  1.367953E-01  1.616543E-01 -6.274159E-01
  1.384779E-01  1.640853E-01 -6.348159E-01
  1.401812E-01  1.665625E-01 -6.418503E-01
  1.419054E-01  1.690870E-01 -6.485062E-01
  1.436509E-01  1.716601E-01 -6.547708E-01
  1.454178E-01  1.742830E-01 -6.606316E-01
  1.472064E-01  1.769570E-01 -6.660759E-01
  1.490171E-01  1.796833E-01 -6.710912E-01
  1.508500E-01  1.824633E-01 -6.756651E-01
  1.527054E-01  1.852985E-01 -6.797855E-01
  1.545837E-01  1.881902E-01 -6.834401E-01
  1.564851E-01  1.911399E-01 -6.866172E-01
  1.584098E-01  1.941491E-01 -6.893050E-01
  1.603583E-01  1.972194E-01 -6.914919E-01
  1.623307E-01  2.003524E-01 -6.931668E-01
  1.643274E-01  2.035498E-01 -6.943186E-01
  1.663486E-01  2.068132E-01 -6.949366E-01
  1.683947E-01  2.101445E-01 -6.950102E-01
  1.704659E-01  2.135454E-01 -6.945294E-01
  1.725627E-01  2.170178E-01 -6.934843E-01
  1.746852E-01  2.205637E-01 -6.918656E-01
  1.768338E-01  2.241849E-01 -6.896641E-01
  1.790089E-01  2.278836E-01 -6.868711E-01
  1.812107E-01  2.316618E-01 -6.834784E-01
  1.834396E-01  2.355217E-01 -6.794782E-01
  1.856959E-01  2.394655E-01 -6.748631E-01
  1.879799E-01  2.434955E-01 -6.696263E-01
  1.902921E-01  2.476141E-01 -6.637613E-01
  1.926327E-01  2.518235E-01 -6.572624E-01
  1.950021E-01  2.561264E-01 -6.501242E-01
  1.974006E-01  2.605253E-01 -6.423420E-01
  1.998286E-01  2.650228E-01 -6.339116E-01
  2.022865E-01  2.696216E-01 -6.248295E-01
  2.047746E-01  2.743244E-01 -6.150928E-01
  2.072934E-01  2.791341E-01 -6.046992E-01
  2.098431E-01  2.840536E-01 -5.936470E-01
  2.124241E-01  2.890859E-01 -5.819354E-01
  2.150370E-01  2.942340E-01 -5.695641E-01
  2.176819E-01  2.995011E-01 -5.565335E-01
  2.203594E-01  3.048904E-01 -5.428449E-01
  2.230698E-01  3.104053E-01 -5.285002E-01
  2.258136E-01  3.160489E-01 -5.135021E-01
  2.285911E-01  3.218249E-01 -4.978541E-01
  2.314028E-01  3.277368E-01 -4.815605E-01
  2.342490E-01  3.337880E-01 -4.646263E-01
  2.371303E-01  3.399824E-01 -4.470574E-01
  2.400470E-01  3.463237E-01 -4.288604E-01
  2.429995E-01  3.528157E-01 -4.100429E-01
  2.459884E-01  3.594623E-01 -3.906133E-01
  2.490141E-01  3.662674E-01 -3.705807E-01
  2.520770E-01  3.732352E-01 -3.499550E-01
  2.551775E-01  3.803696E-01 -3.287473E-01
  2.583162E-01  3.876749E-01 -3.069693E-01
  2.614935E-01  3.951553E-01 -2.846334E-01
  2.647099E-01  4.028150E-01 -2.617531E-01
  2.679658E-01  4.106584E-01 -2.383426E-01
  2.712618E-01  4.186897E-01 -2.144172E-01
  2.745983E-01  4.269135E-01 -1.899926E-01
  2.779759E-01  4.353340E-01 -1.650857E-01
  2.813950E-01  4.439557E-01 -1.397140E-01
  2.848561E-01  4.527831E-01 -1.138959E-01
  2.883598E-01  4.618205E-01 -8.765064E-02
  2.919067E-01  4.710725E-01 -6.099814E-02
  2.954971E-01  4.805433E-01 -3.395912E-02
  2.991317E-01  4.902373E-01 -6.555061E-03
  3.028111E-01  5.001588E-01  2.119186E-02
  3.065356E-01  5.103120E-01  4.925873E-02
  3.103060E-01  5.207011E-01  7.762199E-02
  3.141228E-01  5.313300E-01  1.062574E-01
  3.179865E-01  5.422026E-01  1.351401E-01
  3.218977E-01  5.533227E-01  1.642447E-01
  3.258571E-01  5.646937E-01  1.935451E-01
  3.298651E-01  5.763191E-01  2.230148E-01
  3.339225E-01  5.882020E-01  2.526268E-01
  3.380297E-01  6.003451E-01  2.823535E-01
  3.421875E-01  6.127511E-01  3.121671E-01
  3.463964E-01  6.254221E-01  3.420393E-01
  3.506570E-01  6.383600E-01  3.719415E-01
  3.549701E-01  6.515662E-01  4.018446E-01
  3.593363E-01  6.650418E-01  4.317196E-01
  3.637561E-01  6.787871E-01  4.615369E-01
  3.682303E-01  6.928023E-01  4.912671E-01
  3.727595E-01  7.070866E-01  5.208802E-01
  3.773445E-01  7.216388E-01  5.503465E-01
  3.819858E-01  7.364570E-01  5.796359E-01
  3.866842E-01  7.515384E-01  6.087184E-01
  3.914404E-01  7.668796E-01  6.375639E-01
  3.962552E-01  7.824762E-01  6.661424E-01
  4.011291E-01  7.983229E-01  6.944237E-01
  4.060630E-01  8.144134E-01  7.223781E-01
  4.110576E-01  8.307405E-01  7.499755E-01
  4.161136E-01  8.472957E-01  7.771863E-01
  4.212318E-01  8.640694E-01  8.039810E-01
  4.264129E-01  8.810507E-01  8.303305E-01
  4.316578E-01  8.982275E-01  8.562059E-01
  4.369672E-01  9.155860E-01  8.815788E-01
  4.423419E-01  9.331114E-01  9.064213E-01
  4.477827E-01  9.507870E-01  9.307060E-01
  4.532904E-01  9.685948E-01  9.544062E-01
  4.588659E-01  9.865149E-01  9.774957E-01
  4.645099E-01  1.004526E+00  9.999494E-01
  4.702234E-01  1.022604E+00  1.021743E+00
  4.760072E-01  1.040726E+00  1.042852E+00
  4.818621E-01  1.058862E+00  1.063255E+00
  4.877890E-01  1.076986E+00  1.082929E+00
  4.937888E-01  1.095066E+00  1.101854E+00
  4.998624E-01  1.113069E+00  1.120010E+00
  5.060107E-01  1.130962E+00  1.137378E+00
  5.122346E-01  1.148707E+00  1.153941E+00
  5.185351E-01  1.166267E+00  1.169683E+00
  5.249131E-01  1.183600E+00  1.184587E+00
  5.313695E-01  1.200666E+00  1.198641E+00
  5.379053E-01  1.217421E+00  1.211832E+00
  5.445216E-01  1.233818E+00  1.224147E+00
  5.512192E-01  1.249811E+00  1.235577E+00
  5.579992E-01  1.265352E+00  1.246113E+00
  5.648626E-01  1.280391E+00  1.255747E+00
  5.718104E-01  1.294877E+00  1.264474E+00
  5.788437E-01  1.308759E+00  1.272287E+00
  5.859634E-01  1.321983E+00  1.279184E+00
  5.931708E-01  1.334497E+00  1.285163E+00
  6.004668E-01  1.346247E+00  1.290222E+00
  6.078525E-01  1.357179E+00  1.294363E+00
  6.153291E-01  1.367239E+00  1.297588E+00
  6.228977E-01  1.376374E+00  1.299899E+00
  6.305593E-01  1.384529E+00  1.301302E+00
  6.383152E-01  1.391653E+00  1.301803E+00
  6.461665E-01  1.397694E+00  1.301410E+00
  6.541143E-01  1.402601E+00  1.300130E+00
  6.621599E-01  1.406326E+00  1.297973E+00
  6.703045E-01  1.408822E+00  1.294952E+00
  6.785492E-01  1.410045E+00  1.291079E+00
  6.868954E-01  1.409955E+00  1.286367E+00
  6.953442E-01  1.408512E+00  1.280831E+00
  7.038969E-01  1.405684E+00  1.274486E+00
  7.125549E-01  1.401442E+00  1.267351E+00
  7.213193E-01  1.395760E+00  1.259442E+00
  7.301915E-01  1.388621E+00  1.250780E+00
  7.391729E-01  1.380010E+00  1.241382E+00
  7.482647E-01  1.369920E+00  1.231272E+00
  7.574683E-01  1.358352E+00  1.220469E+00
  7.667852E-01  1.345311E+00  1.208997E+00
  7.762167E-01  1.330811E+00  1.196878E+00
  7.857641E-01  1.314871E+00  1.184136E+00
  7.954290E-01  1.297520E+00  1.170797E+00
  8.052128E-01  1.278792E+00  1.156883E+00
  8.151169E-01  1.258728E+00  1.142422E+00
  8.251429E-01  1.237379E+00  1.127439E+00
  8.352921E-01  1.214799E+00  1.111959E+00
  8.455662E-01  1.191052E+00  1.096011E+00
  8.559667E-01  1.166206E+00  1.079620E+00
  8.664951E-01  1.140336E+00  1.062814E+00
  8.771530E-01  1.113522E+00  1.045620E+00
  8.879419E-01  1.085849E+00  1.028066E+00
  8.988636E-01  1.057406E+00  1.010179E+00
  9.099196E-01  1.028285E+00  9.919853E-01
  9.211117E-01  9.985840E-01  9.735138E-01
  9.324413E-01  9.683992E-01  9.547914E-01
  9.439104E-01  9.378305E-01  9.358451E-01
  9.555205E-01  9.069779E-01  9.167018E-01
  9.672734E-01  8.759412E-01  8.973883E-01
  9.791708E-01  8.448195E-01  8.779309E-01
  9.912146E-01  8.137099E-01  8.583557E-01
  1.003407E+00  7.827072E-01  8.386883E-01
  1.015748E+00  7.519032E-01  8.189540E-01
  1.028242E+00  7.213856E-01  7.991774E-01
  1.040890E+00  6.912378E-01  7.793828E-01
  1.053692E+00  6.615380E-01  7.595940E-01
  1.066653E+00  6.323593E-01  7.398340E-01
  1.079773E+00  6.037687E-01  7.201254E-01
  1.093054E+00  5.758269E-01  7.004900E-01
  1.106499E+00  5.485884E-01  6.809490E-01
  1.120108E+00  5.221008E-01  6.615228E-01
  1.133886E+00  4.964054E-01  6.422314E-01
  1.147833E+00  4.715365E-01  6.230937E-01
  1.161951E+00  4.475218E-01  6.041279E-01
  1.176243E+00  4.243827E-01  5.853516E-01
  1.190711E+00  4.021342E-01  5.667814E-01
  1.205356E+00  3.807853E-01  5.484333E-01
  1.220182E+00  3.603393E-01  5.303221E-01
  1.235191E+00  3.407943E-01  5.124623E-01
  1.250383E+00  3.221432E-01  4.948671E-01
  1.265763E+00  3.043745E-01  4.775491E-01
  1.281332E+00  2.874727E-01  4.605199E-01
  1.297092E+00  2.714184E-01  4.437905E-01
  1.313047E+00  2.561893E-01  4.273708E-01
  1.329197E+00  2.417602E-01  4.112700E-01
  1.345546E+00  2.281036E-01  3.954964E-01
  1.362096E+00  2.151902E-01  3.800574E-01
  1.378850E+00  2.029891E-01  3.649599E-01
  1.395810E+00  1.914685E-01  3.502096E-01
  1.412979E+00  1.805954E-01  3.358117E-01
  1.430358E+00  1.703367E-01  3.217704E-01
  1.447952E+00  1.606588E-01  3.080892E-01
  1.465761E+00  1.515279E-01  2.947710E-01
  1.483790E+00  1.429108E-01  2.818179E-01
  1.502041E+00  1.347744E-01  2.692311E-01
  1.520516E+00  1.270868E-01  2.570113E-01
  1.539218E+00  1.198168E-01  2.451586E-01
  1.558151E+00  1.129347E-01  2.336723E-01
  1.577316E+00  1.064126E-01  2.225512E-01
  1.596717E+00  1.002241E-01  2.117933E-01
  1.616357E+00  9.434506E-02  2.013963E-01
  1.636238E+00  8.875334E-02  1.913572E-01
  1.656363E+00  8.342897E-02  1.816726E-01
  1.676737E+00  7.835414E-02  1.723384E-01
  1.697361E+00  7.351321E-02  1.633503E-01
  1.718238E+00  6.889263E-02  1.547034E-01
  1.739372E+00  6.448090E-02  1.463924E-01
  1.760767E+00  6.026838E-02  1.384117E-01
  1.782424E+00  5.624722E-02  1.307553E-01
  1.804348E+00  5.241113E-02  1.234169E-01
  1.826541E+00  4.875514E-02  1.163899E-01
  1.849008E+00  4.527543E-02  1.096674E-01
  1.871751E+00  4.196897E-02  1.032424E-01
  1.894773E+00  3.883332E-02  9.710760E-02
  1.918079E+00  3.586634E-02  9.125546E-02
  1.941671E+00  3.306593E-02  8.567838E-02
  1.965554E+00  3.042983E-02  8.036859E-02
  1.989730E+00  2.795542E-02  7.531823E-02
  2.014204E+00  2.563958E-02  7.051936E-02
  2.038979E+00  2.347859E-02  6.596399E-02
  2.064058E+00  2.146804E-02  6.164408E-02
  2.089446E+00  1.960286E-02  5.755160E-02
  2.115146E+00  1.787730E-02  5.367850E-02
  2.141162E+00  1.628499E-02  5.001679E-02
  2.167499E+00  1.481905E-02  4.655850E-02
  2.194159E+00  1.347217E-02  4.329573E-02
  2.221147E+00  1.223676E-02  4.022067E-02
  2.248467E+00  1.110509E-02  3.732560E-02
  2.276123E+00  1.006944E-02  3.460289E-02
  2.304120E+00  9.122250E-03  3.204505E-02
  2.332460E+00  8.256289E-03  2.964473E-02
  2.361150E+00  7.464759E-03  2.739470E-02
  2.390192E+00  6.741414E-03  2.528791E-02
  2.419591E+00  6.080620E-03  2.331744E-02
  2.449352E+00  5.477362E-03  2.147659E-02
  2.479479E+00  4.927202E-03  1.975878E-02
  2.509977E+00  4.426124E-03  1.815767E-02
  2.540849E+00  3.970393E-03  1.666707E-02
  2.572102E+00  3.556499E-03  1.528100E-02
  2.603739E+00  3.181148E-03  1.399367E-02
  2.635765E+00  2.841250E-03  1.279949E-02
  2.668185E+00  2.533915E-03  1.169308E-02
  2.701003E+00  2.256440E-03  1.066927E-02
  2.734226E+00  2.006305E-03  9.723061E-03
  2.767857E+00  1.781163E-03  8.849687E-03
  2.801901E+00  1.578833E-03  8.044571E-03
  2.836365E+00  1.397288E-03  7.303341E-03
  2.871252E+00  1.234654E-03  6.621819E-03
  2.906568E+00  1.089196E-03  5.996026E-03
  2.942319E+00  9.593104E-04  5.422175E-03
  2.978510E+00  8.435228E-04  4.896666E-03
  3.015145E+00  7.404749E-04  4.416088E-03
  3.052232E+00  6.489199E-04  3.977208E-03
  3.089774E+00  5.677150E-04  3.576969E-03
  3.127778E+00  4.958147E-04  3.212487E-03
  3.166250E+00  4.322643E-04  2.881045E-03
  3.205195E+00  3.761934E-04  2.580083E-03
  3.244619E+00  3.268104E-04  2.307200E-03
  3.284528E+00  2.833963E-04  2.060143E-03
  3.324927E+00  2.452997E-04  1.836805E-03
  3.365824E+00  2.119312E-04  1.635214E-03
  3.407224E+00  1.827588E-04  1.453532E-03
  3.449132E+00  1.573034E-04  1.290047E-03
  3.491557E+00  1.351339E-04  1.143167E-03
  3.534503E+00  1.158636E-04  1.011415E-03
  3.577977E+00  9.914642E-05  8.934226E-04
  3.621986E+00  8.467279E-05  7.879244E-04
  3.666537E+00  7.216682E-05  6.937519E-04
  3.711635E+00  6.138299E-05  6.098286E-04
  3.757288E+00  5.210325E-05  5.351643E-04
  3.803503E+00  4.413443E-05  4.688502E-04
  3.850286E+00  3.730573E-05  4.100533E-04
  3.897645E+00  3.146648E-05  3.580117E-04
  3.945586E+00  2.648406E-05  3.120299E-04
  3.994116E+00  2.224199E-05  2.714742E-04
  4.043244E+00  1.863821E-05  2.357682E-04
  4.092976E+00  1.558350E-05  2.043890E-04
  4.143319E+00  1.300003E-05  1.768626E-04
  4.194282E+00  1.082009E-05  1.527606E-04
  4.245872E+00  8.984877E-06  1.316965E-04
  4.298096E+00  7.443489E-06  1.133222E-04
  4.350963E+00  6.151935E-06  9.732484E-05
  4.404480E+00  5.072304E-06  8.342389E-05
  4.458655E+00  4.172002E-06  7.136825E-05
  4.513496E+00  3.423076E-06  6.093366E-05
  4.569012E+00  2.801616E-06  5.192022E-05
  4.625211E+00  2.287216E-06  4.415014E-05
  4.682101E+00  1.862512E-06  3.746565E-05
  4.739691E+00  1.512762E-06  3.172700E-05
  4.797989E+00  1.225484E-06  2.681069E-05
  4.857004E+00  9.901401E-07  2.260783E-05
  4.916745E+00  7.978534E-07  1.902262E-05
  4.977221E+00  6.411692E-07  1.597093E-05
  5.038441E+00  5.138433E-07  1.337910E-05
  5.100414E+00  4.106599E-07  1.118275E-05
  5.163149E+00  3.272748E-07  9.325725E-06
  5.226656E+00  2.600796E-07  7.759198E-06
  5.290944E+00  2.060858E-07  6.440783E-06
  5.356022E+00  1.628254E-07  5.333786E-06
  5.421901E+00  1.282664E-07  4.406508E-06
  5.488591E+00  1.007405E-07  3.631640E-06
  5.556101E+00  7.888241E-08  2.985706E-06
  5.624441E+00  6.157782E-08  2.448579E-06
  5.693621E+00  4.792035E-08  2.003045E-06
  5.763653E+00  3.717498E-08  1.634418E-06
  5.834546E+00  2.874746E-08  1.330202E-06
  5.906311E+00  2.215895E-08  1.079793E-06
  5.978958E+00  1.702482E-08  8.742147E-07
  6.052499E+00  1.303714E-08  7.058881E-07
  6.126945E+00  9.950170E-09  5.684336E-07
  6.202307E+00  7.568495E-09  4.564942E-07
  6.278595E+00  5.737218E-09  3.655847E-07
  6.355822E+00  4.333987E-09  2.919599E-07
  6.433998E+00  3.262496E-09  2.325017E-07
  6.513136E+00  2.447202E-09  1.846213E-07
  6.593248E+00  1.829061E-09  1.461756E-07
  6.674345E+00  1.362091E-09  1.153959E-07
  6.756439E+00  1.010612E-09  9.082645E-08
  6.839544E+00  7.470390E-10  7.127309E-08
  6.923670E+00  5.501275E-10  5.575889E-08
  7.008831E+00  4.035752E-10  4.348726E-08
  7.095040E+00  2.949216E-10  3.381062E-08
  7.182309E+00  2.146788E-10  2.620421E-08
  7.270651E+00  1.556509E-10  2.024413E-08
  7.360080E+00  1.124017E-10  1.558910E-08
  7.450609E+00  8.084106E-11  1.196518E-08
  7.542252E+00  5.790386E-11  9.153288E-09
  7.635021E+00  4.130263E-11  6.978742E-09
  7.728932E+00  2.933733E-11  5.302758E-09
  7.823998E+00  2.074981E-11  4.015442E-09
  7.920233E+00  1.461287E-11  3.030078E-09
  8.017652E+00  1.024619E-11  2.278479E-09
  8.116269E+00  7.152722E-12  1.707216E-09
  8.216099E+00  4.970948E-12  1.274576E-09
  8.317157E+00  3.439081E-12  9.481075E-10
  8.419458E+00  2.368409E-12  7.026599E-10
  8.523018E+00  1.623522E-12  5.188109E-10
  8.627851E+00  1.107700E-12  3.816188E-10
  8.733973E+00  7.521838E-13  2.796323E-10
  8.841401E+00  5.083211E-13  2.041087E-10
  8.950150E+00  3.418529E-13  1.483995E-10
  9.060237E+00  2.287713E-13  1.074679E-10
  9.171678E+00  1.523347E-13  7.751403E-11
  9.284490E+00  1.009264E-13  5.568210E-11
  9.398689E+00  6.652611E-14  3.983485E-11
  9.514293E+00  4.362486E-14  2.837928E-11
  9.631319E+00  2.845790E-14  2.013299E-11
  9.749784E+00  1.846591E-14  1.422203E-11
  9.869706E+00  1.191816E-14  1.000320E-11
  9.991104E+00  7.650505E-15  7.005146E-12
  1.011399E+01  4.884094E-15  4.883974E-12
  1.023840E+01  3.100713E-15  3.389877E-12
  1.036433E+01  1.957461E-15  2.342207E-12
  1.049181E+01  1.228708E-15  1.610918E-12
  1.062086E+01  7.668268E-16  1.102818E-12
  1.075150E+01  4.757823E-16  7.514354E-13
  1.088374E+01  2.934608E-16  5.095799E-13
  1.101761E+01  1.799249E-16  3.439064E-13
  1.115313E+01  1.096476E-16  2.309670E-13
  1.129031E+01  6.641125E-17  1.543530E-13
  1.142918E+01  3.997471E-17  1.026384E-13
  1.156976E+01  2.391095E-17  6.790585E-14
  1.171207E+01  1.421157E-17  4.469719E-14
  1.185613E+01  8.392416E-18  2.926858E-14
  1.200196E+01  4.923755E-18  1.906530E-14
  1.214958E+01  2.869692E-18  1.235316E-14
  1.229902E+01  1.661375E-18  7.961162E-15
  1.245030E+01  9.553386E-19  5.102819E-15
  1.260344E+01  5.455915E-19  3.252744E-15
  1.275846E+01  3.094291E-19  2.061893E-15
  1.291539E+01  1.742610E-19  1.299657E-15
  1.307425E+01  9.744210E-20  8.145298E-16
  1.323506E+01  5.409553E-20  5.075398E-16
  1.339785E+01  2.981286E-20  3.144025E-16
  1.356264E+01  1.630922E-20  1.936061E-16
  1.372947E+01  8.855032E-21  1.185055E-16
  1.389834E+01  4.771330E-21  7.092991E-17
  1.406929E+01  0.000000E+00  3.604058E-16
  1.424234E+01  0.000000E+00  2.228370E-16
  1.441752E+01  0.000000E+00  1.369575E-16
  1.459486E+01  0.000000E+00  0.000000E+00
  1.477437E+01  0.000000E+00  0.000000E+00
  1.495610E+01  0.000000E+00  0.000000E+00
  1.514006E+01  0.000000E+00  0.000000E+00
  1.532628E+01  0.000000E+00  0.000000E+00
  1.551479E+01  0.000000E+00  0.000000E+00
  1.570563E+01  0.000000E+00  0.000000E+00
  1.589880E+01  0.000000E+00  0.000000E+00
  1.609436E+01  0.000000E+00  0.000000E+00
  1.629232E+01  0.000000E+00  0.000000E+00
  1.649272E+01  0.000000E+00  0.000000E+00
  1.669558E+01  0.000000E+00  0.000000E+00
  1.690093E+01  0.000000E+00  0.000000E+00
  1.710881E+01  0.000000E+00  0.000000E+00
  1.731925E+01  0.000000E+00  0.000000E+00
  1.753228E+01  0.000000E+00  0.000000E+00
  1.774793E+01  0.000000E+00  0.000000E+00
  1.796622E+01  0.000000E+00  0.000000E+00
  1.818721E+01  0.000000E+00  0.000000E+00
  1.841091E+01  0.000000E+00  0.000000E+00
  1.863737E+01  0.000000E+00  0.000000E+00
  1.886661E+01  0.000000E+00  0.000000E+00
  1.909867E+01  0.000000E+00  0.000000E+00
  1.933358E+01  0.000000E+00  0.000000E+00
  1.957138E+01  0.000000E+00  0.000000E+00
  1.981211E+01  0.000000E+00  0.000000E+00
  2.005580E+01  0.000000E+00  0.000000E+00
  2.030249E+01  0.000000E+00  0.000000E+00
  2.055221E+01  0.000000E+00  0.000000E+00
  2.080500E+01  0.000000E+00  0.000000E+00
  2.106090E+01  0.000000E+00  0.000000E+00
  2.131995E+01  0.000000E+00  0.000000E+00
  2.158218E+01  0.000000E+00  0.000000E+00
  2.184764E+01  0.000000E+00  0.000000E+00
  2.211637E+01  0.000000E+00  0.000000E+00
  2.238840E+01  0.000000E+00  0.000000E+00
  2.266378E+01  0.000000E+00  0.000000E+00
  2.294254E+01  0.000000E+00  0.000000E+00
  2.322474E+01  0.000000E+00  0.000000E+00
  2.351040E+01  0.000000E+00  0.000000E+00
  2.379958E+01  0.000000E+00  0.000000E+00
  2.409231E+01  0.000000E+00  0.000000E+00
  2.438865E+01  0.000000E+00  0.000000E+00
  2.468863E+01  0.000000E+00  0.000000E+00
  2.499230E+01  0.000000E+00  0.000000E+00
  2.529971E+01  0.000000E+00  0.000000E+00
  2.561089E+01  0.000000E+00  0.000000E+00
  2.592591E+01  0.000000E+00  0.000000E+00
  2.624479E+01  0.000000E+00  0.000000E+00
  2.656761E+01  0.000000E+00  0.000000E+00
  2.689439E+01  0.000000E+00  0.000000E+00
  2.722519E+01  0.000000E+00  0.000000E+00
  2.756006E+01  0.000000E+00  0.000000E+00
  2.789905E+01  0.000000E+00  0.000000E+00
  2.824220E+01  0.000000E+00  0.000000E+00
  2.858958E+01  0.000000E+00  0.000000E+00
  2.894124E+01  0.000000E+00  0.000000E+00
  2.929721E+01  0.000000E+00  0.000000E+00
  2.965757E+01  0.000000E+00  0.000000E+00
  3.002236E+01  0.000000E+00  0.000000E+00
  3.039163E+01  0.000000E+00  0.000000E+00
  3.076545E+01  0.000000E+00  0.000000E+00
  3.114386E+01  0.000000E+00  0.000000E+00
  3.152693E+01  0.000000E+00  0.000000E+00
  3.191471E+01  0.000000E+00  0.000000E+00
  3.230727E+01  0.000000E+00  0.000000E+00
  3.270465E+01  0.000000E+00  0.000000E+00
  3.310691E+01  0.000000E+00  0.000000E+00
  3.351413E+01  0.000000E+00  0.000000E+00
  3.392635E+01  0.000000E+00  0.000000E+00
  3.434365E+01  0.000000E+00  0.000000E+00
  3.476607E+01  0.000000E+00  0.000000E+00
  3.519369E+01  0.000000E+00  0.000000E+00
  3.562658E+01  0.000000E+00  0.000000E+00
  3.606478E+01  0.000000E+00  0.000000E+00
  3.650838E+01  0.000000E+00  0.000000E+00
  3.695743E+01  0.000000E+00  0.000000E+00
  3.741201E+01  0.000000E+00  0.000000E+00
  3.787218E+01  0.000000E+00  0.000000E+00
  3.833801E+01  0.000000E+00  0.000000E+00
  3.880956E+01  0.000000E+00  0.000000E+00
  3.928692E+01  0.000000E+00  0.000000E+00
  3.977015E+01  0.000000E+00  0.000000E+00
  4.025932E+01  0.000000E+00  0.000000E+00
  4.075451E+01  0.000000E+00  0.000000E+00
  4.125579E+01  0.000000E+00  0.000000E+00
  4.176324E+01  0.000000E+00  0.000000E+00
  4.227693E+01  0.000000E+00  0.000000E+00
  4.279693E+01  0.000000E+00  0.000000E+00
  4.332334E+01  0.000000E+00  0.000000E+00
  4.385621E+01  0.000000E+00  0.000000E+00
  4.439564E+01  0.000000E+00  0.000000E+00
  4.494171E+01  0.000000E+00  0.000000E+00
  4.549449E+01  0.000000E+00  0.000000E+00
  4.605408E+01  0.000000E+00  0.000000E+00
  4.662054E+01  0.000000E+00  0.000000E+00
  4.719397E+01  0.000000E+00  0.000000E+00
  4.777446E+01  0.000000E+00  0.000000E+00
  4.836209E+01  0.000000E+00  0.000000E+00
  4.895694E+01  0.000000E+00  0.000000E+00
  4.955911E+01  0.000000E+00  0.000000E+00
  5.016869E+01  0.000000E+00  0.000000E+00
  5.078576E+01  0.000000E+00  0.000000E+00
  5.141043E+01  0.000000E+00  0.000000E+00
  5.204277E+01  0.000000E+00  0.000000E+00
  5.268290E+01  0.000000E+00  0.000000E+00
  5.333090E+01  0.000000E+00  0.000000E+00
  5.398687E+01  0.000000E+00  0.000000E+00
  5.465091E+01  0.000000E+00  0.000000E+00
  5.532311E+01  0.000000E+00  0.000000E+00
  5.600359E+01  0.000000E+00  0.000000E+00
  5.669243E+01  0.000000E+00  0.000000E+00
  5.738975E+01  0.000000E+00  0.000000E+00
  5.809564E+01  0.000000E+00  0.000000E+00
  5.881022E+01  0.000000E+00  0.000000E+00
  5.953359E+01  0.000000E+00  0.000000E+00
  6.026585E+01  0.000000E+00  0.000000E+00
  6.100712E+01  0.000000E+00  0.000000E+00
  6.175751E+01  0.000000E+00  0.000000E+00
  6.251712E+01  0.000000E+00  0.000000E+00
  6.328608E+01  0.000000E+00  0.000000E+00
  6.406450E+01  0.000000E+00  0.000000E+00
  6.485250E+01  0.000000E+00  0.000000E+00
  6.565018E+01  0.000000E+00  0.000000E+00
  6.645768E+01  0.000000E+00  0.000000E+00
  6.727511E+01  0.000000E+00  0.000000E+00
  6.810259E+01  0.000000E+00  0.000000E+00
  6.894026E+01  0.000000E+00  0.000000E+00
  6.978822E+01  0.000000E+00  0.000000E+00
  7.064662E+01  0.000000E+00  0.000000E+00
  7.151557E+01  0.000000E+00  0.000000E+00
  7.239521E+01  0.000000E+00  0.000000E+00
  7.328567E+01  0.000000E+00  0.000000E+00
  7.418709E+01  0.000000E+00  0.000000E+00
  7.509959E+01  0.000000E+00  0.000000E+00
  7.602331E+01  0.000000E+00  0.000000E+00
  7.695840E+01  0.000000E+00  0.000000E+00
  7.790499E+01  0.000000E+00  0.000000E+00
  7.886322E+01  0.000000E+00  0.000000E+00
  7.983324E+01  0.000000E+00  0.000000E+00
