  1.275510E-04  5.858032E-05  2.434168E-03
  1.291199E-04  5.930086E-05  2.461928E-03
  1.307081E-04  6.003026E-05  2.490003E-03
  1.323158E-04  6.076863E-05  2.518395E-03
  1.339433E-04  6.151608E-05  2.547108E-03
  1.355908E-04  6.227273E-05  2.576146E-03
  1.372585E-04  6.303869E-05  2.605511E-03
  1.389468E-04  6.381406E-05  2.635208E-03
  1.406559E-04  6.459898E-05  2.665241E-03
  1.423859E-04  6.539354E-05  2.695613E-03
  1.441373E-04  6.619788E-05  2.726327E-03
  1.459102E-04  6.701212E-05  2.757388E-03
  1.477049E-04  6.783637E-05  2.788799E-03
  1.495216E-04  6.867075E-05  2.820565E-03
  1.513607E-04  6.951540E-05  2.852689E-03
  1.532225E-04  7.037044E-05  2.885175E-03
  1.551071E-04  7.123600E-05  2.918027E-03
  1.570149E-04  7.211220E-05  2.951250E-03
  1.589462E-04  7.299918E-05  2.984847E-03
  1.609013E-04  7.389707E-05  3.018822E-03
  1.628803E-04  7.480601E-05  3.053180E-03
  1.648838E-04  7.572612E-05  3.087925E-03
  1.669118E-04  7.665755E-05  3.123061E-03
  1.689649E-04  7.760044E-05  3.158593E-03
  1.710431E-04  7.855493E-05  3.194524E-03
  1.731470E-04  7.952115E-05  3.230859E-03
  1.752767E-04  8.049926E-05  3.267603E-03
  1.774326E-04  8.148940E-05  3.304761E-03
  1.796150E-04  8.249172E-05  3.342336E-03
  1.818243E-04  8.350637E-05  3.380333E-03
  1.840607E-04  8.453350E-05  3.418757E-03
  1.863246E-04  8.557326E-05  3.457612E-03
  1.886164E-04  8.662581E-05  3.496904E-03
  1.909364E-04  8.769131E-05  3.536637E-03
  1.932849E-04  8.876991E-05  3.576816E-03
  1.956623E-04  8.986178E-05  3.617446E-03
  1.980690E-04  9.096708E-05  3.658532E-03
  2.005052E-04  9.208598E-05  3.700078E-03
  2.029714E-04  9.321864E-05  3.742090E-03
  2.054680E-04  9.436522E-05  3.784573E-03
  2.079952E-04  9.552592E-05  3.827531E-03
  2.105536E-04  9.670089E-05  3.870971E-03
  2.131434E-04  9.789031E-05  3.914898E-03
  2.157651E-04  9.909436E-05  3.959316E-03
  2.184190E-04  1.003132E-04  4.004231E-03
  2.211055E-04  1.015471E-04  4.049648E-03
  2.238251E-04  1.027961E-04  4.095573E-03
  2.265782E-04  1.040605E-04  4.142012E-03
  2.293651E-04  1.053404E-04  4.188970E-03
  2.321863E-04  1.066361E-04  4.236453E-03
  2.350422E-04  1.079477E-04  4.284465E-03
  2.379332E-04  1.092755E-04  4.333014E-03
  2.408598E-04  1.106196E-04  4.382105E-03
  2.438223E-04  1.119802E-04  4.431743E-03
  2.468214E-04  1.133576E-04  4.481935E-03
  2.498573E-04  1.147519E-04  4.532686E-03
  2.529305E-04  1.161633E-04  4.584003E-03
  2.560415E-04  1.175921E-04  4.635892E-03
  2.591909E-04  1.190385E-04  4.688359E-03
  2.623789E-04  1.205027E-04  4.741410E-03
  2.656062E-04  1.219849E-04  4.795051E-03
  2.688731E-04  1.234853E-04  4.849288E-03
  2.721803E-04  1.250042E-04  4.904129E-03
  2.755281E-04  1.265417E-04  4.959580E-03
  2.789171E-04  1.280982E-04  5.015646E-03
  2.823478E-04  1.296738E-04  5.072335E-03
  2.858206E-04  1.312688E-04  5.129654E-03
  2.893362E-04  1.328834E-04  5.187608E-03
  2.928951E-04  1.345178E-04  5.246206E-03
  2.964977E-04  1.361724E-04  5.305453E-03
  3.001446E-04  1.378473E-04  5.365357E-03
  3.038364E-04  1.395428E-04  5.425924E-03
  3.075736E-04  1.412592E-04  5.487162E-03
  3.113567E-04  1.429967E-04  5.549077E-03
  3.151864E-04  1.447556E-04  5.611678E-03
  3.190632E-04  1.465361E-04  5.674971E-03
  3.229877E-04  1.483385E-04  5.738963E-03
  3.269604E-04  1.501630E-04  5.803662E-03
  3.309820E-04  1.520100E-04  5.869076E-03
  3.350531E-04  1.538797E-04  5.935211E-03
  3.391743E-04  1.557725E-04  6.002076E-03
  3.433461E-04  1.576885E-04  6.069678E-03
  3.475693E-04  1.596280E-04  6.138025E-03
  3.518444E-04  1.615915E-04  6.207125E-03
  3.561720E-04  1.635790E-04  6.276985E-03
  3.605530E-04  1.655911E-04  6.347614E-03
  3.649878E-04  1.676278E-04  6.419020E-03
  3.694771E-04  1.696897E-04  6.491211E-03
  3.740217E-04  1.717768E-04  6.564194E-03
  3.786221E-04  1.738897E-04  6.637978E-03
  3.832792E-04  1.760285E-04  6.712572E-03
  3.879935E-04  1.781937E-04  6.787984E-03
  3.927659E-04  1.803855E-04  6.864223E-03
  3.975969E-04  1.826042E-04  6.941296E-03
  4.024873E-04  1.848502E-04  7.019213E-03
  4.074379E-04  1.871239E-04  7.097983E-03
  4.124494E-04  1.894255E-04  7.177613E-03
  4.175225E-04  1.917555E-04  7.258114E-03
  4.226581E-04  1.941141E-04  7.339493E-03
  4.278567E-04  1.965017E-04  7.421760E-03
  4.331194E-04  1.989186E-04  7.504925E-03
  4.384468E-04  2.013653E-04  7.588996E-03
  4.438396E-04  2.038421E-04  7.673982E-03
  4.492989E-04  2.063494E-04  7.759893E-03
  4.548253E-04  2.088875E-04  7.846738E-03
  4.604196E-04  2.114568E-04  7.934528E-03
  4.660828E-04  2.140577E-04  8.023270E-03
  4.718156E-04  2.166906E-04  8.112976E-03
  4.776189E-04  2.193559E-04  8.203654E-03
  4.834936E-04  2.220540E-04  8.295315E-03
  4.894406E-04  2.247853E-04  8.387969E-03
  4.954607E-04  2.275501E-04  8.481625E-03
  5.015549E-04  2.303490E-04  8.576293E-03
  5.077240E-04  2.331823E-04  8.671984E-03
  5.139690E-04  2.360504E-04  8.768709E-03
  5.202908E-04  2.389538E-04  8.866476E-03
  5.266904E-04  2.418930E-04  8.965297E-03
  5.331687E-04  2.448683E-04  9.065183E-03
  5.397267E-04  2.478801E-04  9.166143E-03
  5.463653E-04  2.509291E-04  9.268188E-03
  5.530856E-04  2.540155E-04  9.371330E-03
  5.598886E-04  2.571399E-04  9.475578E-03
  5.667752E-04  2.603027E-04  9.580944E-03
  5.737465E-04  2.635044E-04  9.687439E-03
  5.808036E-04  2.667455E-04  9.795074E-03
  5.879475E-04  2.700265E-04  9.903860E-03
  5.951792E-04  2.733478E-04  1.001381E-02
  6.025000E-04  2.767100E-04  1.012493E-02
  6.099107E-04  2.801136E-04  1.023724E-02
  6.174126E-04  2.835590E-04  1.035074E-02
  6.250068E-04  2.870467E-04  1.046545E-02
  6.326944E-04  2.905774E-04  1.058138E-02
  6.404765E-04  2.941515E-04  1.069854E-02
  6.483544E-04  2.977696E-04  1.081695E-02
  6.563291E-04  3.014321E-04  1.093660E-02
  6.644020E-04  3.051398E-04  1.105753E-02
  6.725741E-04  3.088930E-04  1.117974E-02
  6.808468E-04  3.126924E-04  1.130323E-02
  6.892212E-04  3.165385E-04  1.142803E-02
  6.976986E-04  3.204319E-04  1.155415E-02
  7.062803E-04  3.243732E-04  1.168159E-02
  7.149676E-04  3.283630E-04  1.181037E-02
  7.237617E-04  3.324019E-04  1.194051E-02
  7.326639E-04  3.364904E-04  1.207201E-02
  7.416757E-04  3.406293E-04  1.220489E-02
  7.507983E-04  3.448190E-04  1.233916E-02
  7.600331E-04  3.490603E-04  1.247484E-02
  7.693815E-04  3.533537E-04  1.261193E-02
  7.788449E-04  3.577000E-04  1.275045E-02
  7.884247E-04  3.620997E-04  1.289042E-02
  7.981223E-04  3.665535E-04  1.303183E-02
  8.079392E-04  3.710621E-04  1.317472E-02
  8.178769E-04  3.756262E-04  1.331909E-02
  8.279368E-04  3.802464E-04  1.346496E-02
  8.381204E-04  3.849234E-04  1.361233E-02
  8.484293E-04  3.896580E-04  1.376123E-02
  8.588650E-04  3.944508E-04  1.391166E-02
  8.694290E-04  3.993026E-04  1.406365E-02
  8.801230E-04  4.042140E-04  1.421719E-02
  8.909485E-04  4.091858E-04  1.437231E-02
  9.019072E-04  4.142188E-04  1.452903E-02
  9.130006E-04  4.193137E-04  1.468734E-02
  9.242305E-04  4.244713E-04  1.484728E-02
  9.355986E-04  4.296923E-04  1.500885E-02
  9.471064E-04  4.349775E-04  1.517206E-02
  9.587558E-04  4.403277E-04  1.533694E-02
  9.705485E-04  4.457438E-04  1.550349E-02
  9.824863E-04  4.512264E-04  1.567172E-02
  9.945709E-04  4.567765E-04  1.584166E-02
  1.006804E-03  4.623949E-04  1.601332E-02
  1.019188E-03  4.680823E-04  1.618671E-02
  1.031724E-03  4.738397E-04  1.636184E-02
  1.044414E-03  4.796680E-04  1.653874E-02
  1.057260E-03  4.855679E-04  1.671741E-02
  1.070265E-03  4.915404E-04  1.689786E-02
  1.083429E-03  4.975863E-04  1.708012E-02
  1.096755E-03  5.037067E-04  1.726420E-02
  1.110245E-03  5.099023E-04  1.745011E-02
  1.123901E-03  5.161741E-04  1.763787E-02
  1.137725E-03  5.225230E-04  1.782749E-02
  1.151719E-03  5.289501E-04  1.801898E-02
  1.165885E-03  5.354562E-04  1.821237E-02
  1.180226E-03  5.420423E-04  1.840766E-02
  1.194742E-03  5.487094E-04  1.860487E-02
  1.209438E-03  5.554585E-04  1.880401E-02
  1.224314E-03  5.622907E-04  1.900511E-02
  1.239373E-03  5.692069E-04  1.920816E-02
  1.254617E-03  5.762081E-04  1.941320E-02
  1.270049E-03  5.832955E-04  1.962023E-02
  1.285671E-03  5.904701E-04  1.982926E-02
  1.301484E-03  5.977329E-04  2.004032E-02
  1.317493E-03  6.050850E-04  2.025341E-02
  1.333698E-03  6.125275E-04  2.046855E-02
  1.350102E-03  6.200616E-04  2.068576E-02
  1.366708E-03  6.276884E-04  2.090505E-02
  1.383519E-03  6.354090E-04  2.112643E-02
  1.400536E-03  6.432246E-04  2.134992E-02
  1.417763E-03  6.511362E-04  2.157553E-02
  1.435201E-03  6.591452E-04  2.180328E-02
  1.452854E-03  6.672527E-04  2.203318E-02
  1.470724E-03  6.754600E-04  2.226525E-02
  1.488814E-03  6.837681E-04  2.249950E-02
  1.507127E-03  6.921785E-04  2.273593E-02
  1.525664E-03  7.006923E-04  2.297458E-02
  1.544430E-03  7.093109E-04  2.321544E-02
  1.563427E-03  7.180354E-04  2.345854E-02
  1.582657E-03  7.268673E-04  2.370389E-02
  1.602123E-03  7.358078E-04  2.395150E-02
  1.621830E-03  7.448582E-04  2.420138E-02
  1.641778E-03  7.540200E-04  2.445355E-02
  1.661972E-03  7.632945E-04  2.470802E-02
  1.682414E-03  7.726830E-04  2.496481E-02
  1.703108E-03  7.821871E-04  2.522392E-02
  1.724056E-03  7.918080E-04  2.548537E-02
  1.745262E-03  8.015473E-04  2.574917E-02
  1.766729E-03  8.114063E-04  2.601534E-02
  1.788459E-03  8.213867E-04  2.628388E-02
  1.810457E-03  8.314897E-04  2.655481E-02
  1.832726E-03  8.417171E-04  2.682814E-02
  1.855269E-03  8.520703E-04  2.710387E-02
  1.878088E-03  8.625508E-04  2.738203E-02
  1.901189E-03  8.731602E-04  2.766263E-02
  1.924574E-03  8.839001E-04  2.794567E-02
  1.948246E-03  8.947721E-04  2.823116E-02
  1.972209E-03  9.057779E-04  2.851911E-02
  1.996467E-03  9.169190E-04  2.880954E-02
  2.021024E-03  9.281971E-04  2.910246E-02
  2.045883E-03  9.396140E-04  2.939787E-02
  2.071047E-03  9.511713E-04  2.969578E-02
  2.096521E-03  9.628708E-04  2.999620E-02
  2.122308E-03  9.747141E-04  3.029915E-02
  2.148412E-03  9.867032E-04  3.060462E-02
  2.174838E-03  9.988397E-04  3.091262E-02
  2.201588E-03  1.011125E-03  3.122317E-02
  2.228668E-03  1.023562E-03  3.153628E-02
  2.256081E-03  1.036152E-03  3.185193E-02
  2.283830E-03  1.048897E-03  3.217016E-02
  2.311921E-03  1.061799E-03  3.249095E-02
  2.340358E-03  1.074859E-03  3.281431E-02
  2.369144E-03  1.088080E-03  3.314025E-02
  2.398285E-03  1.101463E-03  3.346878E-02
  2.427784E-03  1.115011E-03  3.379990E-02
  2.457646E-03  1.128726E-03  3.413360E-02
  2.487875E-03  1.142609E-03  3.446990E-02
  2.518475E-03  1.156663E-03  3.480880E-02
  2.549453E-03  1.170891E-03  3.515030E-02
  2.580811E-03  1.185293E-03  3.549439E-02
  2.612555E-03  1.199872E-03  3.584109E-02
  2.644689E-03  1.214630E-03  3.619038E-02
  2.677219E-03  1.229570E-03  3.654228E-02
  2.710149E-03  1.244694E-03  3.689678E-02
  2.743484E-03  1.260004E-03  3.725387E-02
  2.777229E-03  1.275502E-03  3.761355E-02
  2.811388E-03  1.291191E-03  3.797583E-02
  2.845969E-03  1.307073E-03  3.834070E-02
  2.880974E-03  1.323150E-03  3.870815E-02
  2.916410E-03  1.339425E-03  3.907817E-02
  2.952282E-03  1.355900E-03  3.945077E-02
  2.988595E-03  1.372578E-03  3.982593E-02
  3.025355E-03  1.389461E-03  4.020365E-02
  3.062566E-03  1.406551E-03  4.058391E-02
  3.100236E-03  1.423852E-03  4.096671E-02
  3.138369E-03  1.441365E-03  4.135204E-02
  3.176971E-03  1.459094E-03  4.173989E-02
  3.216048E-03  1.477042E-03  4.213024E-02
  3.255605E-03  1.495209E-03  4.252308E-02
  3.295649E-03  1.513601E-03  4.291840E-02
  3.336185E-03  1.532218E-03  4.331618E-02
  3.377220E-03  1.551065E-03  4.371640E-02
  3.418760E-03  1.570143E-03  4.411905E-02
  3.460811E-03  1.589456E-03  4.452411E-02
  3.503379E-03  1.609007E-03  4.493156E-02
  3.546471E-03  1.628798E-03  4.534138E-02
  3.590092E-03  1.648832E-03  4.575354E-02
  3.634250E-03  1.669113E-03  4.616802E-02
  3.678952E-03  1.689643E-03  4.658481E-02
  3.724203E-03  1.710426E-03  4.700386E-02
  3.770010E-03  1.731465E-03  4.742516E-02
  3.816381E-03  1.752762E-03  4.784868E-02
  3.863323E-03  1.774322E-03  4.827438E-02
  3.910842E-03  1.796146E-03  4.870224E-02
  3.958945E-03  1.818239E-03  4.913223E-02
  4.007640E-03  1.840604E-03  4.956430E-02
  4.056934E-03  1.863244E-03  4.999842E-02
  4.106835E-03  1.886162E-03  5.043456E-02
  4.157349E-03  1.909362E-03  5.087267E-02
  4.208484E-03  1.932848E-03  5.131273E-02
  4.260248E-03  1.956622E-03  5.175467E-02
  4.312649E-03  1.980689E-03  5.219847E-02
  4.365695E-03  2.005052E-03  5.264407E-02
  4.419393E-03  2.029715E-03  5.309143E-02
  4.473752E-03  2.054681E-03  5.354049E-02
  4.528779E-03  2.079954E-03  5.399122E-02
  4.584483E-03  2.105538E-03  5.444354E-02
  4.640872E-03  2.131437E-03  5.489742E-02
  4.697955E-03  2.157654E-03  5.535279E-02
  4.755739E-03  2.184194E-03  5.580959E-02
  4.814235E-03  2.211060E-03  5.626777E-02
  4.873450E-03  2.238257E-03  5.672726E-02
  4.933393E-03  2.265788E-03  5.718799E-02
  4.994074E-03  2.293658E-03  5.764990E-02
  5.055501E-03  2.321871E-03  5.811291E-02
  5.117684E-03  2.350431E-03  5.857697E-02
  5.180632E-03  2.379342E-03  5.904198E-02
  5.244353E-03  2.408609E-03  5.950788E-02
  5.308859E-03  2.438235E-03  5.997459E-02
  5.374158E-03  2.468227E-03  6.044203E-02
  5.440260E-03  2.498587E-03  6.091010E-02
  5.507175E-03  2.529320E-03  6.137874E-02
  5.574913E-03  2.560432E-03  6.184784E-02
  5.643485E-03  2.591926E-03  6.231731E-02
  5.712900E-03  2.623808E-03  6.278707E-02
  5.783168E-03  2.656082E-03  6.325701E-02
  5.854301E-03  2.688753E-03  6.372704E-02
  5.926309E-03  2.721826E-03  6.419705E-02
  5.999203E-03  2.755306E-03  6.466693E-02
  6.072993E-03  2.789198E-03  6.513659E-02
  6.147691E-03  2.823506E-03  6.560590E-02
  6.223307E-03  2.858237E-03  6.607475E-02
  6.299854E-03  2.893395E-03  6.654303E-02
  6.377342E-03  2.928985E-03  6.701062E-02
  6.455784E-03  2.965013E-03  6.747739E-02
  6.535190E-03  3.001484E-03  6.794321E-02
  6.615573E-03  3.038404E-03  6.840796E-02
  6.696944E-03  3.075779E-03  6.887150E-02
  6.779317E-03  3.113613E-03  6.933369E-02
  6.862702E-03  3.151912E-03  6.979440E-02
  6.947113E-03  3.190683E-03  7.025348E-02
  7.032563E-03  3.229930E-03  7.071078E-02
  7.119063E-03  3.269660E-03  7.116616E-02
  7.206628E-03  3.309879E-03  7.161946E-02
  7.295269E-03  3.350593E-03  7.207051E-02
  7.385001E-03  3.391808E-03  7.251917E-02
  7.475837E-03  3.433530E-03  7.296526E-02
  7.567790E-03  3.475765E-03  7.340861E-02
  7.660873E-03  3.518520E-03  7.384906E-02
  7.755102E-03  3.561800E-03  7.428642E-02
  7.850490E-03  3.605613E-03  7.472052E-02
  7.947051E-03  3.649965E-03  7.515116E-02
  8.044800E-03  3.694863E-03  7.557817E-02
  8.143751E-03  3.740313E-03  7.600134E-02
  8.243919E-03  3.786322E-03  7.642048E-02
  8.345319E-03  3.832898E-03  7.683540E-02
  8.447966E-03  3.880046E-03  7.724588E-02
  8.551876E-03  3.927774E-03  7.765171E-02
  8.657064E-03  3.976090E-03  7.805268E-02
  8.763546E-03  4.025000E-03  7.844858E-02
  8.871338E-03  4.074512E-03  7.883918E-02
  8.980455E-03  4.124632E-03  7.922425E-02
  9.090915E-03  4.175370E-03  7.960356E-02
  9.202733E-03  4.226732E-03  7.997689E-02
  9.315927E-03  4.278726E-03  8.034398E-02
  9.430513E-03  4.331359E-03  8.070459E-02
  9.546508E-03  4.384640E-03  8.105847E-02
  9.663930E-03  4.438577E-03  8.140538E-02
  9.782796E-03  4.493177E-03  8.174505E-02
  9.903125E-03  4.548449E-03  8.207722E-02
  1.002493E-02  4.604401E-03  8.240163E-02
  1.014824E-02  4.661041E-03  8.271799E-02
  1.027306E-02  4.718379E-03  8.302604E-02
  1.039942E-02  4.776422E-03  8.332550E-02
  1.052733E-02  4.835179E-03  8.361608E-02
  1.065682E-02  4.894659E-03  8.389748E-02
  1.078790E-02  4.954871E-03  8.416942E-02
  1.092059E-02  5.015824E-03  8.443159E-02
  1.105491E-02  5.077526E-03  8.468370E-02
  1.119089E-02  5.139989E-03  8.492543E-02
  1.132854E-02  5.203219E-03  8.515647E-02
  1.146788E-02  5.267228E-03  8.537650E-02
  1.160893E-02  5.332025E-03  8.558521E-02
  1.175172E-02  5.397618E-03  8.578226E-02
  1.189627E-02  5.464019E-03  8.596733E-02
  1.204259E-02  5.531237E-03  8.614007E-02
  1.219072E-02  5.599283E-03  8.630016E-02
  1.234066E-02  5.668165E-03  8.644724E-02
  1.249245E-02  5.737896E-03  8.658097E-02
  1.264611E-02  5.808484E-03  8.670100E-02
  1.280166E-02  5.879941E-03  8.680696E-02
  1.295912E-02  5.952278E-03  8.689851E-02
  1.311852E-02  6.025505E-03  8.697527E-02
  1.327987E-02  6.099633E-03  8.703688E-02
  1.344322E-02  6.174673E-03  8.708297E-02
  1.360857E-02  6.250637E-03  8.711316E-02
  1.377595E-02  6.327536E-03  8.712707E-02
  1.394540E-02  6.405382E-03  8.712431E-02
  1.411693E-02  6.484185E-03  8.710451E-02
  1.429056E-02  6.563958E-03  8.706727E-02
  1.446634E-02  6.644714E-03  8.701221E-02
  1.464427E-02  6.726463E-03  8.693892E-02
  1.482440E-02  6.809219E-03  8.684701E-02
  1.500674E-02  6.892993E-03  8.673608E-02
  1.519132E-02  6.977798E-03  8.660572E-02
  1.537817E-02  7.063648E-03  8.645553E-02
  1.556733E-02  7.150554E-03  8.628510E-02
  1.575880E-02  7.238530E-03  8.609403E-02
  1.595264E-02  7.327589E-03  8.588190E-02
  1.614885E-02  7.417744E-03  8.564829E-02
  1.634749E-02  7.509009E-03  8.539281E-02
  1.654856E-02  7.601398E-03  8.511502E-02
  1.675211E-02  7.694924E-03  8.481452E-02
  1.695816E-02  7.789602E-03  8.449088E-02
  1.716674E-02  7.885446E-03  8.414370E-02
  1.737789E-02  7.982469E-03  8.377256E-02
  1.759164E-02  8.080687E-03  8.337704E-02
  1.780802E-02  8.180115E-03  8.295672E-02
  1.802706E-02  8.280767E-03  8.251119E-02
  1.824879E-02  8.382658E-03  8.204004E-02
  1.847325E-02  8.485804E-03  8.154286E-02
  1.870047E-02  8.590220E-03  8.101923E-02
  1.893049E-02  8.695922E-03  8.046876E-02
  1.916333E-02  8.802925E-03  7.989102E-02
  1.939904E-02  8.911247E-03  7.928563E-02
  1.963765E-02  9.020903E-03  7.865219E-02
  1.987919E-02  9.131909E-03  7.799029E-02
  2.012371E-02  9.244282E-03  7.729956E-02
  2.037123E-02  9.358040E-03  7.657961E-02
  2.062180E-02  9.473199E-03  7.583005E-02
  2.087544E-02  9.589776E-03  7.505051E-02
  2.113221E-02  9.707790E-03  7.424063E-02
  2.139214E-02  9.827257E-03  7.340005E-02
  2.165526E-02  9.948196E-03  7.252840E-02
  2.192162E-02  1.007063E-02  7.162535E-02
  2.219126E-02  1.019456E-02  7.069056E-02
  2.246421E-02  1.032003E-02  6.972369E-02
  2.274052E-02  1.044704E-02  6.872444E-02
  2.302023E-02  1.057561E-02  6.769249E-02
  2.330338E-02  1.070577E-02  6.662753E-02
  2.359001E-02  1.083754E-02  6.552930E-02
  2.388016E-02  1.097093E-02  6.439750E-02
  2.417389E-02  1.110596E-02  6.323188E-02
  2.447123E-02  1.124265E-02  6.203218E-02
  2.477223E-02  1.138104E-02  6.079818E-02
  2.507692E-02  1.152112E-02  5.952966E-02
  2.538537E-02  1.166294E-02  5.822639E-02
  2.569761E-02  1.180650E-02  5.688821E-02
  2.601369E-02  1.195183E-02  5.551493E-02
  2.633366E-02  1.209896E-02  5.410640E-02
  2.665756E-02  1.224789E-02  5.266249E-02
  2.698545E-02  1.239867E-02  5.118307E-02
  2.731737E-02  1.255130E-02  4.966806E-02
  2.765338E-02  1.270582E-02  4.811736E-02
  2.799351E-02  1.286224E-02  4.653094E-02
  2.833783E-02  1.302060E-02  4.490875E-02
  2.868639E-02  1.318090E-02  4.325079E-02
  2.903923E-02  1.334319E-02  4.155707E-02
  2.939641E-02  1.350747E-02  3.982763E-02
  2.975799E-02  1.367378E-02  3.806255E-02
  3.012401E-02  1.384215E-02  3.626190E-02
  3.049454E-02  1.401259E-02  3.442581E-02
  3.086962E-02  1.418514E-02  3.255444E-02
  3.124932E-02  1.435981E-02  3.064795E-02
  3.163368E-02  1.453665E-02  2.870656E-02
  3.202278E-02  1.471566E-02  2.673051E-02
  3.241666E-02  1.489689E-02  2.472007E-02
  3.281538E-02  1.508035E-02  2.267555E-02
  3.321901E-02  1.526608E-02  2.059728E-02
  3.362761E-02  1.545411E-02  1.848564E-02
  3.404122E-02  1.564445E-02  1.634104E-02
  3.445993E-02  1.583715E-02  1.416392E-02
  3.488379E-02  1.603223E-02  1.195479E-02
  3.531286E-02  1.622972E-02  9.714144E-03
  3.574721E-02  1.642965E-02  7.442563E-03
  3.618690E-02  1.663205E-02  5.140647E-03
  3.663200E-02  1.683695E-02  2.809041E-03
  3.708257E-02  1.704438E-02  4.484333E-04
  3.753869E-02  1.725438E-02 -1.940446E-03
  3.800041E-02  1.746698E-02 -4.356821E-03
  3.846782E-02  1.768221E-02 -6.799872E-03
  3.894097E-02  1.790010E-02 -9.268734E-03
  3.941995E-02  1.812068E-02 -1.176250E-02
  3.990481E-02  1.834400E-02 -1.428020E-02
  4.039564E-02  1.857007E-02 -1.682083E-02
  4.089251E-02  1.879895E-02 -1.938334E-02
  4.139548E-02  1.903066E-02 -2.196661E-02
  4.190465E-02  1.926524E-02 -2.456951E-02
  4.242008E-02  1.950272E-02 -2.719081E-02
  4.294184E-02  1.974315E-02 -2.982926E-02
  4.347003E-02  1.998655E-02 -3.248355E-02
  4.400471E-02  2.023297E-02 -3.515232E-02
  4.454597E-02  2.048245E-02 -3.783416E-02
  4.509388E-02  2.073502E-02 -4.052758E-02
  4.564854E-02  2.099072E-02 -4.323108E-02
  4.621001E-02  2.124959E-02 -4.594307E-02
  4.677840E-02  2.151167E-02 -4.866192E-02
  4.735377E-02  2.177700E-02 -5.138595E-02
  4.793622E-02  2.204563E-02 -5.411342E-02
  4.852584E-02  2.231759E-02 -5.684252E-02
  4.912271E-02  2.259293E-02 -5.957141E-02
  4.972692E-02  2.287169E-02 -6.229818E-02
  5.033856E-02  2.315391E-02 -6.502087E-02
  5.095772E-02  2.343964E-02 -6.773746E-02
  5.158450E-02  2.372892E-02 -7.044588E-02
  5.221899E-02  2.402180E-02 -7.314401E-02
  5.286128E-02  2.431831E-02 -7.582967E-02
  5.351148E-02  2.461852E-02 -7.850062E-02
  5.416967E-02  2.492247E-02 -8.115458E-02
  5.483596E-02  2.523020E-02 -8.378921E-02
  5.551044E-02  2.554176E-02 -8.640213E-02
  5.619322E-02  2.585720E-02 -8.899089E-02
  5.688439E-02  2.617657E-02 -9.155301E-02
  5.758407E-02  2.649992E-02 -9.408595E-02
  5.829235E-02  2.682731E-02 -9.658713E-02
  5.900935E-02  2.715878E-02 -9.905392E-02
  5.973517E-02  2.749438E-02 -1.014836E-01
  6.046991E-02  2.783418E-02 -1.038736E-01
  6.121369E-02  2.817822E-02 -1.062210E-01
  6.196662E-02  2.852656E-02 -1.085231E-01
  6.272881E-02  2.887925E-02 -1.107771E-01
  6.350037E-02  2.923635E-02 -1.129800E-01
  6.428142E-02  2.959792E-02 -1.151290E-01
  6.507209E-02  2.996401E-02 -1.172212E-01
  6.587247E-02  3.033469E-02 -1.192536E-01
  6.668270E-02  3.071001E-02 -1.212232E-01
  6.750290E-02  3.109004E-02 -1.231271E-01
  6.833319E-02  3.147483E-02 -1.249622E-01
  6.917369E-02  3.186445E-02 -1.267254E-01
  7.002452E-02  3.225896E-02 -1.284138E-01
  7.088582E-02  3.265842E-02 -1.300243E-01
  7.175772E-02  3.306290E-02 -1.315538E-01
  7.264034E-02  3.347247E-02 -1.329993E-01
  7.353382E-02  3.388718E-02 -1.343577E-01
  7.443828E-02  3.430712E-02 -1.356260E-01
  7.535387E-02  3.473235E-02 -1.368011E-01
  7.628072E-02  3.516293E-02 -1.378801E-01
  7.721898E-02  3.559895E-02 -1.388598E-01
  7.816877E-02  3.604046E-02 -1.397374E-01
  7.913025E-02  3.648755E-02 -1.405098E-01
  8.010355E-02  3.694028E-02 -1.411743E-01
  8.108882E-02  3.739874E-02 -1.417278E-01
  8.208621E-02  3.786300E-02 -1.421676E-01
  8.309588E-02  3.833314E-02 -1.424909E-01
  8.411795E-02  3.880923E-02 -1.426950E-01
  8.515261E-02  3.929135E-02 -1.427772E-01
  8.619998E-02  3.977959E-02 -1.427349E-01
  8.726024E-02  4.027403E-02 -1.425656E-01
  8.833354E-02  4.077475E-02 -1.422669E-01
  8.942005E-02  4.128184E-02 -1.418364E-01
  9.051991E-02  4.179538E-02 -1.412718E-01
  9.163331E-02  4.231546E-02 -1.405709E-01
  9.276040E-02  4.284217E-02 -1.397318E-01
  9.390135E-02  4.337560E-02 -1.387524E-01
  9.505634E-02  4.391584E-02 -1.376309E-01
  9.622553E-02  4.446299E-02 -1.363655E-01
  9.740910E-02  4.501713E-02 -1.349548E-01
  9.860724E-02  4.557837E-02 -1.333972E-01
  9.982010E-02  4.614680E-02 -1.316915E-01
  1.010479E-01  4.672252E-02 -1.298364E-01
  1.022908E-01  4.730563E-02 -1.278310E-01
  1.035490E-01  4.789623E-02 -1.256744E-01
  1.048226E-01  4.849444E-02 -1.233660E-01
  1.061119E-01  4.910034E-02 -1.209052E-01
  1.074171E-01  4.971406E-02 -1.182918E-01
  1.087383E-01  5.033570E-02 -1.155256E-01
  1.100758E-01  5.096537E-02 -1.126066E-01
  1.114297E-01  5.160319E-02 -1.095352E-01
  1.128003E-01  5.224926E-02 -1.063118E-01
  1.141878E-01  5.290371E-02 -1.029371E-01
  1.155923E-01  5.356665E-02 -9.941194E-02
  1.170141E-01  5.423820E-02 -9.573753E-02
  1.184533E-01  5.491849E-02 -9.191518E-02
  1.199103E-01  5.560764E-02 -8.794649E-02
  1.213852E-01  5.630578E-02 -8.383328E-02
  1.228783E-01  5.701303E-02 -7.957761E-02
  1.243897E-01  5.772953E-02 -7.518181E-02
  1.259197E-01  5.845541E-02 -7.064843E-02
  1.274685E-01  5.919080E-02 -6.598030E-02
  1.290363E-01  5.993585E-02 -6.118050E-02
  1.306235E-01  6.069069E-02 -5.625237E-02
  1.322301E-01  6.145547E-02 -5.119952E-02
  1.338566E-01  6.223032E-02 -4.602581E-02
  1.355030E-01  6.301541E-02 -4.073539E-02
  1.371697E-01  6.381087E-02 -3.533266E-02
  1.388569E-01  6.461686E-02 -2.982230E-02
  1.405648E-01  6.543353E-02 -2.420926E-02
  1.422938E-01  6.626105E-02 -1.849876E-02
  1.440440E-01  6.709957E-02 -1.269629E-02
  1.458157E-01  6.794926E-02 -6.807604E-03
  1.476093E-01  6.881028E-02 -8.387273E-04
  1.494249E-01  6.968281E-02  5.204051E-03
  1.512628E-01  7.056701E-02  1.131418E-02
  1.531233E-01  7.146306E-02  1.748485E-02
  1.550067E-01  7.237114E-02  2.370900E-02
  1.569133E-01  7.329143E-02  2.997932E-02
  1.588433E-01  7.422412E-02  3.628825E-02
  1.607971E-01  7.516939E-02  4.262799E-02
  1.627749E-01  7.612743E-02  4.899052E-02
  1.647771E-01  7.709843E-02  5.536758E-02
  1.668038E-01  7.808261E-02  6.175071E-02
  1.688555E-01  7.908015E-02  6.813121E-02
  1.709324E-01  8.009126E-02  7.450021E-02
  1.730349E-01  8.111615E-02  8.084864E-02
  1.751632E-01  8.215504E-02  8.716725E-02
  1.773177E-01  8.320813E-02  9.344660E-02
  1.794987E-01  8.427564E-02  9.967713E-02
  1.817066E-01  8.535780E-02  1.058491E-01
  1.839416E-01  8.645484E-02  1.119526E-01
  1.862040E-01  8.756698E-02  1.179777E-01
  1.884943E-01  8.869446E-02  1.239143E-01
  1.908128E-01  8.983751E-02  1.297522E-01
  1.931598E-01  9.099637E-02  1.354812E-01
  1.955357E-01  9.217130E-02  1.410908E-01
  1.979408E-01  9.336253E-02  1.465708E-01
  2.003755E-01  9.457032E-02  1.519108E-01
  2.028401E-01  9.579492E-02  1.571003E-01
  2.053350E-01  9.703660E-02  1.621290E-01
  2.078606E-01  9.829561E-02  1.669864E-01
  2.104173E-01  9.957222E-02  1.716624E-01
  2.130054E-01  1.008667E-01  1.761466E-01
  2.156254E-01  1.021793E-01  1.804290E-01
  2.182776E-01  1.035103E-01  1.844994E-01
  2.209624E-01  1.048601E-01  1.883481E-01
  2.236803E-01  1.062288E-01  1.919652E-01
  2.264315E-01  1.076167E-01  1.953412E-01
  2.292166E-01  1.090242E-01  1.984668E-01
  2.320360E-01  1.104515E-01  2.013329E-01
  2.348900E-01  1.118989E-01  2.039305E-01
  2.377792E-01  1.133668E-01  2.062511E-01
  2.407039E-01  1.148553E-01  2.082864E-01
  2.436645E-01  1.163648E-01  2.100283E-01
  2.466616E-01  1.178956E-01  2.114693E-01
  2.496955E-01  1.194479E-01  2.126019E-01
  2.527668E-01  1.210221E-01  2.134194E-01
  2.558758E-01  1.226184E-01  2.139151E-01
  2.590231E-01  1.242371E-01  2.140831E-01
  2.622091E-01  1.258785E-01  2.139176E-01
  2.654343E-01  1.275429E-01  2.134135E-01
  2.686991E-01  1.292305E-01  2.125662E-01
  2.720041E-01  1.309417E-01  2.113714E-01
  2.753497E-01  1.326766E-01  2.098255E-01
  2.787365E-01  1.344355E-01  2.079255E-01
  2.821650E-01  1.362186E-01  2.056687E-01
  2.856356E-01  1.380262E-01  2.030533E-01
  2.891490E-01  1.398585E-01  2.000779E-01
  2.927055E-01  1.417156E-01  1.967417E-01
  2.963058E-01  1.435979E-01  1.930447E-01
  2.999503E-01  1.455053E-01  1.889873E-01
  3.036397E-01  1.474380E-01  1.845707E-01
  3.073745E-01  1.493963E-01  1.797968E-01
  3.111552E-01  1.513801E-01  1.746681E-01
  3.149824E-01  1.533895E-01  1.691877E-01
  3.188567E-01  1.554245E-01  1.633596E-01
  3.227786E-01  1.574852E-01  1.571883E-01
  3.267488E-01  1.595715E-01  1.506790E-01
  3.307678E-01  1.616833E-01  1.438379E-01
  3.348362E-01  1.638204E-01  1.366715E-01
  3.389547E-01  1.659827E-01  1.291872E-01
  3.431239E-01  1.681700E-01  1.213932E-01
  3.473443E-01  1.703819E-01  1.132981E-01
  3.516166E-01  1.726180E-01  1.049116E-01
  3.559415E-01  1.748780E-01  9.624386E-02
  3.603196E-01  1.771613E-01  8.730567E-02
  3.647515E-01  1.794673E-01  7.810861E-02
  3.692380E-01  1.817953E-01  6.866492E-02
  3.737796E-01  1.841446E-01  5.898745E-02
  3.783771E-01  1.865142E-01  4.908973E-02
  3.830311E-01  1.889031E-01  3.898589E-02
  3.877424E-01  1.913103E-01  2.869067E-02
  3.925116E-01  1.937344E-01  1.821941E-02
  3.973395E-01  1.961741E-01  7.588004E-03
  4.022268E-01  1.986278E-01 -3.187108E-03
  4.071742E-01  2.010938E-01 -1.408897E-02
  4.121824E-01  2.035703E-01 -2.510012E-02
  4.172523E-01  2.060552E-01 -3.620265E-02
  4.223845E-01  2.085463E-01 -4.737821E-02
  4.275798E-01  2.110411E-01 -5.860803E-02
  4.328391E-01  2.135369E-01 -6.987300E-02
  4.381630E-01  2.160309E-01 -8.115365E-02
  4.435524E-01  2.185200E-01 -9.243020E-02
  4.490081E-01  2.210006E-01 -1.036826E-01
  4.545309E-01  2.234693E-01 -1.148907E-01
  4.601216E-01  2.259220E-01 -1.260339E-01
  4.657811E-01  2.283545E-01 -1.370917E-01
  4.715102E-01  2.307623E-01 -1.480434E-01
  4.773098E-01  2.331404E-01 -1.588681E-01
  4.831807E-01  2.354837E-01 -1.695453E-01
  4.891238E-01  2.377866E-01 -1.800540E-01
  4.951400E-01  2.400432E-01 -1.903736E-01
  5.012303E-01  2.422471E-01 -2.004836E-01
  5.073954E-01  2.443917E-01 -2.103636E-01
  5.136364E-01  2.464698E-01 -2.199933E-01
  5.199541E-01  2.484740E-01 -2.293529E-01
  5.263495E-01  2.503963E-01 -2.384227E-01
  5.328236E-01  2.522284E-01 -2.471833E-01
  5.393773E-01  2.539613E-01 -2.556159E-01
  5.460117E-01  2.555861E-01 -2.637017E-01
  5.527276E-01  2.570928E-01 -2.714227E-01
  5.595262E-01  2.584715E-01 -2.787610E-01
  5.664084E-01  2.597117E-01 -2.856993E-01
  5.733752E-01  2.608023E-01 -2.922206E-01
  5.804277E-01  2.617320E-01 -2.983088E-01
  5.875670E-01  2.624890E-01 -3.039478E-01
  5.947940E-01  2.630613E-01 -3.091224E-01
  6.021100E-01  2.634363E-01 -3.138179E-01
  6.095159E-01  2.636012E-01 -3.180203E-01
  6.170130E-01  2.635430E-01 -3.217163E-01
  6.246023E-01  2.632483E-01 -3.248935E-01
  6.322849E-01  2.627036E-01 -3.275402E-01
  6.400620E-01  2.618953E-01 -3.296456E-01
  6.479347E-01  2.608097E-01 -3.312001E-01
  6.559043E-01  2.594329E-01 -3.321948E-01
  6.639719E-01  2.577513E-01 -3.326220E-01
  6.721388E-01  2.557513E-01 -3.324748E-01
  6.804061E-01  2.534195E-01 -3.317475E-01
  6.887751E-01  2.507430E-01 -3.304355E-01
  6.972470E-01  2.477090E-01 -3.285351E-01
  7.058232E-01  2.443054E-01 -3.260438E-01
  7.145048E-01  2.405206E-01 -3.229601E-01
  7.232932E-01  2.363437E-01 -3.192836E-01
  7.321897E-01  2.317645E-01 -3.150149E-01
  7.411957E-01  2.267738E-01 -3.101558E-01
  7.503124E-01  2.213634E-01 -3.047091E-01
  7.595412E-01  2.155262E-01 -2.986787E-01
  7.688836E-01  2.092563E-01 -2.920695E-01
  7.783408E-01  2.025491E-01 -2.848875E-01
  7.879144E-01  1.954015E-01 -2.771397E-01
  7.976058E-01  1.878118E-01 -2.688340E-01
  8.074163E-01  1.797800E-01 -2.599795E-01
  8.173475E-01  1.713081E-01 -2.505862E-01
  8.274009E-01  1.623995E-01 -2.406650E-01
  8.375779E-01  1.530599E-01 -2.302277E-01
  8.478802E-01  1.432967E-01 -2.192870E-01
  8.583091E-01  1.331194E-01 -2.078565E-01
  8.688663E-01  1.225397E-01 -1.959506E-01
  8.795533E-01  1.115709E-01 -1.835845E-01
  8.903718E-01  1.002288E-01 -1.707740E-01
  9.013234E-01  8.853088E-02 -1.575358E-01
  9.124097E-01  7.649637E-02 -1.438872E-01
  9.236323E-01  6.414639E-02 -1.298460E-01
  9.349930E-01  5.150356E-02 -1.154307E-01
  9.464934E-01  3.859186E-02 -1.006603E-01
  9.581353E-01  2.543649E-02 -8.555432E-02
  9.699204E-01  1.206354E-02 -7.013263E-02
  9.818504E-01 -1.500207E-03 -5.441558E-02
  9.939271E-01 -1.522760E-02 -3.842386E-02
  1.006152E+00 -2.909141E-02 -2.217843E-02
  1.018528E+00 -4.306463E-02 -5.700567E-03
  1.031056E+00 -5.712083E-02  1.098827E-02
  1.043738E+00 -7.123451E-02  2.786642E-02
  1.056576E+00 -8.538136E-02  4.491212E-02
  1.069572E+00 -9.953868E-02  6.210347E-02
  1.082728E+00 -1.136857E-01  7.941856E-02
  1.096045E+00 -1.278036E-01  9.683544E-02
  1.109526E+00 -1.418764E-01  1.143322E-01
  1.123174E+00 -1.558906E-01  1.318871E-01
  1.136989E+00 -1.698357E-01  1.494782E-01
  1.150974E+00 -1.837042E-01  1.670841E-01
  1.165131E+00 -1.974919E-01  1.846833E-01
  1.179462E+00 -2.111978E-01  2.022545E-01
  1.193969E+00 -2.248245E-01  2.197770E-01
  1.208655E+00 -2.383776E-01  2.372299E-01
  1.223521E+00 -2.518658E-01  2.545928E-01
  1.238571E+00 -2.653011E-01  2.718458E-01
  1.253805E+00 -2.786981E-01  2.889692E-01
  1.269227E+00 -2.920738E-01  3.059436E-01
  1.284838E+00 -3.054475E-01  3.227502E-01
  1.300642E+00 -3.188399E-01  3.393704E-01
  1.316640E+00 -3.322732E-01  3.557864E-01
  1.332835E+00 -3.457699E-01  3.719806E-01
  1.349228E+00 -3.593527E-01  3.879360E-01
  1.365824E+00 -3.730434E-01  4.036360E-01
  1.382624E+00 -3.868625E-01  4.190648E-01
  1.399630E+00 -4.008281E-01  4.342067E-01
  1.416845E+00 -4.149553E-01  4.490471E-01
  1.434272E+00 -4.292553E-01  4.635716E-01
  1.451914E+00 -4.437343E-01  4.777664E-01
  1.469773E+00 -4.583926E-01  4.916185E-01
  1.487851E+00 -4.732240E-01  5.051153E-01
  1.506151E+00 -4.882146E-01  5.182448E-01
  1.524677E+00 -5.033420E-01  5.309958E-01
  1.543430E+00 -5.185747E-01  5.433575E-01
  1.562415E+00 -5.338713E-01  5.553199E-01
  1.581632E+00 -5.491804E-01  5.668736E-01
  1.601086E+00 -5.644399E-01  5.780096E-01
  1.620780E+00 -5.795778E-01  5.887198E-01
  1.640715E+00 -5.945123E-01  5.989966E-01
  1.660896E+00 -6.091531E-01  6.088330E-01
  1.681325E+00 -6.234023E-01  6.182227E-01
  1.702006E+00 -6.371569E-01  6.271599E-01
  1.722940E+00 -6.503106E-01  6.356396E-01
  1.744132E+00 -6.627568E-01  6.436572E-01
  1.765585E+00 -6.743914E-01  6.512088E-01
  1.787302E+00 -6.851168E-01  6.582911E-01
  1.809286E+00 -6.948444E-01  6.649014E-01
  1.831540E+00 -7.034992E-01  6.710376E-01
  1.854068E+00 -7.110222E-01  6.766979E-01
  1.876873E+00 -7.173741E-01  6.818816E-01
  1.899958E+00 -7.225375E-01  6.865880E-01
  1.923328E+00 -7.265182E-01  6.908173E-01
  1.946985E+00 -7.293466E-01  6.945701E-01
  1.970933E+00 -7.310765E-01  6.978476E-01
  1.995175E+00 -7.317844E-01  7.006515E-01
  2.019716E+00 -7.315663E-01  7.029838E-01
  2.044558E+00 -7.305341E-01  7.048474E-01
  2.069706E+00 -7.288109E-01  7.062453E-01
  2.095164E+00 -7.265253E-01  7.071812E-01
  2.120934E+00 -7.238053E-01  7.076592E-01
  2.147022E+00 -7.207718E-01  7.076838E-01
  2.173430E+00 -7.175320E-01  7.072600E-01
  2.200163E+00 -7.141737E-01  7.063934E-01
  2.227225E+00 -7.107597E-01  7.050896E-01
  2.254620E+00 -7.073246E-01  7.033551E-01
  2.282352E+00 -7.038730E-01  7.011966E-01
  2.310425E+00 -7.003808E-01  6.986210E-01
  2.338843E+00 -6.967989E-01  6.956359E-01
  2.367611E+00 -6.930620E-01  6.922491E-01
  2.396733E+00 -6.890984E-01  6.884689E-01
  2.426213E+00 -6.848435E-01  6.843039E-01
  2.456055E+00 -6.802514E-01  6.797629E-01
  2.486264E+00 -6.753024E-01  6.748552E-01
  2.516845E+00 -6.699991E-01  6.695905E-01
  2.547803E+00 -6.643523E-01  6.639787E-01
  2.579141E+00 -6.583713E-01  6.580299E-01
  2.610864E+00 -6.520662E-01  6.517548E-01
  2.642978E+00 -6.454477E-01  6.451641E-01
  2.675486E+00 -6.385267E-01  6.382688E-01
  2.708395E+00 -6.313144E-01  6.310804E-01
  2.741708E+00 -6.238221E-01  6.236103E-01
  2.775431E+00 -6.160616E-01  6.158705E-01
  2.809569E+00 -6.080447E-01  6.078728E-01
  2.844127E+00 -5.997836E-01  5.996295E-01
  2.879109E+00 -5.912904E-01  5.911530E-01
  2.914522E+00 -5.825777E-01  5.824558E-01
  2.950371E+00 -5.736581E-01  5.735507E-01
  2.986661E+00 -5.645443E-01  5.644504E-01
  3.023396E+00 -5.552491E-01  5.551679E-01
  3.060584E+00 -5.457856E-01  5.457162E-01
  3.098229E+00 -5.361668E-01  5.361083E-01
  3.136338E+00 -5.264056E-01  5.263575E-01
  3.174915E+00 -5.165153E-01  5.164767E-01
  3.213966E+00 -5.065088E-01  5.064793E-01
  3.253498E+00 -4.963994E-01  4.963782E-01
  3.293516E+00 -4.861999E-01  4.861865E-01
  3.334026E+00 -4.759235E-01  4.759173E-01
  3.375035E+00 -4.655828E-01  4.655833E-01
  3.416548E+00 -4.551908E-01  4.551975E-01
  3.458571E+00 -4.447598E-01  4.447723E-01
  3.501112E+00 -4.343025E-01  4.343202E-01
  3.544175E+00 -4.238310E-01  4.238535E-01
  3.587769E+00 -4.133572E-01  4.133842E-01
  3.631898E+00 -4.028930E-01  4.029240E-01
  3.676570E+00 -3.924498E-01  3.924844E-01
  3.721792E+00 -3.820389E-01  3.820767E-01
  3.767570E+00 -3.716711E-01  3.717118E-01
  3.813911E+00 -3.613569E-01  3.614002E-01
  3.860823E+00 -3.511067E-01  3.511522E-01
  3.908311E+00 -3.409302E-01  3.409776E-01
  3.956383E+00 -3.308370E-01  3.308859E-01
  4.005046E+00 -3.208361E-01  3.208863E-01
  4.054308E+00 -3.109363E-01  3.109875E-01
  4.104176E+00 -3.011458E-01  3.011978E-01
  4.154658E+00 -2.914725E-01  2.915251E-01
  4.205760E+00 -2.819239E-01  2.819768E-01
  4.257491E+00 -2.725070E-01  2.725600E-01
  4.309858E+00 -2.632285E-01  2.632814E-01
  4.362869E+00 -2.540946E-01  2.541472E-01
  4.416533E+00 -2.451109E-01  2.451631E-01
  4.470856E+00 -2.362829E-01  2.363346E-01
  4.525848E+00 -2.276156E-01  2.276665E-01
  4.581515E+00 -2.191134E-01  2.191635E-01
  4.637868E+00 -2.107804E-01  2.108296E-01
  4.694914E+00 -2.026204E-01  2.026685E-01
  4.752661E+00 -1.946366E-01  1.946837E-01
  4.811119E+00 -1.868321E-01  1.868780E-01
  4.870296E+00 -1.792094E-01  1.792541E-01
  4.930200E+00 -1.717706E-01  1.718140E-01
  4.990842E+00 -1.645176E-01  1.645597E-01
  5.052229E+00 -1.574519E-01  1.574926E-01
  5.114372E+00 -1.505745E-01  1.506139E-01
  5.177278E+00 -1.438864E-01  1.439244E-01
  5.240959E+00 -1.373879E-01  1.374245E-01
  5.305423E+00 -1.310793E-01  1.311145E-01
  5.370679E+00 -1.249604E-01  1.249942E-01
  5.436739E+00 -1.190307E-01  1.190632E-01
  5.503611E+00 -1.132896E-01  1.133207E-01
  5.571305E+00 -1.077361E-01  1.077659E-01
  5.639832E+00 -1.023690E-01  1.023974E-01
  5.709202E+00 -9.718670E-02  9.721386E-02
  5.779425E+00 -9.218753E-02  9.221343E-02
  5.850512E+00 -8.736952E-02  8.739419E-02
  5.922474E+00 -8.273048E-02  8.275395E-02
  5.995320E+00 -7.826804E-02  7.829034E-02
  6.069062E+00 -7.397960E-02  7.400076E-02
  6.143712E+00 -6.986238E-02  6.988245E-02
  6.219279E+00 -6.591344E-02  6.593245E-02
  6.295777E+00 -6.212966E-02  6.214764E-02
  6.373215E+00 -5.850779E-02  5.852478E-02
  6.451605E+00 -5.504440E-02  5.506044E-02
  6.530960E+00 -5.173596E-02  5.175108E-02
  6.611291E+00 -4.857882E-02  4.859307E-02
  6.692610E+00 -4.556922E-02  4.558263E-02
  6.774929E+00 -4.270330E-02  4.271590E-02
  6.858260E+00 -3.997713E-02  3.998895E-02
  6.942617E+00 -3.738669E-02  3.739778E-02
  7.028011E+00 -3.492792E-02  3.493831E-02
  7.114456E+00 -3.259670E-02  3.260642E-02
  7.201964E+00 -3.038888E-02  3.039797E-02
  7.290548E+00 -2.830029E-02  2.830877E-02
  7.380221E+00 -2.632674E-02  2.633465E-02
  7.470998E+00 -2.446403E-02  2.447140E-02
  7.562891E+00 -2.270799E-02  2.271485E-02
  7.655915E+00 -2.105445E-02  2.106082E-02
  7.750083E+00 -1.949926E-02  1.950517E-02
  7.845409E+00 -1.803833E-02  1.804382E-02
  7.941907E+00 -1.666761E-02  1.667268E-02
  8.039593E+00 -1.538308E-02  1.538778E-02
  8.138480E+00 -1.418082E-02  1.418515E-02
  8.238583E+00 -1.305694E-02  1.306095E-02
  8.339918E+00 -1.200767E-02  1.201136E-02
  8.442499E+00 -1.102928E-02  1.103268E-02
  8.546341E+00 -1.011816E-02  1.012128E-02
  8.651461E+00 -9.270776E-03  9.273639E-03
  8.757874E+00 -8.483692E-03  8.486317E-03
  8.865596E+00 -7.753581E-03  7.755984E-03
  8.974643E+00 -7.077217E-03  7.079415E-03
  9.085031E+00 -6.451484E-03  6.453491E-03
  9.196777E+00 -5.873374E-03  5.875205E-03
  9.309897E+00 -5.339992E-03  5.341659E-03
  9.424409E+00 -4.848555E-03  4.850071E-03
  9.540329E+00 -4.396395E-03  4.397772E-03
  9.657675E+00 -3.980956E-03  3.982205E-03
  9.776465E+00 -3.599798E-03  3.600929E-03
  9.896715E+00 -3.250592E-03  3.251615E-03
  1.001844E+01 -2.931122E-03  2.932046E-03
  1.014167E+01 -2.639283E-03  2.640116E-03
  1.026641E+01 -2.373077E-03  2.373827E-03
  1.039269E+01 -2.130614E-03  2.131289E-03
  1.052052E+01 -1.910108E-03  1.910714E-03
  1.064992E+01 -1.709876E-03  1.710419E-03
  1.078092E+01 -1.528331E-03  1.528817E-03
  1.091352E+01 -1.363984E-03  1.364419E-03
  1.104776E+01 -1.215439E-03  1.215827E-03
  1.118365E+01 -1.081388E-03  1.081734E-03
  1.132121E+01 -9.606105E-04  9.609177E-04
  1.146046E+01 -8.519664E-04  8.522392E-04
  1.160142E+01 -7.543963E-04  7.546382E-04
  1.174412E+01 -6.669155E-04  6.671296E-04
  1.188857E+01 -5.886109E-04  5.888002E-04
  1.203480E+01 -5.186378E-04  5.188048E-04
  1.218283E+01 -4.562156E-04  4.563627E-04
  1.233268E+01 -4.006251E-04  4.007544E-04
  1.248437E+01 -3.512043E-04  3.513178E-04
  1.263793E+01 -3.073453E-04  3.074448E-04
  1.279337E+01 -2.684912E-04  2.685782E-04
  1.295073E+01 -2.341323E-04  2.342083E-04
  1.311003E+01 -2.038035E-04  2.038698E-04
  1.327128E+01 -1.770811E-04  1.771387E-04
  1.343452E+01 -1.535797E-04  1.536297E-04
  1.359976E+01 -1.329496E-04  1.329930E-04
  1.376704E+01 -1.148743E-04  1.149119E-04
  1.393637E+01 -9.906764E-05  9.910007E-05
  1.410779E+01 -8.527153E-05  8.529948E-05
  1.428131E+01 -7.325376E-05  7.327781E-05
  1.445697E+01 -6.280577E-05  6.282641E-05
  1.463480E+01 -5.374065E-05  5.375834E-05
  1.481480E+01 -4.589124E-05  4.590637E-05
  1.499703E+01 -3.910839E-05  3.912130E-05
  1.518149E+01 -3.325928E-05  3.327028E-05
  1.536822E+01 -2.822591E-05  2.823526E-05
  1.555725E+01 -2.390366E-05  2.391159E-05
  1.574860E+01 -2.020001E-05  2.020672E-05
  1.594231E+01 -1.703327E-05  1.703894E-05
  1.613840E+01 -1.433154E-05  1.433632E-05
  1.633691E+01 -1.203164E-05  1.203565E-05
  1.653785E+01 -1.007817E-05  1.008154E-05
  1.674126E+01 -8.422727E-06  8.425546E-06
  1.694718E+01 -7.023046E-06  7.025400E-06
  1.715563E+01 -5.842359E-06  5.844320E-06
  1.736665E+01 -4.848738E-06  4.850369E-06
  1.758026E+01 -4.014529E-06  4.015882E-06
  1.779649E+01 -3.315840E-06  3.316959E-06
  1.801539E+01 -2.732076E-06  2.733000E-06
  1.823698E+01 -2.245533E-06  2.246294E-06
  1.846129E+01 -1.841030E-06  1.841654E-06
  1.868837E+01 -1.505579E-06  1.506090E-06
  1.891824E+01 -1.228101E-06  1.228519E-06
  1.915093E+01 -9.991698E-07  9.995105E-07
  1.938649E+01 -8.107843E-07  8.110613E-07
  1.962494E+01 -6.561730E-07  6.563976E-07
  1.986633E+01 -5.296199E-07  5.298015E-07
  2.011068E+01 -4.263134E-07  4.264599E-07
  2.035804E+01 -3.422141E-07  3.423319E-07
  2.060845E+01 -2.739407E-07  2.740352E-07
  2.086193E+01 -2.186705E-07  2.187460E-07
  2.111853E+01 -1.740539E-07  1.741141E-07
  2.137829E+01 -1.381408E-07  1.381887E-07
  2.164124E+01 -1.093175E-07  1.093555E-07
  2.190743E+01 -8.625239E-08  8.628243E-08
  2.217689E+01 -6.785013E-08  6.787382E-08
  2.244967E+01 -5.321235E-08  5.323096E-08
  2.272580E+01 -4.160447E-08  4.161906E-08
  2.300533E+01 -3.242778E-08  3.243917E-08
  2.328829E+01 -2.519575E-08  2.520462E-08
  2.357474E+01 -1.951433E-08  1.952121E-08
  2.386471E+01 -1.506533E-08  1.507066E-08
  2.415824E+01 -1.159273E-08  1.159684E-08
  2.445539E+01 -8.891118E-09  8.894277E-09
  2.475619E+01 -6.796311E-09  6.798731E-09
  2.506069E+01 -5.177489E-09  5.179337E-09
  2.536894E+01 -3.930759E-09  3.932165E-09
  2.568098E+01 -2.973902E-09  2.974968E-09
  2.599685E+01 -2.242080E-09  2.242886E-09
  2.631661E+01 -1.684345E-09  1.684952E-09
  2.664031E+01 -1.260804E-09  1.261260E-09
  2.696798E+01 -9.403324E-10  9.406729E-10
  2.729969E+01 -6.987356E-10  6.989893E-10
  2.763548E+01 -5.172760E-10  5.174642E-10
  2.797539E+01 -3.814957E-10  3.816349E-10
  2.831949E+01 -2.802817E-10  2.803842E-10
  2.866782E+01 -2.051242E-10  2.051995E-10
  2.902043E+01 -1.495325E-10  1.495875E-10
  2.937739E+01 -1.085749E-10  1.086150E-10
  2.973873E+01 -7.851955E-11  7.854859E-11
  3.010451E+01 -5.655338E-11  5.657436E-11
  3.047480E+01 -4.056487E-11  4.057996E-11
  3.084964E+01 -2.897546E-11  2.898627E-11
  3.122909E+01 -2.060995E-11  2.061765E-11
  3.161321E+01 -1.459712E-11  1.460259E-11
  3.200205E+01 -1.029385E-11  1.029773E-11
  3.239568E+01 -7.227472E-12  7.230199E-12
  3.279414E+01 -5.052065E-12  5.053977E-12
  3.319751E+01 -3.515618E-12  3.516952E-12
  3.360584E+01 -2.435345E-12  2.436272E-12
  3.401919E+01 -1.679272E-12  1.679913E-12
  3.443763E+01 -1.152547E-12  1.152989E-12
  3.486121E+01 -7.873145E-13  7.876171E-13
  3.529000E+01 -5.352596E-13  5.354660E-13
  3.572407E+01 -3.621444E-13  3.622844E-13
  3.616348E+01 -2.438226E-13  2.439173E-13
  3.660829E+01 -1.633485E-13  1.634121E-13
  3.705857E+01 -1.088875E-13  1.089301E-13
  3.751439E+01 -7.221648E-14  7.224479E-14
  3.797582E+01 -4.764994E-14  4.766868E-14
  3.844292E+01 -3.127724E-14  3.128958E-14
  3.891577E+01 -2.042239E-14  2.043048E-14
  3.939443E+01 -1.326382E-14  1.326909E-14
  3.987898E+01 -8.568119E-15  8.571537E-15
  4.036949E+01 -5.504633E-15  5.506836E-15
  4.086604E+01 -3.516961E-15  3.518374E-15
  4.136869E+01 -2.234464E-15  2.235365E-15
  4.187753E+01 -1.411612E-15  1.412184E-15
  4.239262E+01 -8.866725E-16  8.870326E-16
  4.291405E+01 -5.537143E-16  5.539400E-16
  4.344189E+01 -3.437569E-16  3.438976E-16
  4.397623E+01 -2.121430E-16  2.122301E-16
  4.451714E+01 -1.301323E-16  1.301859E-16
  4.506470E+01 -7.933917E-17  7.937200E-17
  4.561899E+01 -4.807330E-17  4.809326E-17
  4.618011E+01 -2.894657E-17  2.895862E-17
  4.674812E+01 -1.731994E-17  1.732714E-17
  4.732312E+01  0.000000E+00  2.793308E-13
  4.790520E+01  0.000000E+00  1.860051E-13
  4.849443E+01  0.000000E+00  1.232153E-13
  4.909091E+01  0.000000E+00  8.119141E-14
  4.969473E+01  0.000000E+00  5.321486E-14
  5.030598E+01  0.000000E+00  3.469000E-14
  5.092474E+01  0.000000E+00  2.249029E-14
  5.155111E+01  0.000000E+00  1.450026E-14
  5.218519E+01  0.000000E+00  9.296436E-15
  5.282707E+01  0.000000E+00  5.926347E-15
  5.347684E+01  0.000000E+00  3.756273E-15
  5.413461E+01  0.000000E+00  2.366991E-15
  5.480046E+01  0.000000E+00  1.482780E-15
  5.547451E+01  0.000000E+00  9.233556E-16
  5.615685E+01  0.000000E+00  5.715707E-16
  5.684758E+01  0.000000E+00  0.000000E+00
  5.754680E+01  0.000000E+00  0.000000E+00
  5.825463E+01  0.000000E+00  0.000000E+00
  5.897116E+01  0.000000E+00  0.000000E+00
  5.969650E+01  0.000000E+00  0.000000E+00
  6.043077E+01  0.000000E+00  0.000000E+00
  6.117407E+01  0.000000E+00  0.000000E+00
  6.192651E+01  0.000000E+00  0.000000E+00
  6.268821E+01  0.000000E+00  0.000000E+00
  6.345927E+01  0.000000E+00  0.000000E+00
  6.423982E+01  0.000000E+00  0.000000E+00
  6.502997E+01  0.000000E+00  0.000000E+00
  6.582984E+01  0.000000E+00  0.000000E+00
  6.663955E+01  0.000000E+00  0.000000E+00
  6.745921E+01  0.000000E+00  0.000000E+00
  6.828896E+01  0.000000E+00  0.000000E+00
  6.912891E+01  0.000000E+00  0.000000E+00
  6.997920E+01  0.000000E+00  0.000000E+00
  7.083994E+01  0.000000E+00  0.000000E+00
  7.171128E+01  0.000000E+00  0.000000E+00
  7.259332E+01  0.000000E+00  0.000000E+00
  7.348622E+01  0.000000E+00  0.000000E+00
  7.439010E+01  0.000000E+00  0.000000E+00
  7.530510E+01  0.000000E+00  0.000000E+00
  7.623135E+01  0.000000E+00  0.000000E+00
  7.716900E+01  0.000000E+00  0.000000E+00
  7.811818E+01  0.000000E+00  0.000000E+00
