  1.275510E-04  8.042343E-09  6.237216E-06
  1.291199E-04  8.241401E-09  6.361728E-06
  1.307081E-04  8.445387E-09  6.488719E-06
  1.323158E-04  8.654421E-09  6.618238E-06
  1.339433E-04  8.868629E-09  6.750453E-06
  1.355908E-04  9.088139E-09  6.885661E-06
  1.372585E-04  9.313082E-09  7.023859E-06
  1.389468E-04  9.543593E-09  7.165120E-06
  1.406559E-04  9.779809E-09  7.309508E-06
  1.423859E-04  1.002187E-08  7.457086E-06
  1.441373E-04  1.026993E-08  7.607920E-06
  1.459102E-04  1.052412E-08  7.762075E-06
  1.477049E-04  1.078461E-08  7.919621E-06
  1.495216E-04  1.105154E-08  8.080628E-06
  1.513607E-04  1.132508E-08  8.245166E-06
  1.532225E-04  1.160539E-08  8.413308E-06
  1.551071E-04  1.189264E-08  8.585129E-06
  1.570149E-04  1.218700E-08  8.760705E-06
  1.589462E-04  1.248864E-08  8.940114E-06
  1.609013E-04  1.279775E-08  9.123436E-06
  1.628803E-04  1.311451E-08  9.310751E-06
  1.648838E-04  1.343911E-08  9.502144E-06
  1.669118E-04  1.377175E-08  9.697698E-06
  1.689649E-04  1.411261E-08  9.897502E-06
  1.710431E-04  1.446192E-08  1.010164E-05
  1.731470E-04  1.481987E-08  1.031021E-05
  1.752767E-04  1.518668E-08  1.052330E-05
  1.774326E-04  1.556257E-08  1.074101E-05
  1.796150E-04  1.594777E-08  1.096343E-05
  1.818243E-04  1.634249E-08  1.119065E-05
  1.840607E-04  1.674699E-08  1.142280E-05
  1.863246E-04  1.716150E-08  1.165995E-05
  1.886164E-04  1.758627E-08  1.190223E-05
  1.909364E-04  1.802155E-08  1.214974E-05
  1.932849E-04  1.846761E-08  1.240259E-05
  1.956623E-04  1.892471E-08  1.266089E-05
  1.980690E-04  1.939312E-08  1.292476E-05
  2.005052E-04  1.987312E-08  1.319431E-05
  2.029714E-04  2.036501E-08  1.346967E-05
  2.054680E-04  2.086907E-08  1.375096E-05
  2.079952E-04  2.138561E-08  1.403830E-05
  2.105536E-04  2.191493E-08  1.433183E-05
  2.131434E-04  2.245735E-08  1.463166E-05
  2.157651E-04  2.301320E-08  1.493795E-05
  2.184190E-04  2.358280E-08  1.525082E-05
  2.211055E-04  2.416651E-08  1.557041E-05
  2.238251E-04  2.476466E-08  1.589687E-05
  2.265782E-04  2.537762E-08  1.623035E-05
  2.293651E-04  2.600575E-08  1.657098E-05
  2.321863E-04  2.664942E-08  1.691894E-05
  2.350422E-04  2.730903E-08  1.727436E-05
  2.379332E-04  2.798496E-08  1.763741E-05
  2.408598E-04  2.867763E-08  1.800826E-05
  2.438223E-04  2.938744E-08  1.838707E-05
  2.468214E-04  3.011481E-08  1.877401E-05
  2.498573E-04  3.086019E-08  1.916925E-05
  2.529305E-04  3.162402E-08  1.957297E-05
  2.560415E-04  3.240676E-08  1.998535E-05
  2.591909E-04  3.320887E-08  2.040659E-05
  2.623789E-04  3.403083E-08  2.083686E-05
  2.656062E-04  3.487314E-08  2.127636E-05
  2.688731E-04  3.573629E-08  2.172529E-05
  2.721803E-04  3.662081E-08  2.218385E-05
  2.755281E-04  3.752722E-08  2.265224E-05
  2.789171E-04  3.845607E-08  2.313069E-05
  2.823478E-04  3.940791E-08  2.361940E-05
  2.858206E-04  4.038331E-08  2.411859E-05
  2.893362E-04  4.138284E-08  2.462850E-05
  2.928951E-04  4.240712E-08  2.514934E-05
  2.964977E-04  4.345675E-08  2.568136E-05
  3.001446E-04  4.453237E-08  2.622480E-05
  3.038364E-04  4.563460E-08  2.677990E-05
  3.075736E-04  4.676411E-08  2.734691E-05
  3.113567E-04  4.792159E-08  2.792608E-05
  3.151864E-04  4.910771E-08  2.851769E-05
  3.190632E-04  5.032319E-08  2.912200E-05
  3.229877E-04  5.156875E-08  2.973928E-05
  3.269604E-04  5.284514E-08  3.036982E-05
  3.309820E-04  5.415313E-08  3.101389E-05
  3.350531E-04  5.549349E-08  3.167179E-05
  3.391743E-04  5.686702E-08  3.234382E-05
  3.433461E-04  5.827456E-08  3.303029E-05
  3.475693E-04  5.971693E-08  3.373150E-05
  3.518444E-04  6.119500E-08  3.444778E-05
  3.561720E-04  6.270965E-08  3.517944E-05
  3.605530E-04  6.426180E-08  3.592684E-05
  3.649878E-04  6.585236E-08  3.669029E-05
  3.694771E-04  6.748229E-08  3.747016E-05
  3.740217E-04  6.915257E-08  3.826679E-05
  3.786221E-04  7.086418E-08  3.908055E-05
  3.832792E-04  7.261816E-08  3.991181E-05
  3.879935E-04  7.441555E-08  4.076096E-05
  3.927659E-04  7.625744E-08  4.162837E-05
  3.975969E-04  7.814491E-08  4.251444E-05
  4.024873E-04  8.007909E-08  4.341958E-05
  4.074379E-04  8.206115E-08  4.434421E-05
  4.124494E-04  8.409227E-08  4.528873E-05
  4.175225E-04  8.617367E-08  4.625360E-05
  4.226581E-04  8.830658E-08  4.723925E-05
  4.278567E-04  9.049228E-08  4.824612E-05
  4.331194E-04  9.273208E-08  4.927469E-05
  4.384468E-04  9.502732E-08  5.032542E-05
  4.438396E-04  9.737937E-08  5.139880E-05
  4.492989E-04  9.978963E-08  5.249531E-05
  4.548253E-04  1.022596E-07  5.361547E-05
  4.604196E-04  1.047906E-07  5.475978E-05
  4.660828E-04  1.073843E-07  5.592877E-05
  4.718156E-04  1.100422E-07  5.712298E-05
  4.776189E-04  1.127659E-07  5.834296E-05
  4.834936E-04  1.155570E-07  5.958927E-05
  4.894406E-04  1.184172E-07  6.086248E-05
  4.954607E-04  1.213482E-07  6.216318E-05
  5.015549E-04  1.243517E-07  6.349198E-05
  5.077240E-04  1.274296E-07  6.484947E-05
  5.139690E-04  1.305836E-07  6.623630E-05
  5.202908E-04  1.338157E-07  6.765309E-05
  5.266904E-04  1.371278E-07  6.910050E-05
  5.331687E-04  1.405219E-07  7.057921E-05
  5.397267E-04  1.440000E-07  7.208990E-05
  5.463653E-04  1.475642E-07  7.363326E-05
  5.530856E-04  1.512166E-07  7.521000E-05
  5.598886E-04  1.549594E-07  7.682087E-05
  5.667752E-04  1.587949E-07  7.846659E-05
  5.737465E-04  1.627252E-07  8.014795E-05
  5.808036E-04  1.667529E-07  8.186571E-05
  5.879475E-04  1.708802E-07  8.362068E-05
  5.951792E-04  1.751098E-07  8.541366E-05
  6.025000E-04  1.794439E-07  8.724549E-05
  6.099107E-04  1.838854E-07  8.911702E-05
  6.174126E-04  1.884368E-07  9.102913E-05
  6.250068E-04  1.931009E-07  9.298269E-05
  6.326944E-04  1.978804E-07  9.497862E-05
  6.404765E-04  2.027782E-07  9.701785E-05
  6.483544E-04  2.077972E-07  9.910132E-05
  6.563291E-04  2.129404E-07  1.012300E-04
  6.644020E-04  2.182110E-07  1.034049E-04
  6.725741E-04  2.236120E-07  1.056270E-04
  6.808468E-04  2.291467E-07  1.078974E-04
  6.892212E-04  2.348183E-07  1.102171E-04
  6.976986E-04  2.406304E-07  1.125872E-04
  7.062803E-04  2.465863E-07  1.150088E-04
  7.149676E-04  2.526897E-07  1.174830E-04
  7.237617E-04  2.589440E-07  1.200111E-04
  7.326639E-04  2.653532E-07  1.225941E-04
  7.416757E-04  2.719211E-07  1.252333E-04
  7.507983E-04  2.786515E-07  1.279299E-04
  7.600331E-04  2.855485E-07  1.306852E-04
  7.693815E-04  2.926162E-07  1.335005E-04
  7.788449E-04  2.998588E-07  1.363771E-04
  7.884247E-04  3.072807E-07  1.393163E-04
  7.981223E-04  3.148863E-07  1.423195E-04
  8.079392E-04  3.226801E-07  1.453882E-04
  8.178769E-04  3.306669E-07  1.485237E-04
  8.279368E-04  3.388513E-07  1.517276E-04
  8.381204E-04  3.472383E-07  1.550013E-04
  8.484293E-04  3.558329E-07  1.583464E-04
  8.588650E-04  3.646402E-07  1.617645E-04
  8.694290E-04  3.736656E-07  1.652571E-04
  8.801230E-04  3.829143E-07  1.688259E-04
  8.909485E-04  3.923919E-07  1.724727E-04
  9.019072E-04  4.021041E-07  1.761990E-04
  9.130006E-04  4.120567E-07  1.800066E-04
  9.242305E-04  4.222556E-07  1.838975E-04
  9.355986E-04  4.327070E-07  1.878733E-04
  9.471064E-04  4.434171E-07  1.919359E-04
  9.587558E-04  4.543922E-07  1.960874E-04
  9.705485E-04  4.656390E-07  2.003295E-04
  9.824863E-04  4.771642E-07  2.046644E-04
  9.945709E-04  4.889746E-07  2.090941E-04
  1.006804E-03  5.010774E-07  2.136206E-04
  1.019188E-03  5.134797E-07  2.182461E-04
  1.031724E-03  5.261890E-07  2.229729E-04
  1.044414E-03  5.392128E-07  2.278030E-04
  1.057260E-03  5.525590E-07  2.327389E-04
  1.070265E-03  5.662356E-07  2.377827E-04
  1.083429E-03  5.802507E-07  2.429370E-04
  1.096755E-03  5.946126E-07  2.482042E-04
  1.110245E-03  6.093301E-07  2.535867E-04
  1.123901E-03  6.244118E-07  2.590871E-04
  1.137725E-03  6.398668E-07  2.647080E-04
  1.151719E-03  6.557043E-07  2.704520E-04
  1.165885E-03  6.719338E-07  2.763219E-04
  1.180226E-03  6.885651E-07  2.823205E-04
  1.194742E-03  7.056080E-07  2.884505E-04
  1.209438E-03  7.230727E-07  2.947150E-04
  1.224314E-03  7.409697E-07  3.011168E-04
  1.239373E-03  7.593096E-07  3.076590E-04
  1.254617E-03  7.781035E-07  3.143446E-04
  1.270049E-03  7.973626E-07  3.211770E-04
  1.285671E-03  8.170984E-07  3.281592E-04
  1.301484E-03  8.373226E-07  3.352946E-04
  1.317493E-03  8.580474E-07  3.425866E-04
  1.333698E-03  8.792852E-07  3.500386E-04
  1.350102E-03  9.010487E-07  3.576542E-04
  1.366708E-03  9.233508E-07  3.654370E-04
  1.383519E-03  9.462049E-07  3.733906E-04
  1.400536E-03  9.696248E-07  3.815189E-04
  1.417763E-03  9.936242E-07  3.898256E-04
  1.435201E-03  1.018218E-06  3.983147E-04
  1.452854E-03  1.043420E-06  4.069903E-04
  1.470724E-03  1.069246E-06  4.158565E-04
  1.488814E-03  1.095711E-06  4.249173E-04
  1.507127E-03  1.122831E-06  4.341773E-04
  1.525664E-03  1.150623E-06  4.436406E-04
  1.544430E-03  1.179102E-06  4.533118E-04
  1.563427E-03  1.208287E-06  4.631956E-04
  1.582657E-03  1.238193E-06  4.732965E-04
  1.602123E-03  1.268840E-06  4.836193E-04
  1.621830E-03  1.300246E-06  4.941690E-04
  1.641778E-03  1.332429E-06  5.049504E-04
  1.661972E-03  1.365408E-06  5.159689E-04
  1.682414E-03  1.399204E-06  5.272294E-04
  1.703108E-03  1.433836E-06  5.387374E-04
  1.724056E-03  1.469325E-06  5.504983E-04
  1.745262E-03  1.505693E-06  5.625177E-04
  1.766729E-03  1.542961E-06  5.748012E-04
  1.788459E-03  1.581151E-06  5.873546E-04
  1.810457E-03  1.620286E-06  6.001839E-04
  1.832726E-03  1.660391E-06  6.132951E-04
  1.855269E-03  1.701488E-06  6.266945E-04
  1.878088E-03  1.743602E-06  6.403882E-04
  1.901189E-03  1.786758E-06  6.543828E-04
  1.924574E-03  1.830983E-06  6.686849E-04
  1.948246E-03  1.876302E-06  6.833013E-04
  1.972209E-03  1.922743E-06  6.982387E-04
  1.996467E-03  1.970333E-06  7.135042E-04
  2.021024E-03  2.019102E-06  7.291051E-04
  2.045883E-03  2.069077E-06  7.450486E-04
  2.071047E-03  2.120289E-06  7.613422E-04
  2.096521E-03  2.172769E-06  7.779936E-04
  2.122308E-03  2.226548E-06  7.950106E-04
  2.148412E-03  2.281658E-06  8.124012E-04
  2.174838E-03  2.338132E-06  8.301735E-04
  2.201588E-03  2.396004E-06  8.483359E-04
  2.228668E-03  2.455308E-06  8.668968E-04
  2.256081E-03  2.516081E-06  8.858650E-04
  2.283830E-03  2.578357E-06  9.052493E-04
  2.311921E-03  2.642175E-06  9.250587E-04
  2.340358E-03  2.707572E-06  9.453025E-04
  2.369144E-03  2.774588E-06  9.659902E-04
  2.398285E-03  2.843263E-06  9.871314E-04
  2.427784E-03  2.913637E-06  1.008736E-03
  2.457646E-03  2.985754E-06  1.030814E-03
  2.487875E-03  3.059655E-06  1.053375E-03
  2.518475E-03  3.135386E-06  1.076431E-03
  2.549453E-03  3.212991E-06  1.099991E-03
  2.580811E-03  3.292516E-06  1.124068E-03
  2.612555E-03  3.374011E-06  1.148671E-03
  2.644689E-03  3.457522E-06  1.173812E-03
  2.677219E-03  3.543100E-06  1.199503E-03
  2.710149E-03  3.630797E-06  1.225756E-03
  2.743484E-03  3.720664E-06  1.252583E-03
  2.777229E-03  3.812755E-06  1.279996E-03
  2.811388E-03  3.907126E-06  1.308007E-03
  2.845969E-03  4.003833E-06  1.336631E-03
  2.880974E-03  4.102933E-06  1.365879E-03
  2.916410E-03  4.204486E-06  1.395765E-03
  2.952282E-03  4.308553E-06  1.426304E-03
  2.988595E-03  4.415195E-06  1.457508E-03
  3.025355E-03  4.524477E-06  1.489392E-03
  3.062566E-03  4.636464E-06  1.521970E-03
  3.100236E-03  4.751223E-06  1.555258E-03
  3.138369E-03  4.868822E-06  1.589271E-03
  3.176971E-03  4.989332E-06  1.624023E-03
  3.216048E-03  5.112825E-06  1.659532E-03
  3.255605E-03  5.239374E-06  1.695812E-03
  3.295649E-03  5.369056E-06  1.732880E-03
  3.336185E-03  5.501948E-06  1.770753E-03
  3.377220E-03  5.638128E-06  1.809448E-03
  3.418760E-03  5.777680E-06  1.848982E-03
  3.460811E-03  5.920685E-06  1.889373E-03
  3.503379E-03  6.067230E-06  1.930640E-03
  3.546471E-03  6.217403E-06  1.972800E-03
  3.590092E-03  6.371292E-06  2.015872E-03
  3.634250E-03  6.528990E-06  2.059876E-03
  3.678952E-03  6.690592E-06  2.104830E-03
  3.724203E-03  6.856193E-06  2.150756E-03
  3.770010E-03  7.025894E-06  2.197673E-03
  3.816381E-03  7.199794E-06  2.245603E-03
  3.863323E-03  7.377999E-06  2.294565E-03
  3.910842E-03  7.560615E-06  2.344582E-03
  3.958945E-03  7.747751E-06  2.395676E-03
  4.007640E-03  7.939518E-06  2.447868E-03
  4.056934E-03  8.136033E-06  2.501183E-03
  4.106835E-03  8.337411E-06  2.555642E-03
  4.157349E-03  8.543774E-06  2.611270E-03
  4.208484E-03  8.755244E-06  2.668091E-03
  4.260248E-03  8.971949E-06  2.726129E-03
  4.312649E-03  9.194017E-06  2.785409E-03
  4.365695E-03  9.421582E-06  2.845958E-03
  4.419393E-03  9.654780E-06  2.907800E-03
  4.473752E-03  9.893750E-06  2.970963E-03
  4.528779E-03  1.013863E-05  3.035472E-03
  4.584483E-03  1.038958E-05  3.101357E-03
  4.640872E-03  1.064674E-05  3.168644E-03
  4.697955E-03  1.091026E-05  3.237362E-03
  4.755739E-03  1.118030E-05  3.307541E-03
  4.814235E-03  1.145703E-05  3.379208E-03
  4.873450E-03  1.174061E-05  3.452396E-03
  4.933393E-03  1.203121E-05  3.527134E-03
  4.994074E-03  1.232900E-05  3.603453E-03
  5.055501E-03  1.263416E-05  3.681385E-03
  5.117684E-03  1.294687E-05  3.760962E-03
  5.180632E-03  1.326733E-05  3.842217E-03
  5.244353E-03  1.359571E-05  3.925184E-03
  5.308859E-03  1.393223E-05  4.009896E-03
  5.374158E-03  1.427707E-05  4.096388E-03
  5.440260E-03  1.463045E-05  4.184695E-03
  5.507175E-03  1.499258E-05  4.274853E-03
  5.574913E-03  1.536366E-05  4.366898E-03
  5.643485E-03  1.574394E-05  4.460867E-03
  5.712900E-03  1.613362E-05  4.556797E-03
  5.783168E-03  1.653296E-05  4.654728E-03
  5.854301E-03  1.694217E-05  4.754697E-03
  5.926309E-03  1.736152E-05  4.856744E-03
  5.999203E-03  1.779124E-05  4.960910E-03
  6.072993E-03  1.823160E-05  5.067234E-03
  6.147691E-03  1.868286E-05  5.175760E-03
  6.223307E-03  1.914529E-05  5.286527E-03
  6.299854E-03  1.961917E-05  5.399580E-03
  6.377342E-03  2.010477E-05  5.514962E-03
  6.455784E-03  2.060240E-05  5.632717E-03
  6.535190E-03  2.111234E-05  5.752890E-03
  6.615573E-03  2.163490E-05  5.875526E-03
  6.696944E-03  2.217040E-05  6.000671E-03
  6.779317E-03  2.271916E-05  6.128372E-03
  6.862702E-03  2.328149E-05  6.258678E-03
  6.947113E-03  2.385775E-05  6.391635E-03
  7.032563E-03  2.444827E-05  6.527293E-03
  7.119063E-03  2.505340E-05  6.665702E-03
  7.206628E-03  2.567351E-05  6.806913E-03
  7.295269E-03  2.630898E-05  6.950975E-03
  7.385001E-03  2.696017E-05  7.097942E-03
  7.475837E-03  2.762748E-05  7.247865E-03
  7.567790E-03  2.831130E-05  7.400798E-03
  7.660873E-03  2.901206E-05  7.556795E-03
  7.755102E-03  2.973015E-05  7.715910E-03
  7.850490E-03  3.046603E-05  7.878199E-03
  7.947051E-03  3.122011E-05  8.043719E-03
  8.044800E-03  3.199287E-05  8.212525E-03
  8.143751E-03  3.278475E-05  8.384675E-03
  8.243919E-03  3.359623E-05  8.560229E-03
  8.345319E-03  3.442779E-05  8.739243E-03
  8.447966E-03  3.527994E-05  8.921780E-03
  8.551876E-03  3.615318E-05  9.107897E-03
  8.657064E-03  3.704804E-05  9.297658E-03
  8.763546E-03  3.796505E-05  9.491123E-03
  8.871338E-03  3.890475E-05  9.688355E-03
  8.980455E-03  3.986772E-05  9.889416E-03
  9.090915E-03  4.085452E-05  1.009437E-02
  9.202733E-03  4.186575E-05  1.030328E-02
  9.315927E-03  4.290200E-05  1.051622E-02
  9.430513E-03  4.396391E-05  1.073325E-02
  9.546508E-03  4.505210E-05  1.095443E-02
  9.663930E-03  4.616723E-05  1.117983E-02
  9.782796E-03  4.730996E-05  1.140952E-02
  9.903125E-03  4.848097E-05  1.164357E-02
  1.002493E-02  4.968097E-05  1.188204E-02
  1.014824E-02  5.091068E-05  1.212501E-02
  1.027306E-02  5.217082E-05  1.237255E-02
  1.039942E-02  5.346216E-05  1.262472E-02
  1.052733E-02  5.478545E-05  1.288159E-02
  1.065682E-02  5.614151E-05  1.314324E-02
  1.078790E-02  5.753113E-05  1.340974E-02
  1.092059E-02  5.895515E-05  1.368116E-02
  1.105491E-02  6.041442E-05  1.395758E-02
  1.119089E-02  6.190980E-05  1.423906E-02
  1.132854E-02  6.344221E-05  1.452567E-02
  1.146788E-02  6.501254E-05  1.481750E-02
  1.160893E-02  6.662175E-05  1.511461E-02
  1.175172E-02  6.827079E-05  1.541709E-02
  1.189627E-02  6.996065E-05  1.572499E-02
  1.204259E-02  7.169234E-05  1.603840E-02
  1.219072E-02  7.346689E-05  1.635739E-02
  1.234066E-02  7.528537E-05  1.668204E-02
  1.249245E-02  7.714886E-05  1.701242E-02
  1.264611E-02  7.905848E-05  1.734860E-02
  1.280166E-02  8.101538E-05  1.769066E-02
  1.295912E-02  8.302071E-05  1.803867E-02
  1.311852E-02  8.507568E-05  1.839271E-02
  1.327987E-02  8.718152E-05  1.875285E-02
  1.344322E-02  8.933949E-05  1.911916E-02
  1.360857E-02  9.155087E-05  1.949171E-02
  1.377595E-02  9.381700E-05  1.987059E-02
  1.394540E-02  9.613922E-05  2.025585E-02
  1.411693E-02  9.851893E-05  2.064758E-02
  1.429056E-02  1.009575E-04  2.104584E-02
  1.446634E-02  1.034565E-04  2.145070E-02
  1.464427E-02  1.060174E-04  2.186224E-02
  1.482440E-02  1.086416E-04  2.228051E-02
  1.500674E-02  1.113308E-04  2.270560E-02
  1.519132E-02  1.140866E-04  2.313756E-02
  1.537817E-02  1.169105E-04  2.357646E-02
  1.556733E-02  1.198044E-04  2.402236E-02
  1.575880E-02  1.227700E-04  2.447533E-02
  1.595264E-02  1.258089E-04  2.493543E-02
  1.614885E-02  1.289231E-04  2.540273E-02
  1.634749E-02  1.321143E-04  2.587726E-02
  1.654856E-02  1.353846E-04  2.635911E-02
  1.675211E-02  1.387358E-04  2.684831E-02
  1.695816E-02  1.421700E-04  2.734493E-02
  1.716674E-02  1.456892E-04  2.784900E-02
  1.737789E-02  1.492955E-04  2.836059E-02
  1.759164E-02  1.529911E-04  2.887974E-02
  1.780802E-02  1.567782E-04  2.940650E-02
  1.802706E-02  1.606590E-04  2.994089E-02
  1.824879E-02  1.646359E-04  3.048297E-02
  1.847325E-02  1.687113E-04  3.103277E-02
  1.870047E-02  1.728875E-04  3.159032E-02
  1.893049E-02  1.771671E-04  3.215565E-02
  1.916333E-02  1.815527E-04  3.272879E-02
  1.939904E-02  1.860469E-04  3.330976E-02
  1.963765E-02  1.906523E-04  3.389858E-02
  1.987919E-02  1.953718E-04  3.449526E-02
  2.012371E-02  2.002080E-04  3.509983E-02
  2.037123E-02  2.051641E-04  3.571227E-02
  2.062180E-02  2.102428E-04  3.633261E-02
  2.087544E-02  2.154472E-04  3.696083E-02
  2.113221E-02  2.207805E-04  3.759694E-02
  2.139214E-02  2.262459E-04  3.824091E-02
  2.165526E-02  2.318465E-04  3.889274E-02
  2.192162E-02  2.375859E-04  3.955240E-02
  2.219126E-02  2.434673E-04  4.021986E-02
  2.246421E-02  2.494943E-04  4.089510E-02
  2.274052E-02  2.556706E-04  4.157808E-02
  2.302023E-02  2.619998E-04  4.226875E-02
  2.330338E-02  2.684857E-04  4.296705E-02
  2.359001E-02  2.751321E-04  4.367295E-02
  2.388016E-02  2.819432E-04  4.438635E-02
  2.417389E-02  2.889229E-04  4.510721E-02
  2.447123E-02  2.960754E-04  4.583544E-02
  2.477223E-02  3.034050E-04  4.657095E-02
  2.507692E-02  3.109161E-04  4.731365E-02
  2.538537E-02  3.186132E-04  4.806344E-02
  2.569761E-02  3.265008E-04  4.882021E-02
  2.601369E-02  3.345838E-04  4.958384E-02
  2.633366E-02  3.428669E-04  5.035421E-02
  2.665756E-02  3.513552E-04  5.113117E-02
  2.698545E-02  3.600536E-04  5.191458E-02
  2.731737E-02  3.689674E-04  5.270429E-02
  2.765338E-02  3.781020E-04  5.350014E-02
  2.799351E-02  3.874628E-04  5.430194E-02
  2.833783E-02  3.970553E-04  5.510951E-02
  2.868639E-02  4.068855E-04  5.592266E-02
  2.903923E-02  4.169590E-04  5.674119E-02
  2.939641E-02  4.272821E-04  5.756486E-02
  2.975799E-02  4.378608E-04  5.839346E-02
  3.012401E-02  4.487014E-04  5.922674E-02
  3.049454E-02  4.598106E-04  6.006444E-02
  3.086962E-02  4.711949E-04  6.090632E-02
  3.124932E-02  4.828611E-04  6.175207E-02
  3.163368E-02  4.948163E-04  6.260143E-02
  3.202278E-02  5.070676E-04  6.345407E-02
  3.241666E-02  5.196223E-04  6.430969E-02
  3.281538E-02  5.324880E-04  6.516795E-02
  3.321901E-02  5.456724E-04  6.602851E-02
  3.362761E-02  5.591833E-04  6.689101E-02
  3.404122E-02  5.730289E-04  6.775507E-02
  3.445993E-02  5.872175E-04  6.862032E-02
  3.488379E-02  6.017575E-04  6.948633E-02
  3.531286E-02  6.166577E-04  7.035270E-02
  3.574721E-02  6.319270E-04  7.121900E-02
  3.618690E-02  6.475746E-04  7.208477E-02
  3.663200E-02  6.636098E-04  7.294954E-02
  3.708257E-02  6.800423E-04  7.381284E-02
  3.753869E-02  6.968819E-04  7.467417E-02
  3.800041E-02  7.141387E-04  7.553301E-02
  3.846782E-02  7.318231E-04  7.638883E-02
  3.894097E-02  7.499456E-04  7.724109E-02
  3.941995E-02  7.685171E-04  7.808921E-02
  3.990481E-02  7.875488E-04  7.893263E-02
  4.039564E-02  8.070521E-04  7.977072E-02
  4.089251E-02  8.270387E-04  8.060289E-02
  4.139548E-02  8.475206E-04  8.142848E-02
  4.190465E-02  8.685100E-04  8.224686E-02
  4.242008E-02  8.900195E-04  8.305734E-02
  4.294184E-02  9.120622E-04  8.385925E-02
  4.347003E-02  9.346511E-04  8.465186E-02
  4.400471E-02  9.577999E-04  8.543446E-02
  4.454597E-02  9.815225E-04  8.620631E-02
  4.509388E-02  1.005833E-03  8.696663E-02
  4.564854E-02  1.030746E-03  8.771466E-02
  4.621001E-02  1.056277E-03  8.844959E-02
  4.677840E-02  1.082440E-03  8.917061E-02
  4.735377E-02  1.109253E-03  8.987688E-02
  4.793622E-02  1.136730E-03  9.056755E-02
  4.852584E-02  1.164888E-03  9.124176E-02
  4.912271E-02  1.193744E-03  9.189861E-02
  4.972692E-02  1.223316E-03  9.253720E-02
  5.033856E-02  1.253621E-03  9.315661E-02
  5.095772E-02  1.284678E-03  9.375590E-02
  5.158450E-02  1.316504E-03  9.433411E-02
  5.221899E-02  1.349120E-03  9.489029E-02
  5.286128E-02  1.382545E-03  9.542343E-02
  5.351148E-02  1.416799E-03  9.593254E-02
  5.416967E-02  1.451903E-03  9.641660E-02
  5.483596E-02  1.487877E-03  9.687458E-02
  5.551044E-02  1.524744E-03  9.730544E-02
  5.619322E-02  1.562526E-03  9.770812E-02
  5.688439E-02  1.601245E-03  9.808155E-02
  5.758407E-02  1.640924E-03  9.842464E-02
  5.829235E-02  1.681588E-03  9.873631E-02
  5.900935E-02  1.723261E-03  9.901545E-02
  5.973517E-02  1.765969E-03  9.926095E-02
  6.046991E-02  1.809736E-03  9.947169E-02
  6.121369E-02  1.854590E-03  9.964654E-02
  6.196662E-02  1.900557E-03  9.978437E-02
  6.272881E-02  1.947665E-03  9.988404E-02
  6.350037E-02  1.995943E-03  9.994440E-02
  6.428142E-02  2.045419E-03  9.996431E-02
  6.507209E-02  2.096124E-03  9.994261E-02
  6.587247E-02  2.148088E-03  9.987817E-02
  6.668270E-02  2.201342E-03  9.976982E-02
  6.750290E-02  2.255919E-03  9.961644E-02
  6.833319E-02  2.311852E-03  9.941686E-02
  6.917369E-02  2.369174E-03  9.916996E-02
  7.002452E-02  2.427921E-03  9.887460E-02
  7.088582E-02  2.488127E-03  9.852966E-02
  7.175772E-02  2.549829E-03  9.813403E-02
  7.264034E-02  2.613064E-03  9.768661E-02
  7.353382E-02  2.677871E-03  9.718631E-02
  7.443828E-02  2.744289E-03  9.663206E-02
  7.535387E-02  2.812358E-03  9.602281E-02
  7.628072E-02  2.882119E-03  9.535751E-02
  7.721898E-02  2.953615E-03  9.463516E-02
  7.816877E-02  3.026889E-03  9.385477E-02
  7.913025E-02  3.101985E-03  9.301537E-02
  8.010355E-02  3.178949E-03  9.211602E-02
  8.108882E-02  3.257828E-03  9.115582E-02
  8.208621E-02  3.338669E-03  9.013388E-02
  8.309588E-02  3.421522E-03  8.904937E-02
  8.411795E-02  3.506436E-03  8.790149E-02
  8.515261E-02  3.593464E-03  8.668947E-02
  8.619998E-02  3.682659E-03  8.541259E-02
  8.726024E-02  3.774074E-03  8.407016E-02
  8.833354E-02  3.867766E-03  8.266156E-02
  8.942005E-02  3.963790E-03  8.118619E-02
  9.051991E-02  4.062207E-03  7.964354E-02
  9.163331E-02  4.163075E-03  7.803312E-02
  9.276040E-02  4.266457E-03  7.635452E-02
  9.390135E-02  4.372414E-03  7.460737E-02
  9.505634E-02  4.481012E-03  7.279137E-02
  9.622553E-02  4.592318E-03  7.090630E-02
  9.740910E-02  4.706399E-03  6.895199E-02
  9.860724E-02  4.823324E-03  6.692834E-02
  9.982010E-02  4.943165E-03  6.483533E-02
  1.010479E-01  5.065996E-03  6.267303E-02
  1.022908E-01  5.191891E-03  6.044155E-02
  1.035490E-01  5.320928E-03  5.814112E-02
  1.048226E-01  5.453186E-03  5.577204E-02
  1.061119E-01  5.588745E-03  5.333469E-02
  1.074171E-01  5.727689E-03  5.082954E-02
  1.087383E-01  5.870103E-03  4.825717E-02
  1.100758E-01  6.016074E-03  4.561823E-02
  1.114297E-01  6.165692E-03  4.291347E-02
  1.128003E-01  6.319049E-03  4.014375E-02
  1.141878E-01  6.476239E-03  3.731004E-02
  1.155923E-01  6.637359E-03  3.441338E-02
  1.170141E-01  6.802507E-03  3.145494E-02
  1.184533E-01  6.971787E-03  2.843600E-02
  1.199103E-01  7.145301E-03  2.535794E-02
  1.213852E-01  7.323156E-03  2.222224E-02
  1.228783E-01  7.505464E-03  1.903052E-02
  1.243897E-01  7.692335E-03  1.578450E-02
  1.259197E-01  7.883886E-03  1.248601E-02
  1.274685E-01  8.080234E-03  9.137000E-03
  1.290363E-01  8.281502E-03  5.739548E-03
  1.306235E-01  8.487814E-03  2.295842E-03
  1.322301E-01  8.699297E-03 -1.191808E-03
  1.338566E-01  8.916083E-03 -4.720970E-03
  1.355030E-01  9.138305E-03 -8.289094E-03
  1.371697E-01  9.366103E-03 -1.189351E-02
  1.388569E-01  9.599617E-03 -1.553141E-02
  1.405648E-01  9.838992E-03 -1.919990E-02
  1.422938E-01  1.008438E-02 -2.289593E-02
  1.440440E-01  1.033593E-02 -2.661634E-02
  1.458157E-01  1.059379E-02 -3.035787E-02
  1.476093E-01  1.085814E-02 -3.411712E-02
  1.494249E-01  1.112914E-02 -3.789057E-02
  1.512628E-01  1.140694E-02 -4.167462E-02
  1.531233E-01  1.169174E-02 -4.546551E-02
  1.550067E-01  1.198370E-02 -4.925940E-02
  1.569133E-01  1.228301E-02 -5.305233E-02
  1.588433E-01  1.258985E-02 -5.684023E-02
  1.607971E-01  1.290442E-02 -6.061895E-02
  1.627749E-01  1.322692E-02 -6.438421E-02
  1.647771E-01  1.355754E-02 -6.813164E-02
  1.668038E-01  1.389650E-02 -7.185679E-02
  1.688555E-01  1.424400E-02 -7.555511E-02
  1.709324E-01  1.460027E-02 -7.922197E-02
  1.730349E-01  1.496553E-02 -8.285265E-02
  1.751632E-01  1.534001E-02 -8.644236E-02
  1.773177E-01  1.572394E-02 -8.998623E-02
  1.794987E-01  1.611757E-02 -9.347933E-02
  1.817066E-01  1.652114E-02 -9.691668E-02
  1.839416E-01  1.693491E-02 -1.002932E-01
  1.862040E-01  1.735914E-02 -1.036039E-01
  1.884943E-01  1.779409E-02 -1.068434E-01
  1.908128E-01  1.824005E-02 -1.100068E-01
  1.931598E-01  1.869729E-02 -1.130888E-01
  1.955357E-01  1.916610E-02 -1.160840E-01
  1.979408E-01  1.964678E-02 -1.189874E-01
  2.003755E-01  2.013963E-02 -1.217937E-01
  2.028401E-01  2.064496E-02 -1.244975E-01
  2.053350E-01  2.116309E-02 -1.270938E-01
  2.078606E-01  2.169435E-02 -1.295772E-01
  2.104173E-01  2.223907E-02 -1.319426E-01
  2.130054E-01  2.279759E-02 -1.341849E-01
  2.156254E-01  2.337028E-02 -1.362989E-01
  2.182776E-01  2.395748E-02 -1.382797E-01
  2.209624E-01  2.455957E-02 -1.401223E-01
  2.236803E-01  2.517692E-02 -1.418218E-01
  2.264315E-01  2.580993E-02 -1.433735E-01
  2.292166E-01  2.645900E-02 -1.447726E-01
  2.320360E-01  2.712451E-02 -1.460146E-01
  2.348900E-01  2.780690E-02 -1.470951E-01
  2.377792E-01  2.850659E-02 -1.480097E-01
  2.407039E-01  2.922402E-02 -1.487542E-01
  2.436645E-01  2.995962E-02 -1.493248E-01
  2.466616E-01  3.071386E-02 -1.497174E-01
  2.496955E-01  3.148720E-02 -1.499285E-01
  2.527668E-01  3.228011E-02 -1.499546E-01
  2.558758E-01  3.309308E-02 -1.497923E-01
  2.590231E-01  3.392661E-02 -1.494386E-01
  2.622091E-01  3.478121E-02 -1.488907E-01
  2.654343E-01  3.565738E-02 -1.481458E-01
  2.686991E-01  3.655566E-02 -1.472017E-01
  2.720041E-01  3.747658E-02 -1.460561E-01
  2.753497E-01  3.842069E-02 -1.447072E-01
  2.787365E-01  3.938854E-02 -1.431534E-01
  2.821650E-01  4.038070E-02 -1.413932E-01
  2.856356E-01  4.139774E-02 -1.394257E-01
  2.891490E-01  4.244024E-02 -1.372499E-01
  2.927055E-01  4.350881E-02 -1.348656E-01
  2.963058E-01  4.460403E-02 -1.322725E-01
  2.999503E-01  4.572651E-02 -1.294707E-01
  3.036397E-01  4.687687E-02 -1.264607E-01
  3.073745E-01  4.805572E-02 -1.232433E-01
  3.111552E-01  4.926369E-02 -1.198196E-01
  3.149824E-01  5.050141E-02 -1.161911E-01
  3.188567E-01  5.176951E-02 -1.123597E-01
  3.227786E-01  5.306863E-02 -1.083273E-01
  3.267488E-01  5.439939E-02 -1.040966E-01
  3.307678E-01  5.576243E-02 -9.967037E-02
  3.348362E-01  5.715839E-02 -9.505186E-02
  3.389547E-01  5.858789E-02 -9.024463E-02
  3.431239E-01  6.005156E-02 -8.525261E-02
  3.473443E-01  6.155000E-02 -8.008008E-02
  3.516166E-01  6.308382E-02 -7.473170E-02
  3.559415E-01  6.465360E-02 -6.921247E-02
  3.603196E-01  6.625993E-02 -6.352776E-02
  3.647515E-01  6.790336E-02 -5.768329E-02
  3.692380E-01  6.958441E-02 -5.168513E-02
  3.737796E-01  7.130360E-02 -4.553970E-02
  3.783771E-01  7.306139E-02 -3.925376E-02
  3.830311E-01  7.485823E-02 -3.283442E-02
  3.877424E-01  7.669452E-02 -2.628911E-02
  3.925116E-01  7.857062E-02 -1.962558E-02
  3.973395E-01  8.048683E-02 -1.285192E-02
  4.022268E-01  8.244339E-02 -5.976491E-03
  4.071742E-01  8.444051E-02  9.920191E-04
  4.121824E-01  8.647830E-02  8.044646E-03
  4.172523E-01  8.855680E-02  1.517215E-02
  4.223845E-01  9.067598E-02  2.236503E-02
  4.275798E-01  9.283569E-02  2.961352E-02
  4.328391E-01  9.503571E-02  3.690764E-02
  4.381630E-01  9.727569E-02  4.423718E-02
  4.435524E-01  9.955517E-02  5.159171E-02
  4.490081E-01  1.018735E-01  5.896062E-02
  4.545309E-01  1.042301E-01  6.633313E-02
  4.601216E-01  1.066239E-01  7.369830E-02
  4.657811E-01  1.090539E-01  8.104506E-02
  4.715102E-01  1.115190E-01  8.836220E-02
  4.773098E-01  1.140175E-01  9.563845E-02
  4.831807E-01  1.165480E-01  1.028624E-01
  4.891238E-01  1.191086E-01  1.100227E-01
  4.951400E-01  1.216972E-01  1.171078E-01
  5.012303E-01  1.243115E-01  1.241063E-01
  5.073954E-01  1.269488E-01  1.310067E-01
  5.136364E-01  1.296063E-01  1.377975E-01
  5.199541E-01  1.322808E-01  1.444675E-01
  5.263495E-01  1.349689E-01  1.510052E-01
  5.328236E-01  1.376667E-01  1.573995E-01
  5.393773E-01  1.403701E-01  1.636392E-01
  5.460117E-01  1.430746E-01  1.697133E-01
  5.527276E-01  1.457753E-01  1.756108E-01
  5.595262E-01  1.484669E-01  1.813210E-01
  5.664084E-01  1.511438E-01  1.868332E-01
  5.733752E-01  1.537999E-01  1.921370E-01
  5.804277E-01  1.564287E-01  1.972218E-01
  5.875670E-01  1.590233E-01  2.020776E-01
  5.947940E-01  1.615763E-01  2.066943E-01
  6.021100E-01  1.640800E-01  2.110621E-01
  6.095159E-01  1.665260E-01  2.151714E-01
  6.170130E-01  1.689059E-01  2.190129E-01
  6.246023E-01  1.712103E-01  2.225778E-01
  6.322849E-01  1.734298E-01  2.258574E-01
  6.400620E-01  1.755545E-01  2.288435E-01
  6.479347E-01  1.775740E-01  2.315283E-01
  6.559043E-01  1.794776E-01  2.339045E-01
  6.639719E-01  1.812542E-01  2.359653E-01
  6.721388E-01  1.828924E-01  2.377041E-01
  6.804061E-01  1.843805E-01  2.391151E-01
  6.887751E-01  1.857065E-01  2.401929E-01
  6.972470E-01  1.868585E-01  2.409325E-01
  7.058232E-01  1.878240E-01  2.413296E-01
  7.145048E-01  1.885906E-01  2.413802E-01
  7.232932E-01  1.891458E-01  2.410809E-01
  7.321897E-01  1.894773E-01  2.404290E-01
  7.411957E-01  1.895726E-01  2.394221E-01
  7.503124E-01  1.894196E-01  2.380585E-01
  7.595412E-01  1.890061E-01  2.363370E-01
  7.688836E-01  1.883204E-01  2.342568E-01
  7.783408E-01  1.873513E-01  2.318180E-01
  7.879144E-01  1.860879E-01  2.290208E-01
  7.976058E-01  1.845197E-01  2.258663E-01
  8.074163E-01  1.826373E-01  2.223559E-01
  8.173475E-01  1.804317E-01  2.184918E-01
  8.274009E-01  1.778950E-01  2.142764E-01
  8.375779E-01  1.750202E-01  2.097128E-01
  8.478802E-01  1.718013E-01  2.048047E-01
  8.583091E-01  1.682337E-01  1.995561E-01
  8.688663E-01  1.643139E-01  1.939715E-01
  8.795533E-01  1.600399E-01  1.880561E-01
  8.903718E-01  1.554110E-01  1.818153E-01
  9.013234E-01  1.504281E-01  1.752551E-01
  9.124097E-01  1.450935E-01  1.683818E-01
  9.236323E-01  1.394111E-01  1.612022E-01
  9.349930E-01  1.333865E-01  1.537235E-01
  9.464934E-01  1.270264E-01  1.459531E-01
  9.581353E-01  1.203394E-01  1.378991E-01
  9.699204E-01  1.133351E-01  1.295695E-01
  9.818504E-01  1.060247E-01  1.209729E-01
  9.939271E-01  9.842036E-02  1.121182E-01
  1.006152E+00  9.053547E-02  1.030144E-01
  1.018528E+00  8.238417E-02  9.367098E-02
  1.031056E+00  7.398136E-02  8.409742E-02
  1.043738E+00  6.534245E-02  7.430357E-02
  1.056576E+00  5.648315E-02  6.429942E-02
  1.069572E+00  4.741926E-02  5.409517E-02
  1.082728E+00  3.816644E-02  4.370114E-02
  1.096045E+00  2.873996E-02  3.312781E-02
  1.109526E+00  1.915449E-02  2.238579E-02
  1.123174E+00  9.423853E-03  1.148576E-02
  1.136989E+00 -4.391820E-04  4.385258E-04
  1.150974E+00 -1.042313E-02 -1.074508E-02
  1.165131E+00 -2.051796E-02 -2.205414E-02
  1.179462E+00 -3.071529E-02 -3.347773E-02
  1.193969E+00 -4.100849E-02 -4.500489E-02
  1.208655E+00 -5.139282E-02 -5.662467E-02
  1.223521E+00 -6.186549E-02 -6.832613E-02
  1.238571E+00 -7.242572E-02 -8.009834E-02
  1.253805E+00 -8.307467E-02 -9.193044E-02
  1.269227E+00 -9.381546E-02 -1.038116E-01
  1.284838E+00 -1.046530E-01 -1.157311E-01
  1.300642E+00 -1.155939E-01 -1.276782E-01
  1.316640E+00 -1.266461E-01 -1.396423E-01
  1.332835E+00 -1.378188E-01 -1.516130E-01
  1.349228E+00 -1.491222E-01 -1.635799E-01
  1.365824E+00 -1.605666E-01 -1.755327E-01
  1.382624E+00 -1.721629E-01 -1.874613E-01
  1.399630E+00 -1.839209E-01 -1.993558E-01
  1.416845E+00 -1.958501E-01 -2.112062E-01
  1.434272E+00 -2.079580E-01 -2.230030E-01
  1.451914E+00 -2.202500E-01 -2.347365E-01
  1.469773E+00 -2.327289E-01 -2.463975E-01
  1.487851E+00 -2.453937E-01 -2.579768E-01
  1.506151E+00 -2.582395E-01 -2.694653E-01
  1.524677E+00 -2.712564E-01 -2.808542E-01
  1.543430E+00 -2.844290E-01 -2.921349E-01
  1.562415E+00 -2.977357E-01 -3.032989E-01
  1.581632E+00 -3.111487E-01 -3.143381E-01
  1.601086E+00 -3.246331E-01 -3.252443E-01
  1.620780E+00 -3.381470E-01 -3.360097E-01
  1.640715E+00 -3.516417E-01 -3.466267E-01
  1.660896E+00 -3.650619E-01 -3.570877E-01
  1.681325E+00 -3.783465E-01 -3.673856E-01
  1.702006E+00 -3.914298E-01 -3.775133E-01
  1.722940E+00 -4.042422E-01 -3.874639E-01
  1.744132E+00 -4.167126E-01 -3.972309E-01
  1.765585E+00 -4.287699E-01 -4.068077E-01
  1.787302E+00 -4.403453E-01 -4.161882E-01
  1.809286E+00 -4.513748E-01 -4.253663E-01
  1.831540E+00 -4.618016E-01 -4.343362E-01
  1.854068E+00 -4.715785E-01 -4.430923E-01
  1.876873E+00 -4.806705E-01 -4.516291E-01
  1.899958E+00 -4.890561E-01 -4.599415E-01
  1.923328E+00 -4.967299E-01 -4.680244E-01
  1.946985E+00 -5.037025E-01 -4.758730E-01
  1.970933E+00 -5.100015E-01 -4.834827E-01
  1.995175E+00 -5.156703E-01 -4.908489E-01
  2.019716E+00 -5.207674E-01 -4.979675E-01
  2.044558E+00 -5.253635E-01 -5.048344E-01
  2.069706E+00 -5.295388E-01 -5.114458E-01
  2.095164E+00 -5.333791E-01 -5.177979E-01
  2.120934E+00 -5.369714E-01 -5.238873E-01
  2.147022E+00 -5.403994E-01 -5.297107E-01
  2.173430E+00 -5.437379E-01 -5.352650E-01
  2.200163E+00 -5.470488E-01 -5.405473E-01
  2.227225E+00 -5.503759E-01 -5.455549E-01
  2.254620E+00 -5.537420E-01 -5.502853E-01
  2.282352E+00 -5.571469E-01 -5.547362E-01
  2.310425E+00 -5.605674E-01 -5.589054E-01
  2.338843E+00 -5.639600E-01 -5.627911E-01
  2.367611E+00 -5.672665E-01 -5.663915E-01
  2.396733E+00 -5.704225E-01 -5.697053E-01
  2.426213E+00 -5.733675E-01 -5.727311E-01
  2.456055E+00 -5.760558E-01 -5.754679E-01
  2.486264E+00 -5.784623E-01 -5.779149E-01
  2.516845E+00 -5.805806E-01 -5.800716E-01
  2.547803E+00 -5.824110E-01 -5.819374E-01
  2.579141E+00 -5.839528E-01 -5.835125E-01
  2.610864E+00 -5.852058E-01 -5.847969E-01
  2.642978E+00 -5.861703E-01 -5.857910E-01
  2.675486E+00 -5.868469E-01 -5.864954E-01
  2.708395E+00 -5.872362E-01 -5.869112E-01
  2.741708E+00 -5.873395E-01 -5.870394E-01
  2.775431E+00 -5.871580E-01 -5.868815E-01
  2.809569E+00 -5.866933E-01 -5.864392E-01
  2.844127E+00 -5.859474E-01 -5.857145E-01
  2.879109E+00 -5.849225E-01 -5.847098E-01
  2.914522E+00 -5.836211E-01 -5.834275E-01
  2.950371E+00 -5.820459E-01 -5.818705E-01
  2.986661E+00 -5.801999E-01 -5.800419E-01
  3.023396E+00 -5.780866E-01 -5.779452E-01
  3.060584E+00 -5.757096E-01 -5.755840E-01
  3.098229E+00 -5.730728E-01 -5.729622E-01
  3.136338E+00 -5.701805E-01 -5.700842E-01
  3.174915E+00 -5.670370E-01 -5.669544E-01
  3.213966E+00 -5.636471E-01 -5.635776E-01
  3.253498E+00 -5.600160E-01 -5.599589E-01
  3.293516E+00 -5.561487E-01 -5.561035E-01
  3.334026E+00 -5.520510E-01 -5.520171E-01
  3.375035E+00 -5.477284E-01 -5.477052E-01
  3.416548E+00 -5.431870E-01 -5.431740E-01
  3.458571E+00 -5.384330E-01 -5.384297E-01
  3.501112E+00 -5.334726E-01 -5.334786E-01
  3.544175E+00 -5.283126E-01 -5.283272E-01
  3.587769E+00 -5.229596E-01 -5.229824E-01
  3.631898E+00 -5.174205E-01 -5.174509E-01
  3.676570E+00 -5.117023E-01 -5.117399E-01
  3.721792E+00 -5.058120E-01 -5.058564E-01
  3.767570E+00 -4.997570E-01 -4.998076E-01
  3.813911E+00 -4.935444E-01 -4.936008E-01
  3.860823E+00 -4.871818E-01 -4.872435E-01
  3.908311E+00 -4.806764E-01 -4.807430E-01
  3.956383E+00 -4.740357E-01 -4.741067E-01
  4.005046E+00 -4.672671E-01 -4.673422E-01
  4.054308E+00 -4.603782E-01 -4.604570E-01
  4.104176E+00 -4.533764E-01 -4.534584E-01
  4.154658E+00 -4.462691E-01 -4.463539E-01
  4.205760E+00 -4.390637E-01 -4.391510E-01
  4.257491E+00 -4.317676E-01 -4.318570E-01
  4.309858E+00 -4.243881E-01 -4.244793E-01
  4.362869E+00 -4.169324E-01 -4.170251E-01
  4.416533E+00 -4.094079E-01 -4.095017E-01
  4.470856E+00 -4.018215E-01 -4.019161E-01
  4.525848E+00 -3.941804E-01 -3.942756E-01
  4.581515E+00 -3.864916E-01 -3.865871E-01
  4.637868E+00 -3.787619E-01 -3.788575E-01
  4.694914E+00 -3.709983E-01 -3.710937E-01
  4.752661E+00 -3.632074E-01 -3.633024E-01
  4.811119E+00 -3.553960E-01 -3.554904E-01
  4.870296E+00 -3.475706E-01 -3.476643E-01
  4.930200E+00 -3.397377E-01 -3.398305E-01
  4.990842E+00 -3.319039E-01 -3.319956E-01
  5.052229E+00 -3.240754E-01 -3.241658E-01
  5.114372E+00 -3.162585E-01 -3.163476E-01
  5.177278E+00 -3.084593E-01 -3.085470E-01
  5.240959E+00 -3.006840E-01 -3.007701E-01
  5.305423E+00 -2.929385E-01 -2.930230E-01
  5.370679E+00 -2.852289E-01 -2.853116E-01
  5.436739E+00 -2.775607E-01 -2.776417E-01
  5.503611E+00 -2.699399E-01 -2.700190E-01
  5.571305E+00 -2.623719E-01 -2.624491E-01
  5.639832E+00 -2.548623E-01 -2.549376E-01
  5.709202E+00 -2.474164E-01 -2.474898E-01
  5.779425E+00 -2.400395E-01 -2.401109E-01
  5.850512E+00 -2.327368E-01 -2.328062E-01
  5.922474E+00 -2.255131E-01 -2.255805E-01
  5.995320E+00 -2.183734E-01 -2.184388E-01
  6.069062E+00 -2.113224E-01 -2.113858E-01
  6.143712E+00 -2.043645E-01 -2.044259E-01
  6.219279E+00 -1.975043E-01 -1.975636E-01
  6.295777E+00 -1.907457E-01 -1.908031E-01
  6.373215E+00 -1.840929E-01 -1.841483E-01
  6.451605E+00 -1.775496E-01 -1.776031E-01
  6.530960E+00 -1.711195E-01 -1.711710E-01
  6.611291E+00 -1.648059E-01 -1.648556E-01
  6.692610E+00 -1.586121E-01 -1.586599E-01
  6.774929E+00 -1.525410E-01 -1.525869E-01
  6.858260E+00 -1.465953E-01 -1.466395E-01
  6.942617E+00 -1.407776E-01 -1.408200E-01
  7.028011E+00 -1.350901E-01 -1.351307E-01
  7.114456E+00 -1.295348E-01 -1.295737E-01
  7.201964E+00 -1.241135E-01 -1.241508E-01
  7.290548E+00 -1.188278E-01 -1.188634E-01
  7.380221E+00 -1.136789E-01 -1.137129E-01
  7.470998E+00 -1.086679E-01 -1.087004E-01
  7.562891E+00 -1.037955E-01 -1.038265E-01
  7.655915E+00 -9.906237E-02 -9.909190E-02
  7.750083E+00 -9.446876E-02 -9.449687E-02
  7.845409E+00 -9.001473E-02 -9.004147E-02
  7.941907E+00 -8.570014E-02 -8.572555E-02
  8.039593E+00 -8.152458E-02 -8.154870E-02
  8.138480E+00 -7.748744E-02 -7.751031E-02
  8.238583E+00 -7.358787E-02 -7.360954E-02
  8.339918E+00 -6.982484E-02 -6.984535E-02
  8.442499E+00 -6.619709E-02 -6.621649E-02
  8.546341E+00 -6.270319E-02 -6.272152E-02
  8.651461E+00 -5.934152E-02 -5.935881E-02
  8.757874E+00 -5.611026E-02 -5.612657E-02
  8.865596E+00 -5.300746E-02 -5.302282E-02
  8.974643E+00 -5.003100E-02 -5.004545E-02
  9.085031E+00 -4.717861E-02 -4.719219E-02
  9.196777E+00 -4.444789E-02 -4.446064E-02
  9.309897E+00 -4.183632E-02 -4.184828E-02
  9.424409E+00 -3.934127E-02 -3.935247E-02
  9.540329E+00 -3.696000E-02 -3.697049E-02
  9.657675E+00 -3.468968E-02 -3.469949E-02
  9.776465E+00 -3.252742E-02 -3.253658E-02
  9.896715E+00 -3.047024E-02 -3.047878E-02
  1.001844E+01 -2.851510E-02 -2.852306E-02
  1.014167E+01 -2.665892E-02 -2.666633E-02
  1.026641E+01 -2.489860E-02 -2.490549E-02
  1.039269E+01 -2.323099E-02 -2.323739E-02
  1.052052E+01 -2.165292E-02 -2.165885E-02
  1.064992E+01 -2.016123E-02 -2.016673E-02
  1.078092E+01 -1.875274E-02 -1.875783E-02
  1.091352E+01 -1.742430E-02 -1.742901E-02
  1.104776E+01 -1.617277E-02 -1.617711E-02
  1.118365E+01 -1.499501E-02 -1.499902E-02
  1.132121E+01 -1.388795E-02 -1.389164E-02
  1.146046E+01 -1.284854E-02 -1.285193E-02
  1.160142E+01 -1.187377E-02 -1.187688E-02
  1.174412E+01 -1.096068E-02 -1.096354E-02
  1.188857E+01 -1.010639E-02 -1.010901E-02
  1.203480E+01 -9.308044E-03 -9.310443E-03
  1.218283E+01 -8.562881E-03 -8.565074E-03
  1.233268E+01 -7.868195E-03 -7.870196E-03
  1.248437E+01 -7.221353E-03 -7.223177E-03
  1.263793E+01 -6.619801E-03 -6.621462E-03
  1.279337E+01 -6.061060E-03 -6.062570E-03
  1.295073E+01 -5.542733E-03 -5.544103E-03
  1.311003E+01 -5.062502E-03 -5.063744E-03
  1.327128E+01 -4.618134E-03 -4.619259E-03
  1.343452E+01 -4.207480E-03 -4.208497E-03
  1.359976E+01 -3.828475E-03 -3.829393E-03
  1.376704E+01 -3.479137E-03 -3.479964E-03
  1.393637E+01 -3.157570E-03 -3.158315E-03
  1.410779E+01 -2.861963E-03 -2.862633E-03
  1.428131E+01 -2.590587E-03 -2.591188E-03
  1.445697E+01 -2.341795E-03 -2.342333E-03
  1.463480E+01 -2.114021E-03 -2.114503E-03
  1.481480E+01 -1.905781E-03 -1.906212E-03
  1.499703E+01 -1.715667E-03 -1.716051E-03
  1.518149E+01 -1.542349E-03 -1.542690E-03
  1.536822E+01 -1.384568E-03 -1.384872E-03
  1.555725E+01 -1.241141E-03 -1.241411E-03
  1.574860E+01 -1.110954E-03 -1.111193E-03
  1.594231E+01 -9.929592E-04 -9.931705E-04
  1.613840E+01 -8.861755E-04 -8.863620E-04
  1.633691E+01 -7.896842E-04 -7.898485E-04
  1.653785E+01 -7.026269E-04 -7.027715E-04
  1.674126E+01 -6.242031E-04 -6.243302E-04
  1.694718E+01 -5.536674E-04 -5.537788E-04
  1.715563E+01 -4.903270E-04 -4.904244E-04
  1.736665E+01 -4.335390E-04 -4.336241E-04
  1.758026E+01 -3.827083E-04 -3.827824E-04
  1.779649E+01 -3.372845E-04 -3.373490E-04
  1.801539E+01 -2.967599E-04 -2.968159E-04
  1.823698E+01 -2.606668E-04 -2.607153E-04
  1.846129E+01 -2.285751E-04 -2.286171E-04
  1.868837E+01 -2.000903E-04 -2.001265E-04
  1.891824E+01 -1.748510E-04 -1.748822E-04
  1.915093E+01 -1.525267E-04 -1.525535E-04
  1.938649E+01 -1.328159E-04 -1.328388E-04
  1.962494E+01 -1.154439E-04 -1.154636E-04
  1.986633E+01 -1.001612E-04 -1.001780E-04
  2.011068E+01 -8.674131E-05 -8.675559E-05
  2.035804E+01 -7.497910E-05 -7.499122E-05
  2.060845E+01 -6.468930E-05 -6.469958E-05
  2.086193E+01 -5.570480E-05 -5.571349E-05
  2.111853E+01 -4.787518E-05 -4.788251E-05
  2.137829E+01 -4.106537E-05 -4.107153E-05
  2.164124E+01 -3.515425E-05 -3.515942E-05
  2.190743E+01 -3.003352E-05 -3.003784E-05
  2.217689E+01 -2.560649E-05 -2.561010E-05
  2.244967E+01 -2.178705E-05 -2.179006E-05
  2.272580E+01 -1.849867E-05 -1.850116E-05
  2.300533E+01 -1.567346E-05 -1.567552E-05
  2.328829E+01 -1.325135E-05 -1.325305E-05
  2.357474E+01 -1.117930E-05 -1.118070E-05
  2.386471E+01 -9.410593E-06 -9.411739E-06
  2.415824E+01 -7.904149E-06 -7.905086E-06
  2.445539E+01 -6.623943E-06 -6.624705E-06
  2.475619E+01 -5.538468E-06 -5.539087E-06
  2.506069E+01 -4.620224E-06 -4.620724E-06
  2.536894E+01 -3.845249E-06 -3.845652E-06
  2.568098E+01 -3.192726E-06 -3.193049E-06
  2.599685E+01 -2.644610E-06 -2.644868E-06
  2.631661E+01 -2.185303E-06 -2.185508E-06
  2.664031E+01 -1.801352E-06 -1.801515E-06
  2.696798E+01 -1.481186E-06 -1.481314E-06
  2.729969E+01 -1.214873E-06 -1.214974E-06
  2.763548E+01 -9.939152E-07 -9.939940E-07
  2.797539E+01 -8.110563E-07 -8.111175E-07
  2.831949E+01 -6.601189E-07 -6.601662E-07
  2.866782E+01 -5.358569E-07 -5.358932E-07
  2.902043E+01 -4.338272E-07 -4.338549E-07
  2.937739E+01 -3.502771E-07 -3.502980E-07
  2.973873E+01 -2.820454E-07 -2.820611E-07
  3.010451E+01 -2.264770E-07 -2.264887E-07
  3.047480E+01 -1.813476E-07 -1.813563E-07
  3.084964E+01 -1.447997E-07 -1.448059E-07
  3.122909E+01 -1.152858E-07 -1.152903E-07
  3.161321E+01 -9.152102E-08 -9.152421E-08
  3.200205E+01 -7.244151E-08 -7.244371E-08
  3.239568E+01 -5.716888E-08 -5.717038E-08
  3.279414E+01 -4.498022E-08 -4.498119E-08
  3.319751E+01 -3.528229E-08 -3.528289E-08
  3.360584E+01 -2.758982E-08 -2.759017E-08
  3.401919E+01 -2.150708E-08 -2.150725E-08
  3.443763E+01 -1.671235E-08 -1.671241E-08
  3.486121E+01 -1.294494E-08 -1.294492E-08
  3.529000E+01 -9.994287E-09 -9.994227E-09
  3.572407E+01 -7.690869E-09 -7.690786E-09
  3.616348E+01 -5.898657E-09 -5.898565E-09
  3.660829E+01 -4.508864E-09 -4.508772E-09
  3.705857E+01 -3.434783E-09 -3.434696E-09
  3.751439E+01 -2.607542E-09 -2.607462E-09
  3.797582E+01 -1.972625E-09 -1.972555E-09
  3.844292E+01 -1.487032E-09 -1.486972E-09
  3.891577E+01 -1.116965E-09 -1.116914E-09
  3.939443E+01 -8.359554E-10 -8.359125E-10
  3.987898E+01 -6.233491E-10 -6.233138E-10
  4.036949E+01 -4.630891E-10 -4.630604E-10
  4.086604E+01 -3.427384E-10 -3.427153E-10
  4.136869E+01 -2.527004E-10 -2.526819E-10
  4.187753E+01 -1.855980E-10 -1.855834E-10
  4.239262E+01 -1.357826E-10 -1.357712E-10
  4.291405E+01 -9.894592E-11 -9.893702E-11
  4.344189E+01 -7.181463E-11 -7.180775E-11
  4.397623E+01 -5.191201E-11 -5.190673E-11
  4.451714E+01 -3.737152E-11 -3.736750E-11
  4.506470E+01 -2.679229E-11 -2.678925E-11
  4.561899E+01 -1.912725E-11 -1.912496E-11
  4.618011E+01 -1.359710E-11 -1.359539E-11
  4.674812E+01 -9.624286E-12 -9.623016E-12
  4.732312E+01 -6.782592E-12 -6.781654E-12
  4.790520E+01 -4.758876E-12 -4.758188E-12
  4.849443E+01 -3.324077E-12 -3.323575E-12
  4.909091E+01 -2.311381E-12 -2.311017E-12
  4.969473E+01 -1.599858E-12 -1.599595E-12
  5.030598E+01 -1.102240E-12 -1.102051E-12
  5.092474E+01 -7.558411E-13 -7.557069E-13
  5.155111E+01 -5.158454E-13 -5.157503E-13
  5.218519E+01 -3.503624E-13 -3.502954E-13
  5.282707E+01 -2.368092E-13 -2.367622E-13
  5.347684E+01 -1.592708E-13 -1.592381E-13
  5.413461E+01 -1.065870E-13 -1.065644E-13
  5.480046E+01 -7.097011E-14 -7.095452E-14
  5.547451E+01 -4.701352E-14 -4.700284E-14
  5.615685E+01 -3.098264E-14 -3.097538E-14
  5.684758E+01 -2.031115E-14 -2.030624E-14
  5.754680E+01 -1.324473E-14 -1.324142E-14
  5.825463E+01 -8.590428E-15 -8.588219E-15
  5.897116E+01 -5.541423E-15 -5.539954E-15
  5.969650E+01 -3.554946E-15 -3.553976E-15
  6.043077E+01 -2.267884E-15 -2.267247E-15
  6.117407E+01 -1.438651E-15 -1.438236E-15
  6.192651E+01 -9.074193E-16 -9.071493E-16
  6.268821E+01 -5.690670E-16 -5.688925E-16
  6.345927E+01  0.000000E+00 -3.369982E-16
  6.423982E+01  0.000000E+00 -2.352898E-16
  6.502997E+01  0.000000E+00 -1.086288E-11
  6.582984E+01  0.000000E+00 -7.504724E-12
  6.663955E+01  0.000000E+00 -5.159577E-12
  6.745921E+01  0.000000E+00 -3.529858E-12
  6.828896E+01  0.000000E+00 -2.402911E-12
  6.912891E+01  0.000000E+00 -1.627531E-12
  6.997920E+01  0.000000E+00 -1.096743E-12
  7.083994E+01  0.000000E+00 -7.352556E-13
  7.171128E+01  0.000000E+00 -4.903479E-13
  7.259332E+01  0.000000E+00 -3.252973E-13
  7.348622E+01  0.000000E+00 -2.146593E-13
  7.439010E+01  0.000000E+00 -1.409041E-13
  7.530510E+01  0.000000E+00  0.000000E+00
  7.623135E+01  0.000000E+00  0.000000E+00
  7.716900E+01  0.000000E+00  0.000000E+00
  7.811818E+01  0.000000E+00  0.000000E+00
