  2.083333333333300E-004   1.94407420131092     
  2.108958333333300E-004   1.94407425972234     
  2.134898520833300E-004   1.94407431957952     
  2.161157772639600E-004   1.94407438091824     
  2.187740013243100E-004   1.94407444439580     
  2.214649215405900E-004   1.94407451126769     
  2.241889400755400E-004   1.94407458127601     
  2.269464640384700E-004   1.94407465454284     
  2.297379055461500E-004   1.94407473113047     
  2.325636817843600E-004   1.94407481110308     
  2.354242150703100E-004   1.94407489452595     
  2.383199329156800E-004   1.94407498146671     
  2.412512680905400E-004   1.94407507199495     
  2.442186586880500E-004   1.94407516618190     
  2.472225481899200E-004   1.94407526410070     
  2.502633855326500E-004   1.94407536582707     
  2.533416251747000E-004   1.94407547143815     
  2.564577271643500E-004   1.94407558101350     
  2.596121572084700E-004   1.94407569463493     
  2.628053867421400E-004   1.94407581238620     
  2.660378929990700E-004   1.94407593435369     
  2.693101590829500E-004   1.94407606062604     
  2.726226740396700E-004   1.94407619129387     
  2.759759329303600E-004   1.94407632645065     
  2.793704369054100E-004   1.94407646619220     
  2.828066932793400E-004   1.94407661061716     
  2.862852156066800E-004   1.94407675982626     
  2.898065237586400E-004   1.94407691392344     
  2.933711440008700E-004   1.94407707301506     
  2.969796090720800E-004   1.94407723721039     
  3.006324582636700E-004   1.94407740662155     
  3.043302375003100E-004   1.94407758136377     
  3.080734994215700E-004   1.94407776155497     
  3.118628034644500E-004   1.94407794731661     
  3.156987159470600E-004   1.94407813877292     
  3.195818101532100E-004   1.94407833605147     
  3.235126664181000E-004   1.94407853928323     
  3.274918722150400E-004   1.94407874860266     
  3.315200222432800E-004   1.94407896414754     
  3.355977185168800E-004   1.94407918605908     
  3.397255704546300E-004   1.94407941448265     
  3.439041949712300E-004   1.94407964956669     
  3.481342165693700E-004   1.94407989146416     
  3.524162674331800E-004   1.94408014033130     
  3.567509875226000E-004   1.94408039632900     
  3.611390246691300E-004   1.94408065962167     
  3.655810346725600E-004   1.94408093037837     
  3.700776813990400E-004   1.94408120877222     
  3.746296368802400E-004   1.94408149498112     
  3.792375814138700E-004   1.94408178918701     
  3.839022036652600E-004   1.94408209157688     
  3.886242007703400E-004   1.94408240234231     
  3.934042784398200E-004   1.94408272167970     
  3.982431510646300E-004   1.94408304979064     
  4.031415418227200E-004   1.94408338688173     
  4.081001827871400E-004   1.94408373316471     
  4.131198150354200E-004   1.94408408885685     
  4.182011887603600E-004   1.94408445418079     
  4.233450633821100E-004   1.94408482936499     
  4.285522076617100E-004   1.94408521464350     
  4.338233998159500E-004   1.94408561025635     
  4.391594276336900E-004   1.94408601644963     
  4.445610885935800E-004   1.94408643347575     
  4.500291899832800E-004   1.94408686159328     
  4.555645490200800E-004   1.94408730106738     
  4.611679929730300E-004   1.94408775216998     
  4.668403592865900E-004   1.94408821517988     
  4.725824957058200E-004   1.94408869038259     
  4.783952604030000E-004   1.94408917807118     
  4.842795221059600E-004   1.94408967854580     
  4.902361602278600E-004   1.94409019211435     
  4.962660649986600E-004   1.94409071909231     
  5.023701375981500E-004   1.94409125980304     
  5.085492902906000E-004   1.94409181457826     
  5.148044465611800E-004   1.94409238375765     
  5.211365412538800E-004   1.94409296768972     
  5.275465207113000E-004   1.94409356673151     
  5.340353429160500E-004   1.94409418124903     
  5.406039776339200E-004   1.94409481161750     
  5.472534065588200E-004   1.94409545822148     
  5.539846234594900E-004   1.94409612145523     
  5.607986343280400E-004   1.94409680172272     
  5.676964575302800E-004   1.94409749943807     
  5.746791239579000E-004   1.94409821502585     
  5.817476771825799E-004   1.94409894892108     
  5.889031736119299E-004   1.94409970156967     
  5.961466826473500E-004   1.94410047342880     
  6.034792868439200E-004   1.94410126496677     
  6.109020820721000E-004   1.94410207666388     
  6.184161776815799E-004   1.94410290901225     
  6.260226966670700E-004   1.94410376251613     
  6.337227758360700E-004   1.94410463769265     
  6.415175659788600E-004   1.94410553507151     
  6.494082320404000E-004   1.94410645519585     
  6.573959532944900E-004   1.94410739862225     
  6.654819235200100E-004   1.94410836592104     
  6.736673511793100E-004   1.94410935767686     
  6.819534595988199E-004   1.94411037448889     
  6.903414871518799E-004   1.94411141697127     
  6.988326874438500E-004   1.94411248575328     
  7.074283294994100E-004   1.94411358147998     
  7.161296979522500E-004   1.94411470481243     
  7.249380932370599E-004   1.94411585642811     
  7.338548317838800E-004   1.94411703702133     
  7.428812462148200E-004   1.94411824730376     
  7.520186855432600E-004   1.94411948800467     
  7.612685153754499E-004   1.94412075987141     
  7.706321181145600E-004   1.94412206367011     
  7.801108931673700E-004   1.94412340018567     
  7.897062571533300E-004   1.94412477022266     
  7.994196441163200E-004   1.94412617460557     
  8.092525057389500E-004   1.94412761417945     
  8.192063115595401E-004   1.94412908981022     
  8.292825491917200E-004   1.94413060238541     
  8.394827245467800E-004   1.94413215281450     
  8.498083620587000E-004   1.94413374202964     
  8.602610049120300E-004   1.94413537098598     
  8.708422152724400E-004   1.94413704066262     
  8.815535745202900E-004   1.94413875206270     
  8.923966834868900E-004   1.94414050621441     
  9.033731626937800E-004   1.94414230417144     
  9.144846525949200E-004   1.94414414701357     
  9.257328138218300E-004   1.94414603584753     
  9.371193274318400E-004   1.94414797180728     
  9.486458951592500E-004   1.94414995605511     
  9.603142396697099E-004   1.94415198978204     
  9.721261048176500E-004   1.94415407420868     
  9.840832559069100E-004   1.94415621058591     
  9.961874799545600E-004   1.94415840019570     
  1.008440585958000E-003   1.94416064435169     
  1.020844405165300E-003   1.94416294440013     
  1.033400791348800E-003   1.94416530172098     
  1.046111621082400E-003   1.94416771772779     
  1.058978794021700E-003   1.94417019386978     
  1.072004233188200E-003   1.94417273163162     
  1.085189885256400E-003   1.94417533253538     
  1.098537720845100E-003   1.94417799814014     
  1.112049734811500E-003   1.94418073004441     
  1.125727946549600E-003   1.94418352988613     
  1.139574400292200E-003   1.94418639934295     
  1.153591165415800E-003   1.94418934013542     
  1.167780336750400E-003   1.94419235402614     
  1.182144034892400E-003   1.94419544282144     
  1.196684406521600E-003   1.94419860837226     
  1.211403624721800E-003   1.94420185257592     
  1.226303889305900E-003   1.94420517737627     
  1.241387427144400E-003   1.94420858476564     
  1.256656492498200E-003   1.94421207678612     
  1.272113367356000E-003   1.94421565552918     
  1.287760361774400E-003   1.94421932313990     
  1.303599814224300E-003   1.94422308181469     
  1.319634091939200E-003   1.94422693380620     
  1.335865591270100E-003   1.94423088142135     
  1.352296738042700E-003   1.94423492702550     
  1.368929987920600E-003   1.94423907304191     
  1.385767826772100E-003   1.94424332195385     
  1.402812771041400E-003   1.94424767630694     
  1.420067368125200E-003   1.94425213870922     
  1.437534196753100E-003   1.94425671183363     
  1.455215867373200E-003   1.94426139841904     
  1.473115022541900E-003   1.94426620127280     
  1.491234337319100E-003   1.94427112327170     
  1.509576519668100E-003   1.94427616736341     
  1.528144310860100E-003   1.94428133656885     
  1.546940485883600E-003   1.94428663398469     
  1.565967853860000E-003   1.94429206278298     
  1.585229258462500E-003   1.94429762621543     
  1.604727578341600E-003   1.94430332761408     
  1.624465727555200E-003   1.94430917039359     
  1.644446656004100E-003   1.94431515805331     
  1.664673349873000E-003   1.94432129417909     
  1.685148832076400E-003   1.94432758244632     
  1.705876162710900E-003   1.94433402662096     
  1.726858439512300E-003   1.94434063056233     
  1.748098798318300E-003   1.94434739822604     
  1.769600413537600E-003   1.94435433366533     
  1.791366498624100E-003   1.94436144103404     
  1.813400306557200E-003   1.94436872458899     
  1.835705130327800E-003   1.94437618869288     
  1.858284303430900E-003   1.94438383781598     
  1.881141200363100E-003   1.94439167654024     
  1.904279237127500E-003   1.94439970956087     
  1.927701871744200E-003   1.94440794168918     
  1.951412604766700E-003   1.94441637785640     
  1.975414979805300E-003   1.94442502311605     
  1.999712584056900E-003   1.94443388264666     
  2.024309048840800E-003   1.94444296175547     
  2.049208050141500E-003   1.94445226588145     
  2.074413309158300E-003   1.94446180059816     
  2.099928592860900E-003   1.94447157161810     
  2.125757714553100E-003   1.94448158479486     
  2.151904534442100E-003   1.94449184612769     
  2.178372960215800E-003   1.94450236176446     
  2.205166947626400E-003   1.94451313800609     
  2.232290501082200E-003   1.94452418130926     
  2.259747674245500E-003   1.94453549829130     
  2.287542570638700E-003   1.94454709573369     
  2.315679344257600E-003   1.94455898058615     
  2.344162200192000E-003   1.94457115997115     
  2.372995395254300E-003   1.94458364118802     
  2.402183238616000E-003   1.94459643171679     
  2.431730092450900E-003   1.94460953922405     
  2.461640372588100E-003   1.94462297156586     
  2.491918549170900E-003   1.94463673679417     
  2.522569147325700E-003   1.94465084316037     
  2.553596747837800E-003   1.94466529912101     
  2.585005987836200E-003   1.94468011334265     
  2.616801561486600E-003   1.94469529470710     
  2.648988220692900E-003   1.94471085231687     
  2.681570775807400E-003   1.94472679550064     
  2.714554096349800E-003   1.94474313381879     
  2.747943111735000E-003   1.94475987706910     
  2.781742812009300E-003   1.94477703529342     
  2.815958248597000E-003   1.94479461878254     
  2.850594535054700E-003   1.94481263808333     
  2.885656847835900E-003   1.94483110400466     
  2.921150427064300E-003   1.94485002762430     
  2.957080577317200E-003   1.94486942029536     
  2.993452668418200E-003   1.94488929365324     
  3.030272136239700E-003   1.94490965962271     
  3.067544483515500E-003   1.94493053042490     
  3.105275280662700E-003   1.94495191858530     
  3.143470166614900E-003   1.94497383694054     
  3.182134849664200E-003   1.94499629864704     
  3.221275108315100E-003   1.94501931718810     
  3.260896792147400E-003   1.94504290638286     
  3.301005822690800E-003   1.94506708039432     
  3.341608194309900E-003   1.94509185373787     
  3.382709975099900E-003   1.94511724129033     
  3.424317307793600E-003   1.94514325829884     
  3.466436410679500E-003   1.94516992039009     
  3.509073578530900E-003   1.94519724358007     
  3.552235183546800E-003   1.94522524428368     
  3.595927676304400E-003   1.94525393932449     
  3.640157586723000E-003   1.94528334594520     
  3.684931525039600E-003   1.94531348181847     
  3.730256182797600E-003   1.94534436505680     
  3.776138333846000E-003   1.94537601422453     
  3.822584835352400E-003   1.94540844834848     
  3.869602628827200E-003   1.94544168693017     
  3.917198741161800E-003   1.94547574995696     
  3.965380285678100E-003   1.94551065791492     
  4.014154463191900E-003   1.94554643180104     
  4.063528563089200E-003   1.94558309313595     
  4.113509964415100E-003   1.94562066397756     
  4.164106136977500E-003   1.94565916693372     
  4.215324642462300E-003   1.94569862517714     
  4.267173135564600E-003   1.94573906245856     
  4.319659365132000E-003   1.94578050312197     
  4.372791175323100E-003   1.94582297211910     
  4.426576506779600E-003   1.94586649502498     
  4.481023397813000E-003   1.94591109805360     
  4.536139985606100E-003   1.94595680807390     
  4.591934507429000E-003   1.94600365262635     
  4.648415301870400E-003   1.94605165993966     
  4.705590810083400E-003   1.94610085894851     
  4.763469577047500E-003   1.94615127931096     
  4.822060252845100E-003   1.94620295142712     
  4.881371593955100E-003   1.94625590645724     
  4.941412464560800E-003   1.94631017634147     
  5.002191837874900E-003   1.94636579381942     
  5.063718797480700E-003   1.94642279245018     
  5.126002538689800E-003   1.94648120663292     
  5.189052369915600E-003   1.94654107162875     
  5.252877714065600E-003   1.94660242358158     
  5.317488109948600E-003   1.94666529954126     
  5.382893213701000E-003   1.94672973748601     
  5.449102800229500E-003   1.94679577634617     
  5.516126764672300E-003   1.94686345602810     
  5.583975123877800E-003   1.94693281743898     
  5.652658017901500E-003   1.94700390251229     
  5.722185711521700E-003   1.94707675423361     
  5.792568595773400E-003   1.94715141666740     
  5.863817189501400E-003   1.94722793498434     
  5.935942140932300E-003   1.94730635548933     
  6.008954229265700E-003   1.94738672565048     
  6.082864366285700E-003   1.94746909412826     
  6.157683597991000E-003   1.94755351080622     
  6.233423106246300E-003   1.94764002682169     
  6.310094210453100E-003   1.94772869459791     
  6.387708369241700E-003   1.94781956787645     
  6.466277182183400E-003   1.94791270175102     
  6.545812391524200E-003   1.94800815270171     
  6.626325883940000E-003   1.94810597863010     
  6.707829692312500E-003   1.94820623889585     
  6.790335997527900E-003   1.94830899435353     
  6.873857130297500E-003   1.94841430739064     
  6.958405573000100E-003   1.94852224196694     
  7.043993961548100E-003   1.94863286365416     
  7.130635087275100E-003   1.94874623967760     
  7.218341898848600E-003   1.94886243895771     
  7.307127504204400E-003   1.94898153215378     
  7.397005172506100E-003   1.94910359170803     
  7.487988336128000E-003   1.94922869189123     
  7.580090592662300E-003   1.94935690884955     
  7.673325706952100E-003   1.94948832065197     
  7.767707613147600E-003   1.94962300733994     
  7.863250416789300E-003   1.94976105097741     
  7.959968396915800E-003   1.94990253570263     
  8.057876008197899E-003   1.95004754778114     
  8.156987883098699E-003   1.95019617566024     
  8.257318834060799E-003   1.95034851002461     
  8.358883855719800E-003   1.95050464385365     
  8.461698127145100E-003   1.95066467248021     
  8.565777014109001E-003   1.95082869365058     
  8.671136071382500E-003   1.95099680758653     
  8.777791045060501E-003   1.95116911704837     
  8.885757874914800E-003   1.95134572740010     
  8.995052696776199E-003   1.95152674667607     
  9.105691844946600E-003   1.95171228564907     
  9.217691854639399E-003   1.95190245790078     
  9.331069464451501E-003   1.95209737989336     
  9.445841618864300E-003   1.95229717104338     
  9.562025470776300E-003   1.95250195379744     
  9.679638384066800E-003   1.95271185370959     
  9.798697936190899E-003   1.95292699952096     
  9.919221920806000E-003   1.95314752324151     
  1.004122835043200E-002   1.95337356023334     
  1.016473545914200E-002   1.95360524929702     
  1.028976170529000E-002   1.95384273275854     
  1.041632577426500E-002   1.95408615656133     
  1.054444658128800E-002   1.95433567035708     
  1.067414327423800E-002   1.95459142760096     
  1.080543523651100E-002   1.95485358564997     
  1.093834208992000E-002   1.95512230586151     
  1.107288369762600E-002   1.95539775369626     
  1.120908016710700E-002   1.95568009882295     
  1.134695185316200E-002   1.95596951522628     
  1.148651936095600E-002   1.95626618131619     
  1.162780354909600E-002   1.95657028004215     
  1.177082553275000E-002   1.95688199900853     
  1.191560668680300E-002   1.95720153059334     
  1.206216864905100E-002   1.95752907207031     
  1.221053332343400E-002   1.95786482573410     
  1.236072288331200E-002   1.95820899902758     
  1.251275977477700E-002   1.95856180467378     
  1.266666672000700E-002   1.95892346081072     
  1.282246672066300E-002   1.95929419112908     
  1.298018306132700E-002   1.95967422501356     
  1.313983931298100E-002   1.96006379768829     
  1.330145933653100E-002   1.96046315036510     
  1.346506728637000E-002   1.96087253039693     
  1.363068761399200E-002   1.96129219143289     
  1.379834507164500E-002   1.96172239357887     
  1.396806471602600E-002   1.96216340356303     
  1.413987191203300E-002   1.96261549490209     
  1.431379233655100E-002   1.96307894807533     
  1.448985198229100E-002   1.96355405070114     
  1.466807716167300E-002   1.96404109771886     
  1.484849451076100E-002   1.96454039157407     
  1.503113099324400E-002   1.96505224240923     
  1.521601390446100E-002   1.96557696826046     
  1.540317087548500E-002   1.96611489525665     
  1.559262987725400E-002   1.96666635782468     
  1.578441922474400E-002   1.96723169890188     
  1.597856758120800E-002   1.96781127015031     
  1.617510396245700E-002   1.96840543217889     
  1.637405774119600E-002   1.96901455477071     
  1.657545865141200E-002   1.96963901711638     
  1.677933679282500E-002   1.97027920805119     
  1.698572263537600E-002   1.97093552630254     
  1.719464702379100E-002   1.97160838073886     
  1.740614118218400E-002   1.97229819062887     
  1.762023671872500E-002   1.97300538590561     
  1.783696563036500E-002   1.97373040743735     
  1.805636030761900E-002   1.97447370730558     
  1.827845353940200E-002   1.97523574909154     
  1.850327851793700E-002   1.97601700816736     
  1.873086884370800E-002   1.97681797199833     
  1.896125853048500E-002   1.97763914045049     
  1.919448201041000E-002   1.97848102610669     
  1.943057413913800E-002   1.97934415459249     
  1.966957020105000E-002   1.98022906490894     
  1.991150591452300E-002   1.98113630977559     
  2.015641743727100E-002   1.98206645598154     
  2.040434137175000E-002   1.98302008474615     
  2.065531477062200E-002   1.98399779209112     
  2.090937514230100E-002   1.98500018921951     
  2.116656045655100E-002   1.98602790290849     
  2.142690915016700E-002   1.98708157590993     
  2.169046013271400E-002   1.98816186736434     
  2.195725279234600E-002   1.98926945322443     
  2.222732700169200E-002   1.99040502669135     
  2.250072312381300E-002   1.99156929866330     
  2.277748201823600E-002   1.99276299819602     
  2.305764504706000E-002   1.99398687297678     
  2.334125408113900E-002   1.99524168981130     
  2.362835150633700E-002   1.99652823512543     
  2.391898022986500E-002   1.99784731548023     
  2.421318368669200E-002   1.99919975810253     
  2.451100584603900E-002   2.00058641143031     
  2.481249121794500E-002   2.00200814567515     
  2.511768485992600E-002   2.00346585339915     
  2.542663238370300E-002   2.00496045011108     
  2.573937996202200E-002   2.00649287487857     
  2.605597433555500E-002   2.00806409095905     
  2.637646281988200E-002   2.00967508645027     
  2.670089331256700E-002   2.01132687495909     
  2.702931430031200E-002   2.01302049629201     
  2.736177486620500E-002   2.01475701716576     
  2.769832469706000E-002   2.01653753193934     
  2.803901409083400E-002   2.01836316337057     
  2.838389396415100E-002   2.02023506339381     
  2.873301585991000E-002   2.02215441392315     
  2.908643195498700E-002   2.02412242768079     
  2.944419506803300E-002   2.02614034905127     
  2.980635866737000E-002   2.02820945496267     
  3.017297687897800E-002   2.03033105579653     
  3.054410449459000E-002   2.03250649632583     
  3.091979697987300E-002   2.03473715668490     
  3.130011048272600E-002   2.03702445336861     
  3.168510184166300E-002   2.03936984026632     
  3.207482859431600E-002   2.04177480972756     
  3.246934898602600E-002   2.04424089366484     
  3.286872197855400E-002   2.04676966469106     
  3.327300725889000E-002   2.04936273729598     
  3.368226524817500E-002   2.05202176906128     
  3.409655711072700E-002   2.05474846191713     
  3.451594476318900E-002   2.05754456343973     
  3.494049088377600E-002   2.06041186819444     
  3.537025892164700E-002   2.06335221912322     
  3.580531310638300E-002   2.06636750898049     
  3.624571845759200E-002   2.06945968181708     
  3.669154079462000E-002   2.07263073451667     
  3.714284674639400E-002   2.07588271838385     
  3.759970376137400E-002   2.07921774078884     
  3.806218011763900E-002   2.08263796686802     
  3.853034493308600E-002   2.08614562128545     
  3.900426817576300E-002   2.08974299005507     
  3.948402067432500E-002   2.09343242242781     
  3.996967412861900E-002   2.09721633284531     
  4.046130112040100E-002   2.10109720296289     
  4.095897512418200E-002   2.10507758374500     
  4.146277051821000E-002   2.10916009763527     
  4.197276259558400E-002   2.11334744080488     
  4.248902757550900E-002   2.11764238548147     
  4.301164261468800E-002   2.12204778236248     
  4.354068581884900E-002   2.12656656311647     
  4.407623625442100E-002   2.13120174297494     
  4.461837396035000E-002   2.13595642341917     
  4.516717996006200E-002   2.14083379496537     
  4.572273627357100E-002   2.14583714005269     
  4.628512592973600E-002   2.15096983603772     
  4.685443297867200E-002   2.15623535829978     
  4.743074250430900E-002   2.16163728346208     
  4.801414063711200E-002   2.16717929273254     
  4.860471456694900E-002   2.17286517537056     
  4.920255255612200E-002   2.17869883228364     
  4.980774395256300E-002   2.18468427975940     
  5.042037920317900E-002   2.19082565334001     
  5.104054986737800E-002   2.19712721184255     
  5.166834863074700E-002   2.20359334153398     
  5.230386931890500E-002   2.21022856046548     
  5.294720691152800E-002   2.21703752297327     
  5.359845755653900E-002   2.22402502435390     
  5.425771858448500E-002   2.23119600571960     
  5.492508852307400E-002   2.23855555904401     
  5.560066711190800E-002   2.24610893240350     
  5.628455531738400E-002   2.25386153542526     
  5.697685534778800E-002   2.26181894494901     
  5.767767066856600E-002   2.26998691091338     
  5.838710601778900E-002   2.27837136247541     
  5.910526742180800E-002   2.28697841437410     
  5.983226221109600E-002   2.29581437354910     
  6.056819903629300E-002   2.30488574602482     
  6.131318788443900E-002   2.31419924407318     
  6.206734009541800E-002   2.32376179366581     
  6.283076837859200E-002   2.33358054223059     
  6.360358682964801E-002   2.34366286672454     
  6.438591094765300E-002   2.35401638203812     
  6.517785765230900E-002   2.36464894974666     
  6.597954530143200E-002   2.37556868722322     
  6.679109370864000E-002   2.38678397713067     
  6.761262416125600E-002   2.39830347731021     
  6.844425943844000E-002   2.41013613108371     
  6.928612382953300E-002   2.42229117799056     
  7.013834315263601E-002   2.43477816497749     
  7.100104477341300E-002   2.44760695806368     
  7.187435762412600E-002   2.46078775450282     
  7.275841222290300E-002   2.47433109546553     
  7.365334069324500E-002   2.48824787926639     
  7.455927678377200E-002   2.50254937516142     
  7.547635588821200E-002   2.51724723774276     
  7.640471506563699E-002   2.53235352195896     
  7.734449306094400E-002   2.54788069879068     
  7.829583032559401E-002   2.56384167161237     
  7.925886903859899E-002   2.58024979327365     
  8.023375312777301E-002   2.59711888393363     
  8.122062829124500E-002   2.61446324968485     
  8.221964201922700E-002   2.63229770200521     
  8.323094361606399E-002   2.65063757807616     
  8.425468422254100E-002   2.66949876201072     
  8.529101683847901E-002   2.68889770703341     
  8.634009634559200E-002   2.70885145865993     
  8.740207953064300E-002   2.72937767892286     
  8.847712510887000E-002   2.75049467169614     
  8.956539374770900E-002   2.77222140916997     
  9.066704809080600E-002   2.79457755953286     
  9.178225278232301E-002   2.81758351591931     
  9.291117449154500E-002   2.84126042668451     
  9.405398193779101E-002   2.86563022707065     
  9.521084591562599E-002   2.89071567233299     
  9.638193932038799E-002   2.91654037239623     
  9.756743717402901E-002   2.94312882811601     
  9.876751665126900E-002   2.97050646922394     
  9.998235710608000E-002   2.99869969403752     
  0.101212140098480        3.02773591102233     
  0.102457049421700        3.05764358229292     
  0.103717271129580        3.08845226915592     
  0.104992993564480        3.12019267977724     
  0.106284407385320        3.15289671910050     
  0.107591705596160        3.18659754110069     
  0.108915083574990        3.22132960350673     
  0.110254739102960        3.25712872509832     
  0.111610872393930        3.29403214570867     
  0.112983686124380        3.33207858906114     
  0.114373385463710        3.37130832857402     
  0.115780178104910        3.41176325627681     
  0.117204274295600        3.45348695498649     
  0.118645886869440        3.49652477389858     
  0.120105231277930        3.54092390775345     
  0.121582525622650        3.58673347974307     
  0.123077990687810        3.63400462834124     
  0.124591849973270        3.68279059823032     
  0.126124329727940        3.73314683551923     
  0.127675658983590        3.78513108744812     
  0.129246069589090        3.83880350678271     
  0.130835796245040        3.89422676111283     
  0.132445076538850        3.95146614727073     
  0.134074150980280        4.01058971109559     
  0.135723263037340        4.07166837278429     
  0.137392659172690        4.13477605806165     
  0.139082588880520        4.19998983541977     
  0.140793304723750        4.26739005969149     
  0.142525062371850        4.33706052220138     
  0.144278120639020        4.40908860777775     
  0.146052741522880        4.48356545888943     
  0.147849190243620        4.56058614718791     
  0.149667735283610        4.64024985273628     
  0.151508648427600        4.72266005120103     
  0.153372204803260        4.80792470930765     
  0.155258682922340        4.89615648882868     
  0.157168364722290        4.98747295939814     
  0.159101535608370        5.08199682043148     
  0.161058484496350        5.17985613241968     
  0.163039503855660        5.28118455787341     
  0.165044889753080        5.38612161216744     
  0.167074941897050        5.49481292452152     
  0.169129963682380        5.60741050935521     
  0.171210262235670        5.72407304819761     
  0.173316148461170        5.84496618234306     
  0.175447937087240        5.97026281638357     
  0.177605946713420        6.10014343271944     
  0.179790499857990        6.23479641711309     
  0.182001923006240        6.37441839527445     
  0.184240546659220        6.51921458043577     
  0.186506705383130        6.66939913177527     
  0.188800737859340        6.82519552347913     
  0.191122986935010        6.98683692413911     
  0.193473799674310        7.15456658607459     
  0.195853527410310        7.32863824404177     
  0.198262525797450        7.50931652266801     
  0.200701154864760        7.69687735177525     
  0.203169779069600        7.89160838861406     
  0.205668767352160        8.09380944579967     
  0.208198493190590        8.30379292355249     
  0.210759334656830        8.52188424458834     
  0.213351674473110        8.74842228974231     
  0.215975900069130        8.98375983210835     
  0.218632403639980        9.22826396714243     
  0.221321582204750        9.48231653582092     
  0.224043837665870        9.74631453753728     
  0.226799576869160        10.0206705289835     
  0.229589211664650        10.3058130047732     
  0.232413158968130        10.6021867550431     
  0.235271840823430        10.9102531946905     
  0.238165684465560        11.2304906582679     
  0.241095122384490        11.5633946539088     
  0.244060592389820        11.9094780688837     
  0.247062537676210        12.2692713186319     
  0.250101406889630        12.6433224302508     
  0.253177654194370        13.0321970505306     
  0.256291739340960        13.4364783676383     
  0.259444127734860        13.8567669345625     
  0.262635290506000        14.2936803813272     
  0.265865704579220        14.7478530018564     
  0.269135852745540        15.2199352001968     
  0.272446223734310        15.7105927795669     
  0.275797312286250        16.2205060564400     
  0.279189619227370        16.7503687805745     
  0.282623651543860        17.3008868405852     
  0.286099922457850        17.8727767333551     
  0.289618951504080        18.4667637742755     
  0.293181264607580        19.0835800240284     
  0.296787394162260        19.7239619064478     
  0.300437879110450        20.3886474908594     
  0.304133265023510        21.0783734112914     
  0.307874104183300        21.7938713941489     
  0.311660955664760        22.5358643652414     
  0.315494385419430        23.3050621067097     
  0.319374966360090        24.1021564342484     
  0.323303278446320        24.9278158653334     
  0.327279908771210        25.7826797497769     
  0.331305451649100        26.6673518351529     
  0.335380508704380        27.5823932413561     
  0.339505688961440        28.5283148209337     
  0.343681608935670        29.5055688849937     
  0.347908892725580        30.5145402784316     
  0.352188172106100        31.5555367931107     
  0.356520086623010        32.6287789135821     
  0.360905283688470        33.7343888969869     
  0.365344418677840        34.8723791970430     
  0.369838155027580        36.0426402517182     
  0.374387164334420        37.2449276651795     
  0.378992126455730        38.4788488272192     
  0.383653729611130        39.7438490274794     
  0.388372670485350        41.0391971375774     
  0.393149654332320        42.3639709516586     
  0.397985395080610        43.7170422949569     
  0.402880615440100        45.0970620306676     
  0.407836047010010        46.5024451176024     
  0.412852430388240        47.9313558947217     
  0.417930515282010        49.3816937934188     
  0.423071060619980        50.8510797040819     
  0.428274834665610        52.3368432498171     
  0.433542615131990        53.8360112464786     
  0.438875189298120        55.3452976541193     
  0.444273354126480        56.8610953497745     
  0.449737916382240        58.3794700741075     
  0.455269692753740        59.8961569243048     
  0.460869509974610        61.4065597807468     
  0.466538204947300        62.9057540645282     
  0.472276624868150        64.3884932243530     
  0.478085627354030        65.8492193427179     
  0.483966080570480        67.2820782297109     
  0.489918863361500        68.6809393348682     
  0.495944865380850        70.0394207499756     
  0.502044987225030        71.3509194945345     
  0.508220140567900        72.6086471680830     
  0.514471248296880        73.8056709180941     
  0.520799244650940        74.9349595106591     
  0.527205075360140        75.9894341113234     
  0.533689697787070        76.9620231999783     
  0.540254081069850        77.8457208817996     
  0.546899206267010        78.6336477481452     
  0.553626066504100        79.3191134244142     
  0.560435667122100        79.8956800455033     
  0.567329025827700        80.3572261320661     
  0.574307172845380        80.6980106731836     
  0.581371151071380        80.9127375787767     
  0.588522016229560        80.9966209363527     
  0.595760837029180        80.9454515700225     
  0.603088695324640        80.7556651671787     
  0.610506686277130        80.4244116967889     
  0.618015918518340        79.9496250745953     
  0.625617514316120        79.3300911956222     
  0.633312609742200        78.5655117440388     
  0.641102354842030        77.6565607638529     
  0.648987913806590        76.6049309097962     
  0.656970465146410        75.4133665796787     
  0.665051201867710        74.0856816677860     
  0.673231331650690        72.6267603516784     
  0.681512077029990        71.0425400207191     
  0.689894675577460        69.3399760980347     
  0.698380380087060        67.5269890639679     
  0.706970458762130        65.6123944557574     
  0.715666195404910        63.6058170104409     
  0.724468889608390        61.5175904547431     
  0.733379856950570        59.3586447422178     
  0.742400429191060        57.1403828017268     
  0.751531954470110        54.8745490925260     
  0.760775797510090        52.5730924545413     
  0.770133339819470        50.2480258893230     
  0.779605979899250        47.9112859984065     
  0.789195133452010        45.5745948329286     
  0.798902233593470        43.2493268652583     
  0.808728731066670        40.9463836767202     
  0.818676094458790        38.6760787654667     
  0.828745810420630        36.4480346187767     
  0.838939383888800        34.2710938715350     
  0.849258338310640        32.1532459974389     
  0.859704215871860        30.1015705677940     
  0.870278577727080        28.1221976552003     
  0.880983004233120        26.2202855366876     
  0.891819095185190        24.4000154105652     
  0.902788470055970        22.6646022994671     
  0.913892768237660        21.0163211893872     
  0.925133649286980        19.4565468314349     
  0.936512793173210        17.9858055270106     
  0.948031900529240        16.6038369616068     
  0.959692692905750        15.3096640227103     
  0.971496913028490        14.1016684767481     
  0.983446325058740        12.9776703912556     
  0.995542714856960        11.9350092662980     
   1.00778789024970        10.9706249758136     
   1.02018368129980        10.0811368049665     
   1.03273194057980        9.26291909237483     
   1.04543454344890        8.51217223399903     
   1.05829338833330        7.82498806639569     
   1.07131039700980        7.19740890939617     
   1.08448751489300        6.62547980180527     
   1.09782671132620        6.10529369981773     
   1.11132997987550        5.63302961981574     
   1.12499933862800        5.20498389035422     
   1.13883683049310        4.81759482989901     
   1.15284452350820        4.46746128648337     
   1.16702451114730        4.15135556411346     
   1.18137891263450        3.86623132114815     
   1.19590987325990        3.60922706236629     
   1.21061956470100        3.37766586426124     
   1.22551018534680        3.16905197841967     
   1.24058396062650        2.98106495610334     
   1.25584314334220        2.81155193229007     
   1.27129001400540        2.65851869971253     
   1.28692688117760        2.52012018857085     
   1.30275608181610        2.39465093691856     
   1.31877998162240        2.28053607984800     
   1.33500097539640        2.17632329510139     
   1.35142148739380        2.08067601944678     
   1.36804397168870        1.99236810540743     
   1.38487091254050        1.91027994135089     
   1.40190482476470        1.83339592981680     
   1.41914825410930        1.76080312166490     
   1.43660377763490        1.69169073674699     
   1.45427400409980        1.62535025444626     
   1.47216157435020        1.56117571640748     
   1.49026916171470        1.49866384228870     
   1.50859947240380        1.43741352154693     
   1.52715524591440        1.37712422402262     
   1.54593925543910        1.31759288763602     
   1.56495430828100        1.25870890846461     
   1.58420324627290        1.20044698353284     
   1.60368894620210        1.14285773362842     
   1.62341432024030        1.08605624303750     
   1.64338231637930        1.03020886637589     
   1.66359591887080       0.975518837904410     
   1.68405814867290       0.922211348608741     
   1.70477206390160       0.870518814202430     
   1.72574076028750       0.820667039511634     
   1.74696737163910       0.772862902406987     
   1.76845507031020       0.727284051650522     
   1.79020706767510       0.684070883372079     
   1.81222661460750       0.643321051719777     
   1.83451700196710       0.605086431865349     
   1.85708156109130       0.569372416980261     
   1.87992366429270       0.536139318592424     
   1.90304672536350       0.505305593471356     
   1.92645420008550       0.476752620345553     
   1.95014958674660       0.450330787826080     
   1.97413642666360       0.425866711037919     
   1.99841830471150       0.403171436723184     
   2.02299884985950       0.382049485092478     
   2.04788173571270       0.362308473999625     
   2.07307068106200       0.343768855618181     
   2.09856945043910       0.326272977141512     
   2.12438185467950       0.309692240007313     
   2.15051175149200       0.293930815102730     
   2.17696304603540       0.278924314867276     
   2.20373969150160       0.264629115748295     
   2.23084568970710       0.251009423987519     
   2.25828509169050       0.238031353383512     
   2.28606199831830       0.225663312292388     
   2.31418056089760       0.213875725815127     
   2.34264498179660       0.202640802338063     
   2.37145951507270       0.191932421426578     
   2.40062846710810       0.181726008474869     
   2.43015619725350       0.171998421084420     
   2.46004711847980       0.162727843724132     
   2.49030569803710       0.153893690102424     
   2.52093645812290       0.145476512666272     
   2.55194397655780       0.137457918695237     
   2.58333288746950       0.129820492660601     
   2.61510788198540       0.122547724415394     
   2.64727370893380       0.115623942754687     
   2.67983517555370       0.109034254056385     
   2.71279714821300       0.102764485664185     
   2.74616455313600       9.680113370930180E-002
   2.77994237713960       9.113131502632126E-002
   2.81413566837840       8.574272298707832E-002
   2.84874953709950       8.062358694032758E-002
   2.88378915640580       7.576263507638895E-002
   2.91925976302960       7.114906051078618E-002
   2.95516665811480       6.677249030780362E-002
   2.99151520800960       6.262295732643340E-002
   3.02831084506820       5.869087465907738E-002
   3.06555906846250       5.496701253463010E-002
   3.10326544500460       5.144247746216951E-002
   3.14143560997810       4.810869352101229E-002
   3.18007526798090       4.495738557280852E-002
   3.21919019377700       4.198056426165157E-002
   3.25878623316050       3.917051266403714E-002
   3.29886930382840       3.651977449208746E-002
   3.33944539626550       3.402114360404542E-002
   3.38052057463950       3.166765472063293E-002
   3.42210097770760       2.945257529495689E-002
   3.46419281973340       2.736939830672639E-002
   3.50680239141610       2.541183589834304E-002
   3.54993606083050       2.357381372866611E-002
   3.59360027437870       2.184946592990321E-002
   3.63780155775360       2.023313059182104E-002
   3.68254651691400       1.871934563777471E-002
   3.72784183907200       1.730284501460719E-002
   3.77369429369260       1.597855512832098E-002
   3.82011073350500       1.474159146125185E-002
   3.86709809552710       1.358725528009447E-002
   3.91466340210210       1.251103038263082E-002
   3.96281376194800       1.150857987236761E-002
   4.01155637121990       1.057574288775580E-002
   4.06089851458590       9.708531278530023E-003
   4.11084756631530       8.903126190695851E-003
   4.16141099138100       8.155874533676572E-003
   4.21259634657500       7.463285360303002E-003
   4.26441128163790       6.822026118959807E-003
   4.31686354040200       6.228918802490658E-003
   4.36996096194900       5.680935975372722E-003
   4.42371148178090       5.175196700162623E-003
   4.47812313300690       4.708962376058723E-003
   4.53320404754280       4.279632505782643E-003
   4.58896245732760       3.884740395169217E-003
   4.64540669555270       3.521948801343367E-003
   4.70254519790800       3.189045555177433E-003
   4.76038650384230       2.883939172857680E-003
   4.81893925783960       2.604654455936189E-003
   4.87821221071100       2.349328121225186E-003
   4.93821422090270       2.116204448931206E-003
   4.99895425581980       1.903630975397675E-003
   5.06044139316640       1.710054242542119E-003
   5.12268482230240       1.534015605424232E-003
   5.18569384561670       1.374147110924697E-003
   5.24947787991780       1.229167455571764E-003
   5.31404645784080       1.097878027001715E-003
   5.37940922927220       9.791590322675463E-004
   5.44557596279230       8.719657190673877E-004
   5.51255654713460       7.753246901512493E-004
   5.58036099266440       6.883303143481928E-004
   5.64899943287410       6.101412338687693E-004
   5.71848212589850       5.399769712441834E-004
   5.78881945604700       4.771146354029198E-004
   5.86002193535640       4.208857277556632E-004
   5.93210020516130       3.706730480384068E-004
   6.00506503768480       3.259077002733272E-004
   6.07892733764830       2.860662012402557E-004
   6.15369814390140       2.506676889025360E-004
   6.22938863107140       2.192712341865521E-004
   6.30601011123350       1.914732543294627E-004
   6.38357403560170       1.669050289841060E-004
   6.46209199623960       1.452303190052975E-004
   6.54157572779340       1.261430897172278E-004
   6.62203710924520       1.093653358680041E-004
   6.70348816568890       9.464501053988984E-005
   6.78594107012690       8.175405628339208E-005
   6.86940814528950       7.048653787490715E-005
   6.95390186547650       6.065687627406607E-005
   7.03943485842190       5.209818211987873E-005
   7.12601990718050       4.466068709131503E-005
   7.21366995203880       3.821027110750856E-005
   7.30239809244890       3.262708353868699E-005
   7.39221758898600       2.780425553438399E-005
   7.48314186533050       2.364670089261997E-005
   7.57518451027410       2.007000242524036E-005
   7.66835927975050       1.699938050365236E-005
   7.76268009889140       1.436874026540677E-005
   7.85816106410780       1.211979428086690E-005
   7.95481644519630       1.020125664121466E-005
   8.05266068747220       8.568104835678743E-006
   8.15170841392810       7.180905716015001E-006
   8.25197442741940       6.005201550522262E-006
   8.35347371287670       5.010952482452275E-006
   8.45622143954510       4.172031703822436E-006
   8.56023296325150       3.465769532060570E-006
   8.66552382869950       2.872542866267769E-006
   8.77210977179250       2.375406609048861E-006
   8.88000672198550       1.959763638387940E-006
   8.98923080466590       1.613070134400030E-006
   9.09979834356330       1.324573271842183E-006
   9.21172586318920       1.085078355342581E-006
   9.32503009130640       8.867426783197474E-007
   9.43972796142940       7.228935759891903E-007
   9.55583661535500       5.878682825502212E-007
   9.67337340572390       4.768733852288681E-007
   9.79235589861430       3.858618380896993E-007
   9.91280187616730       3.114256435035222E-007
   10.0347293392440       2.507024773866767E-007
   10.1581565101170       2.012946875452321E-007
   10.2831018351910       1.611992282295171E-007
   10.4095839877640       1.287472265528416E-007
   10.5376218708140       1.025520169463986E-007
   10.6672346198250       8.146458410876656E-008
   10.7984416056480       6.453547390680929E-008
   10.9312624373980       5.098233010199075E-008
   11.0657169653780       4.016230789350085E-008
   11.2018252840520       3.154870337401355E-008
   11.3396077350460       2.471121480071517E-008
   11.4790849101870       1.929932139835065E-008
   11.6202776545820       1.502833114009458E-008
   11.7632070697340       1.166770495855131E-008
   11.9078945166910       9.031316351480040E-009
   12.0543616192470       6.969351132151375E-009
   12.2026302671630       5.361592738436559E-009
   12.3527226194500       4.111873684500339E-009
   12.5046611076690       3.143505484584007E-009
   12.6584684392930       2.395526670804847E-009
   12.8141676010960       1.819632591074119E-009
   12.9717818625900       1.377671434518509E-009
   13.1313347795000       1.039608816076158E-009
   13.2928501972880       7.818788554970431E-010
   13.4563522547140       5.860528948435779E-010
   13.6218653874470       4.377683564504802E-010
   13.7894143317130       3.258698988615360E-010
   13.9590241279930       2.417231984732122E-010
   14.1307201247670       1.786686073687208E-010
   14.3045279823020       1.315877252807389E-010
   14.4804736764840       9.656079464035310E-011
   14.6585835027050       7.059687364793159E-011
   14.8388840797880       5.142211061847239E-011
   15.0214023539700       3.731422824403065E-011
   15.2061656029230       2.697362052333626E-011
   15.3932014398390       1.942334617846493E-011
   15.5825378175490       1.393183853070029E-011
   15.7742030327050       9.953404788453775E-012
   15.9682257300070       7.082600719051115E-012
   16.1646349064870       5.019384224307955E-012
   16.3634599158360       3.542608556377640E-012
   16.5647304728010       2.489941302716911E-012
   16.7684766576170       1.742714152021217E-012
   16.9747289205050       1.214540261416952E-012
   17.1835180862270       8.427983903018909E-013
   17.3948753586880       5.822889209287424E-013
   17.6088323256000       4.005282239667472E-013
   17.8254209632050       2.742735390622740E-013
   18.0446736410520       1.869678757551632E-013
   18.2666231268370       1.268697736865935E-013
   18.4913025912970       8.569054080546129E-014
   18.7187456131700       5.760580269579883E-014
   18.9489861842120       3.854189755552400E-014
   19.1820587142780       2.566299589416743E-014
   19.4179980364640       1.700449266380693E-014
   19.6568394123120       1.121184197304883E-014
   19.8986185370840       7.355650994538995E-015
   20.1433715450900       4.801416586288808E-015
   20.3911350150940       3.118133661377015E-015
   20.6419459757800       2.014511447364546E-015
   20.8958419112820       1.294692686645071E-015
   21.1528607667910       8.276705888021064E-016
   21.4130409542220       5.262762951363553E-016
   21.6764213579590       3.328179853185248E-016
   21.9430413406620       2.093183681183110E-016
   22.2129407491520       1.309139692078128E-016
   22.4861599203670       8.141658811572940E-017
   22.7627396873870       5.034517537161657E-017
   23.0427213855420       3.095211206126866E-017
   23.3261468585840       1.891817488997379E-017
   23.6130584649450       1.149458673303953E-017
   23.9034990840640       6.942261070213187E-018
   24.1975121227980       4.167444847872600E-018
   24.4951415219080       2.486380602678328E-018
   24.7964317626280       1.474216518869999E-018
   25.1014278733080       8.685954196401315E-019
   25.4101754361500       5.085137066857550E-019
   25.7227205940140       2.957876814725490E-019
   26.0391100573210       1.709308173084968E-019
   26.3593911110260       9.812638020093442E-020
   26.6836116216910       5.595525551752252E-020
   27.0118200446380       3.169201247226220E-020
   27.3440654311870       1.782691830471988E-020
   27.6803974359910       9.958260715105373E-021
   28.0208663244540       5.523753076305987E-021
   28.3655229802440       3.042221905521892E-021
   28.7144189129010       1.663471045690758E-021
   29.0676062655300       9.029604102285756E-022
   29.4251378225960       4.865328657566662E-022
   29.7870670178140       2.601992752562670E-022
   30.1534479421330       1.381052958949225E-022
   30.5243353518210       7.274185283355248E-023
   30.8997846766490       3.801780886435441E-023
   31.2798520281710       1.971409816378401E-023
   31.6645942081180       1.014172304787216E-023
   32.0540687168780       5.175459872937171E-024
   32.4483337620950       2.619662520382362E-024
   32.8474482673690       1.315095359556350E-024
   33.2514718810580       6.546970636004262E-025
   33.6604649851950       3.231841008828491E-025
   34.0744887045130       1.581760275832978E-025
   34.4936049155780       7.674789874606114E-026
   34.9178762560400       3.691313832756763E-026
   35.3473661339890       1.759693395372939E-026
   35.7821387374370       8.313557713059559E-027
   36.2222590439080       3.892085995245060E-027
   36.6677928301480       1.805405047532028E-027
   37.1188066819590       8.296866292172792E-028
   37.5753680041470       3.777031630415612E-028
   38.0375450305980       1.703073882268048E-028
   38.5054068344740       7.605211490835140E-029
   38.9790233385380       3.363039717226197E-029
   39.4584653256020       1.472457906521051E-029
   39.9438044491070       6.382496765218862E-030
   40.4351132438310       2.738552654341395E-030
   40.9324651367300       1.162999784777251E-030
   41.4359344579120       4.887770373921506E-031
   41.9455964517440       2.032630549414517E-031
   42.4615272881010       8.363070536870075E-032
   42.9838040737440       3.403887414414387E-032
   43.5125048638510       1.370340494542231E-032
   44.0477086736770       5.455905514230920E-033
   44.5894954903630       2.147982530504115E-033
   45.1379462848940       8.361061430086763E-034
   45.6931430241990       3.217341576754849E-034
   46.2551686833960       1.223777252934991E-034
   46.8241072582020       0.000000000000000E+000
   47.4000437774780       0.000000000000000E+000
   47.9830643159410       0.000000000000000E+000
   48.5732560070270       0.000000000000000E+000
   49.1707070559130       0.000000000000000E+000
   49.7755067527010       0.000000000000000E+000
   50.3877454857590       0.000000000000000E+000
   51.0075147552340       0.000000000000000E+000
   51.6349071867240       0.000000000000000E+000
   52.2700165451200       0.000000000000000E+000
   52.9129377486250       0.000000000000000E+000
   53.5637668829330       0.000000000000000E+000
   54.2226012155930       0.000000000000000E+000
   54.8895392105450       0.000000000000000E+000
   55.5646805428350       0.000000000000000E+000
   56.2481261135120       0.000000000000000E+000
   56.9399780647080       0.000000000000000E+000
   57.6403397949040       0.000000000000000E+000
   58.3493159743810       0.000000000000000E+000
   59.0670125608660       0.000000000000000E+000
   59.7935368153650       0.000000000000000E+000
   60.5289973181940       0.000000000000000E+000
   61.2735039852070       0.000000000000000E+000
   62.0271680842260       0.000000000000000E+000
   62.7901022516620       0.000000000000000E+000
   63.5624205093570       0.000000000000000E+000
   64.3442382816220       0.000000000000000E+000
   65.1356724124860       0.000000000000000E+000
   65.9368411831600       0.000000000000000E+000
   66.7478643297120       0.000000000000000E+000
   67.5688630609680       0.000000000000000E+000
   68.3999600766180       0.000000000000000E+000
   69.2412795855600       0.000000000000000E+000
   70.0929473244630       0.000000000000000E+000
   70.9550905765530       0.000000000000000E+000
   71.8278381906450       0.000000000000000E+000
   72.7113206003900       0.000000000000000E+000
   73.6056698437750       0.000000000000000E+000
   74.5110195828530       0.000000000000000E+000
   75.4275051237220       0.000000000000000E+000
   76.3552634367440       0.000000000000000E+000
   77.2944331770160       0.000000000000000E+000
   78.2451547050930       0.000000000000000E+000
