  2.403846E-04  2.273219E-11  4.142469E-09
  2.433413E-04  2.358137E-11  4.275547E-09
  2.463344E-04  2.446227E-11  4.412895E-09
  2.493644E-04  2.537607E-11  4.554651E-09
  2.524315E-04  2.632401E-11  4.701135E-09
  2.555364E-04  2.730737E-11  4.852877E-09
  2.586795E-04  2.832745E-11  5.009954E-09
  2.618613E-04  2.938565E-11  5.172560E-09
  2.650822E-04  3.048337E-11  5.340882E-09
  2.683427E-04  3.162210E-11  5.515107E-09
  2.716433E-04  3.280337E-11  5.695435E-09
  2.749845E-04  3.402876E-11  5.882069E-09
  2.783668E-04  3.529993E-11  6.075220E-09
  2.817908E-04  3.661858E-11  6.275108E-09
  2.852568E-04  3.798650E-11  6.481958E-09
  2.887654E-04  3.940551E-11  6.696006E-09
  2.923173E-04  4.087753E-11  6.917495E-09
  2.959128E-04  4.240454E-11  7.146677E-09
  2.995525E-04  4.398860E-11  7.383811E-09
  3.032370E-04  4.563182E-11  7.629168E-09
  3.069668E-04  4.733643E-11  7.883026E-09
  3.107425E-04  4.910472E-11  8.145676E-09
  3.145646E-04  5.093907E-11  8.417415E-09
  3.184338E-04  5.284193E-11  8.698554E-09
  3.223505E-04  5.481588E-11  8.989414E-09
  3.263154E-04  5.686357E-11  9.290326E-09
  3.303291E-04  5.898775E-11  9.601635E-09
  3.343921E-04  6.119128E-11  9.923696E-09
  3.385052E-04  6.347713E-11  1.025688E-08
  3.426688E-04  6.584837E-11  1.060156E-08
  3.468836E-04  6.830818E-11  1.095814E-08
  3.511503E-04  7.085988E-11  1.132702E-08
  3.554694E-04  7.350691E-11  1.170863E-08
  3.598417E-04  7.625281E-11  1.210341E-08
  3.642677E-04  7.910129E-11  1.251181E-08
  3.687482E-04  8.205618E-11  1.293429E-08
  3.732838E-04  8.512145E-11  1.337135E-08
  3.778752E-04  8.830123E-11  1.382349E-08
  3.825231E-04  9.159979E-11  1.429122E-08
  3.872281E-04  9.502157E-11  1.477509E-08
  3.919910E-04  9.857117E-11  1.527566E-08
  3.968125E-04  1.022534E-10  1.579349E-08
  4.016933E-04  1.060731E-10  1.632920E-08
  4.066342E-04  1.100356E-10  1.688339E-08
  4.116358E-04  1.141460E-10  1.745671E-08
  4.166989E-04  1.184100E-10  1.804983E-08
  4.218243E-04  1.228333E-10  1.866342E-08
  4.270127E-04  1.274219E-10  1.929820E-08
  4.322650E-04  1.321818E-10  1.995491E-08
  4.375818E-04  1.371196E-10  2.063430E-08
  4.429641E-04  1.422418E-10  2.133718E-08
  4.484125E-04  1.475553E-10  2.206434E-08
  4.539280E-04  1.530674E-10  2.281664E-08
  4.595113E-04  1.587853E-10  2.359496E-08
  4.651633E-04  1.647168E-10  2.440019E-08
  4.708848E-04  1.708700E-10  2.523328E-08
  4.766767E-04  1.772530E-10  2.609521E-08
  4.825398E-04  1.838744E-10  2.698696E-08
  4.884751E-04  1.907431E-10  2.790959E-08
  4.944833E-04  1.978685E-10  2.886418E-08
  5.005655E-04  2.052600E-10  2.985183E-08
  5.067224E-04  2.129277E-10  3.087371E-08
  5.129551E-04  2.208818E-10  3.193101E-08
  5.192644E-04  2.291330E-10  3.302497E-08
  5.256514E-04  2.376924E-10  3.415688E-08
  5.321169E-04  2.465716E-10  3.532805E-08
  5.386620E-04  2.557825E-10  3.653988E-08
  5.452875E-04  2.653374E-10  3.779377E-08
  5.519945E-04  2.752493E-10  3.909121E-08
  5.587841E-04  2.855314E-10  4.043372E-08
  5.656571E-04  2.961977E-10  4.182288E-08
  5.726147E-04  3.072624E-10  4.326033E-08
  5.796579E-04  3.187404E-10  4.474777E-08
  5.867876E-04  3.306472E-10  4.628695E-08
  5.940051E-04  3.429988E-10  4.787968E-08
  6.013114E-04  3.558118E-10  4.952786E-08
  6.087075E-04  3.691034E-10  5.123342E-08
  6.161946E-04  3.828916E-10  5.299839E-08
  6.237738E-04  3.971948E-10  5.482486E-08
  6.314462E-04  4.120323E-10  5.671499E-08
  6.392130E-04  4.274241E-10  5.867102E-08
  6.470753E-04  4.433909E-10  6.069528E-08
  6.550344E-04  4.599541E-10  6.279017E-08
  6.630913E-04  4.771361E-10  6.495818E-08
  6.712473E-04  4.949599E-10  6.720188E-08
  6.795037E-04  5.134495E-10  6.952395E-08
  6.878616E-04  5.326298E-10  7.192715E-08
  6.963223E-04  5.525266E-10  7.441434E-08
  7.048870E-04  5.731667E-10  7.698850E-08
  7.135571E-04  5.945778E-10  7.965269E-08
  7.223339E-04  6.167887E-10  8.241010E-08
  7.312186E-04  6.398294E-10  8.526401E-08
  7.402126E-04  6.637307E-10  8.821785E-08
  7.493172E-04  6.885249E-10  9.127514E-08
  7.585338E-04  7.142453E-10  9.443956E-08
  7.678638E-04  7.409266E-10  9.771488E-08
  7.773085E-04  7.686045E-10  1.011050E-07
  7.868694E-04  7.973163E-10  1.046141E-07
  7.965479E-04  8.271007E-10  1.082463E-07
  8.063454E-04  8.579978E-10  1.120059E-07
  8.162635E-04  8.900490E-10  1.158976E-07
  8.263035E-04  9.232975E-10  1.199259E-07
  8.364670E-04  9.577881E-10  1.240958E-07
  8.467556E-04  9.935670E-10  1.284122E-07
  8.571707E-04  1.030683E-09  1.328804E-07
  8.677139E-04  1.069185E-09  1.375057E-07
  8.783867E-04  1.109125E-09  1.422938E-07
  8.891909E-04  1.150557E-09  1.472503E-07
  9.001280E-04  1.193537E-09  1.523814E-07
  9.111995E-04  1.238123E-09  1.576931E-07
  9.224073E-04  1.284374E-09  1.631920E-07
  9.337529E-04  1.332353E-09  1.688847E-07
  9.452381E-04  1.382124E-09  1.747780E-07
  9.568645E-04  1.433755E-09  1.808792E-07
  9.686339E-04  1.487314E-09  1.871956E-07
  9.805481E-04  1.542874E-09  1.937348E-07
  9.926089E-04  1.600509E-09  2.005050E-07
  1.004818E-03  1.660297E-09  2.075141E-07
  1.017177E-03  1.722319E-09  2.147709E-07
  1.029688E-03  1.786658E-09  2.222840E-07
  1.042354E-03  1.853400E-09  2.300627E-07
  1.055175E-03  1.922636E-09  2.381165E-07
  1.068153E-03  1.994458E-09  2.464550E-07
  1.081292E-03  2.068962E-09  2.550886E-07
  1.094591E-03  2.146250E-09  2.640277E-07
  1.108055E-03  2.226425E-09  2.732833E-07
  1.121684E-03  2.309596E-09  2.828666E-07
  1.135481E-03  2.395873E-09  2.927894E-07
  1.149447E-03  2.485373E-09  3.030638E-07
  1.163585E-03  2.578216E-09  3.137023E-07
  1.177897E-03  2.674528E-09  3.247181E-07
  1.192386E-03  2.774437E-09  3.361245E-07
  1.207052E-03  2.878079E-09  3.479356E-07
  1.221899E-03  2.985593E-09  3.601658E-07
  1.236928E-03  3.097122E-09  3.728302E-07
  1.252142E-03  3.212818E-09  3.859443E-07
  1.267544E-03  3.332836E-09  3.995242E-07
  1.283134E-03  3.457338E-09  4.135865E-07
  1.298917E-03  3.586490E-09  4.281486E-07
  1.314894E-03  3.720467E-09  4.432284E-07
  1.331067E-03  3.859448E-09  4.588444E-07
  1.347439E-03  4.003622E-09  4.750158E-07
  1.364012E-03  4.153181E-09  4.917626E-07
  1.380790E-03  4.308328E-09  5.091054E-07
  1.397773E-03  4.469270E-09  5.270656E-07
  1.414966E-03  4.636224E-09  5.456653E-07
  1.432370E-03  4.809415E-09  5.649276E-07
  1.449988E-03  4.989076E-09  5.848760E-07
  1.467823E-03  5.175448E-09  6.055354E-07
  1.485877E-03  5.368782E-09  6.269312E-07
  1.504154E-03  5.569339E-09  6.490899E-07
  1.522655E-03  5.777387E-09  6.720388E-07
  1.541383E-03  5.993208E-09  6.958064E-07
  1.560342E-03  6.217091E-09  7.204222E-07
  1.579535E-03  6.449337E-09  7.459164E-07
  1.598963E-03  6.690259E-09  7.723209E-07
  1.618630E-03  6.940182E-09  7.996682E-07
  1.638539E-03  7.199440E-09  8.279923E-07
  1.658693E-03  7.468383E-09  8.573283E-07
  1.679095E-03  7.747373E-09  8.877126E-07
  1.699748E-03  8.036786E-09  9.191830E-07
  1.720655E-03  8.337009E-09  9.517784E-07
  1.741819E-03  8.648448E-09  9.855395E-07
  1.763243E-03  8.971521E-09  1.020508E-06
  1.784931E-03  9.306663E-09  1.056728E-06
  1.806886E-03  9.654325E-09  1.094243E-06
  1.829111E-03  1.001497E-08  1.133102E-06
  1.851609E-03  1.038910E-08  1.173351E-06
  1.874384E-03  1.077719E-08  1.215042E-06
  1.897438E-03  1.117979E-08  1.258225E-06
  1.920777E-03  1.159743E-08  1.302956E-06
  1.944402E-03  1.203066E-08  1.349289E-06
  1.968319E-03  1.248008E-08  1.397283E-06
  1.992529E-03  1.294629E-08  1.446996E-06
  2.017037E-03  1.342992E-08  1.498492E-06
  2.041847E-03  1.393161E-08  1.551835E-06
  2.066961E-03  1.445205E-08  1.607090E-06
  2.092385E-03  1.499192E-08  1.664327E-06
  2.118121E-03  1.555197E-08  1.723618E-06
  2.144174E-03  1.613293E-08  1.785036E-06
  2.170548E-03  1.673560E-08  1.848659E-06
  2.197245E-03  1.736079E-08  1.914565E-06
  2.224271E-03  1.800932E-08  1.982837E-06
  2.251630E-03  1.868209E-08  2.053561E-06
  2.279325E-03  1.937999E-08  2.126824E-06
  2.307361E-03  2.010396E-08  2.202719E-06
  2.335741E-03  2.085497E-08  2.281341E-06
  2.364471E-03  2.163404E-08  2.362787E-06
  2.393554E-03  2.244222E-08  2.447160E-06
  2.422995E-03  2.328058E-08  2.534565E-06
  2.452797E-03  2.415027E-08  2.625112E-06
  2.482967E-03  2.505244E-08  2.718914E-06
  2.513507E-03  2.598832E-08  2.816088E-06
  2.544423E-03  2.695915E-08  2.916758E-06
  2.575720E-03  2.796626E-08  3.021047E-06
  2.607401E-03  2.901099E-08  3.129088E-06
  2.639472E-03  3.009475E-08  3.241015E-06
  2.671938E-03  3.121899E-08  3.356969E-06
  2.704803E-03  3.238523E-08  3.477095E-06
  2.738072E-03  3.359504E-08  3.601544E-06
  2.771750E-03  3.485005E-08  3.730472E-06
  2.805842E-03  3.615194E-08  3.864040E-06
  2.840354E-03  3.750247E-08  4.002417E-06
  2.875291E-03  3.890345E-08  4.145774E-06
  2.910657E-03  4.035676E-08  4.294294E-06
  2.946458E-03  4.186437E-08  4.448161E-06
  2.982699E-03  4.342831E-08  4.607569E-06
  3.019386E-03  4.505066E-08  4.772717E-06
  3.056525E-03  4.673363E-08  4.943814E-06
  3.094120E-03  4.847946E-08  5.121073E-06
  3.132178E-03  5.029052E-08  5.304718E-06
  3.170704E-03  5.216924E-08  5.494978E-06
  3.209703E-03  5.411814E-08  5.692092E-06
  3.249183E-03  5.613985E-08  5.896309E-06
  3.289148E-03  5.823709E-08  6.107883E-06
  3.329604E-03  6.041268E-08  6.327081E-06
  3.370558E-03  6.266954E-08  6.554177E-06
  3.412016E-03  6.501072E-08  6.789457E-06
  3.453984E-03  6.743936E-08  7.033217E-06
  3.496468E-03  6.995874E-08  7.285761E-06
  3.539474E-03  7.257223E-08  7.547407E-06
  3.583010E-03  7.528336E-08  7.818483E-06
  3.627081E-03  7.809578E-08  8.099329E-06
  3.671694E-03  8.101327E-08  8.390298E-06
  3.716856E-03  8.403975E-08  8.691755E-06
  3.762573E-03  8.717930E-08  9.004078E-06
  3.808853E-03  9.043614E-08  9.327659E-06
  3.855702E-03  9.381466E-08  9.662903E-06
  3.903127E-03  9.731939E-08  1.001023E-05
  3.951135E-03  1.009551E-07  1.037008E-05
  3.999734E-03  1.047266E-07  1.074290E-05
  4.048931E-03  1.086390E-07  1.112916E-05
  4.098733E-03  1.126975E-07  1.152934E-05
  4.149147E-03  1.169077E-07  1.194394E-05
  4.200182E-03  1.212752E-07  1.237349E-05
  4.251844E-03  1.258059E-07  1.281852E-05
  4.304142E-03  1.305058E-07  1.327959E-05
  4.357083E-03  1.353813E-07  1.375728E-05
  4.410675E-03  1.404390E-07  1.425219E-05
  4.464926E-03  1.456857E-07  1.476493E-05
  4.519845E-03  1.511283E-07  1.529615E-05
  4.575439E-03  1.567743E-07  1.584651E-05
  4.631717E-03  1.626313E-07  1.641670E-05
  4.688687E-03  1.687070E-07  1.700743E-05
  4.746358E-03  1.750098E-07  1.761945E-05
  4.804738E-03  1.815481E-07  1.825352E-05
  4.863836E-03  1.883306E-07  1.891043E-05
  4.923661E-03  1.953665E-07  1.959101E-05
  4.984222E-03  2.026653E-07  2.029609E-05
  5.045528E-03  2.102369E-07  2.102658E-05
  5.107588E-03  2.180913E-07  2.178336E-05
  5.170412E-03  2.262392E-07  2.256740E-05
  5.234008E-03  2.346915E-07  2.337967E-05
  5.298386E-03  2.434596E-07  2.422118E-05
  5.363556E-03  2.525553E-07  2.509299E-05
  5.429528E-03  2.619908E-07  2.599618E-05
  5.496311E-03  2.717789E-07  2.693187E-05
  5.563916E-03  2.819328E-07  2.790123E-05
  5.632352E-03  2.924660E-07  2.890548E-05
  5.701630E-03  3.033928E-07  2.994585E-05
  5.771760E-03  3.147278E-07  3.102365E-05
  5.842752E-03  3.264864E-07  3.214021E-05
  5.914618E-03  3.386844E-07  3.329693E-05
  5.987368E-03  3.513381E-07  3.449524E-05
  6.061013E-03  3.644647E-07  3.573663E-05
  6.135563E-03  3.780817E-07  3.702265E-05
  6.211031E-03  3.922075E-07  3.835488E-05
  6.287426E-03  4.068612E-07  3.973499E-05
  6.364762E-03  4.220624E-07  4.116468E-05
  6.443048E-03  4.378317E-07  4.264572E-05
  6.522298E-03  4.541902E-07  4.417996E-05
  6.602522E-03  4.711600E-07  4.576930E-05
  6.683733E-03  4.887639E-07  4.741569E-05
  6.765943E-03  5.070256E-07  4.912118E-05
  6.849164E-03  5.259697E-07  5.088787E-05
  6.933409E-03  5.456218E-07  5.271795E-05
  7.018690E-03  5.660082E-07  5.461369E-05
  7.105020E-03  5.871565E-07  5.657741E-05
  7.192411E-03  6.090951E-07  5.861154E-05
  7.280878E-03  6.318535E-07  6.071859E-05
  7.370433E-03  6.554624E-07  6.290116E-05
  7.461089E-03  6.799536E-07  6.516193E-05
  7.552860E-03  7.053600E-07  6.750369E-05
  7.645761E-03  7.317160E-07  6.992932E-05
  7.739803E-03  7.590569E-07  7.244180E-05
  7.835003E-03  7.874196E-07  7.504421E-05
  7.931374E-03  8.168423E-07  7.773974E-05
  8.028930E-03  8.473647E-07  8.053171E-05
  8.127685E-03  8.790277E-07  8.342354E-05
  8.227656E-03  9.118742E-07  8.641877E-05
  8.328856E-03  9.459483E-07  8.952106E-05
  8.431301E-03  9.812959E-07  9.273421E-05
  8.535006E-03  1.017965E-06  9.606215E-05
  8.639987E-03  1.056004E-06  9.950894E-05
  8.746258E-03  1.095465E-06  1.030788E-04
  8.853837E-03  1.136401E-06  1.067760E-04
  8.962740E-03  1.178867E-06  1.106052E-04
  9.072981E-03  1.222921E-06  1.145709E-04
  9.184579E-03  1.268621E-06  1.186781E-04
  9.297549E-03  1.316029E-06  1.229316E-04
  9.411909E-03  1.365210E-06  1.273366E-04
  9.527676E-03  1.416228E-06  1.318986E-04
  9.644866E-03  1.469155E-06  1.366230E-04
  9.763498E-03  1.524059E-06  1.415155E-04
  9.883589E-03  1.581016E-06  1.465821E-04
  1.000516E-02  1.640102E-06  1.518289E-04
  1.012822E-02  1.701397E-06  1.572622E-04
  1.025280E-02  1.764984E-06  1.628886E-04
  1.037891E-02  1.830948E-06  1.687148E-04
  1.050657E-02  1.899378E-06  1.747479E-04
  1.063580E-02  1.970366E-06  1.809951E-04
  1.076662E-02  2.044009E-06  1.874639E-04
  1.089905E-02  2.120405E-06  1.941622E-04
  1.103311E-02  2.199657E-06  2.010978E-04
  1.116881E-02  2.281872E-06  2.082792E-04
  1.130619E-02  2.367162E-06  2.157149E-04
  1.144526E-02  2.455641E-06  2.234138E-04
  1.158603E-02  2.547428E-06  2.313851E-04
  1.172854E-02  2.642647E-06  2.396382E-04
  1.187280E-02  2.741427E-06  2.481831E-04
  1.201884E-02  2.843901E-06  2.570299E-04
  1.216667E-02  2.950207E-06  2.661891E-04
  1.231632E-02  3.060489E-06  2.756715E-04
  1.246781E-02  3.174894E-06  2.854884E-04
  1.262116E-02  3.293579E-06  2.956514E-04
  1.277640E-02  3.416702E-06  3.061725E-04
  1.293355E-02  3.544431E-06  3.170642E-04
  1.309264E-02  3.676937E-06  3.283393E-04
  1.325368E-02  3.814398E-06  3.400110E-04
  1.341670E-02  3.957002E-06  3.520930E-04
  1.358172E-02  4.104940E-06  3.645997E-04
  1.374878E-02  4.258411E-06  3.775455E-04
  1.391789E-02  4.417624E-06  3.909457E-04
  1.408908E-02  4.582792E-06  4.048160E-04
  1.426237E-02  4.754140E-06  4.191725E-04
  1.443780E-02  4.931898E-06  4.340319E-04
  1.461538E-02  5.116306E-06  4.494117E-04
  1.479515E-02  5.307614E-06  4.653295E-04
  1.497713E-02  5.506080E-06  4.818039E-04
  1.516135E-02  5.711972E-06  4.988541E-04
  1.534784E-02  5.925568E-06  5.164996E-04
  1.553662E-02  6.147156E-06  5.347609E-04
  1.572772E-02  6.377037E-06  5.536590E-04
  1.592117E-02  6.615521E-06  5.732158E-04
  1.611700E-02  6.862929E-06  5.934536E-04
  1.631524E-02  7.119597E-06  6.143956E-04
  1.651591E-02  7.385872E-06  6.360659E-04
  1.671906E-02  7.662112E-06  6.584893E-04
  1.692470E-02  7.948693E-06  6.816912E-04
  1.713288E-02  8.246001E-06  7.056982E-04
  1.734361E-02  8.554439E-06  7.305375E-04
  1.755694E-02  8.874423E-06  7.562373E-04
  1.777289E-02  9.206387E-06  7.828267E-04
  1.799150E-02  9.550780E-06  8.103359E-04
  1.821279E-02  9.908067E-06  8.387957E-04
  1.843681E-02  1.027873E-05  8.682384E-04
  1.866358E-02  1.066328E-05  8.986969E-04
  1.889314E-02  1.106222E-05  9.302054E-04
  1.912553E-02  1.147611E-05  9.627993E-04
  1.936077E-02  1.190550E-05  9.965149E-04
  1.959891E-02  1.235097E-05  1.031390E-03
  1.983998E-02  1.281312E-05  1.067463E-03
  2.008401E-02  1.329259E-05  1.104774E-03
  2.033104E-02  1.379002E-05  1.143364E-03
  2.058111E-02  1.430608E-05  1.183277E-03
  2.083426E-02  1.484148E-05  1.224556E-03
  2.109052E-02  1.539694E-05  1.267246E-03
  2.134994E-02  1.597321E-05  1.311395E-03
  2.161254E-02  1.657108E-05  1.357050E-03
  2.187838E-02  1.719136E-05  1.404263E-03
  2.214748E-02  1.783488E-05  1.453083E-03
  2.241989E-02  1.850252E-05  1.503564E-03
  2.269566E-02  1.919519E-05  1.555761E-03
  2.297481E-02  1.991383E-05  1.609731E-03
  2.325740E-02  2.065941E-05  1.665531E-03
  2.354347E-02  2.143295E-05  1.723222E-03
  2.383306E-02  2.223550E-05  1.782865E-03
  2.412620E-02  2.306814E-05  1.844525E-03
  2.442295E-02  2.393201E-05  1.908268E-03
  2.472336E-02  2.482828E-05  1.974160E-03
  2.502745E-02  2.575817E-05  2.042273E-03
  2.533529E-02  2.672295E-05  2.112678E-03
  2.564692E-02  2.772393E-05  2.185449E-03
  2.596237E-02  2.876246E-05  2.260664E-03
  2.628171E-02  2.983998E-05  2.338401E-03
  2.660498E-02  3.095793E-05  2.418742E-03
  2.693222E-02  3.211784E-05  2.501771E-03
  2.726348E-02  3.332131E-05  2.587573E-03
  2.759882E-02  3.456995E-05  2.676239E-03
  2.793829E-02  3.586548E-05  2.767859E-03
  2.828193E-02  3.720966E-05  2.862528E-03
  2.862980E-02  3.860433E-05  2.960344E-03
  2.898194E-02  4.005139E-05  3.061407E-03
  2.933842E-02  4.155281E-05  3.165819E-03
  2.969928E-02  4.311064E-05  3.273688E-03
  3.006459E-02  4.472702E-05  3.385122E-03
  3.043438E-02  4.640415E-05  3.500234E-03
  3.080872E-02  4.814432E-05  3.619141E-03
  3.118767E-02  4.994991E-05  3.741961E-03
  3.157128E-02  5.182340E-05  3.868818E-03
  3.195961E-02  5.376735E-05  3.999838E-03
  3.235271E-02  5.578441E-05  4.135151E-03
  3.275065E-02  5.787735E-05  4.274890E-03
  3.315348E-02  6.004904E-05  4.419195E-03
  3.356127E-02  6.230246E-05  4.568206E-03
  3.397407E-02  6.464070E-05  4.722069E-03
  3.439195E-02  6.706696E-05  4.880934E-03
  3.481497E-02  6.958458E-05  5.044955E-03
  3.524320E-02  7.219702E-05  5.214291E-03
  3.567669E-02  7.490785E-05  5.389105E-03
  3.611551E-02  7.772083E-05  5.569565E-03
  3.655973E-02  8.063980E-05  5.755843E-03
  3.700942E-02  8.366879E-05  5.948115E-03
  3.746463E-02  8.681197E-05  6.146565E-03
  3.792545E-02  9.007368E-05  6.351378E-03
  3.839193E-02  9.345840E-05  6.562748E-03
  3.886415E-02  9.697081E-05  6.780871E-03
  3.934218E-02  1.006158E-04  7.005951E-03
  3.982609E-02  1.043983E-04  7.238196E-03
  4.031595E-02  1.083236E-04  7.477820E-03
  4.081184E-02  1.123972E-04  7.725042E-03
  4.131382E-02  1.166246E-04  7.980088E-03
  4.182198E-02  1.210117E-04  8.243191E-03
  4.233639E-02  1.255646E-04  8.514587E-03
  4.285713E-02  1.302897E-04  8.794521E-03
  4.338427E-02  1.351934E-04  9.083243E-03
  4.391790E-02  1.402826E-04  9.381010E-03
  4.445809E-02  1.455644E-04  9.688085E-03
  4.500492E-02  1.510461E-04  1.000474E-02
  4.555849E-02  1.567353E-04  1.033125E-02
  4.611885E-02  1.626400E-04  1.066790E-02
  4.668612E-02  1.687683E-04  1.101499E-02
  4.726036E-02  1.751289E-04  1.137280E-02
  4.784166E-02  1.817307E-04  1.174166E-02
  4.843011E-02  1.885828E-04  1.212187E-02
  4.902580E-02  1.956949E-04  1.251375E-02
  4.962882E-02  2.030769E-04  1.291763E-02
  5.023925E-02  2.107391E-04  1.333386E-02
  5.085720E-02  2.186924E-04  1.376277E-02
  5.148274E-02  2.269479E-04  1.420473E-02
  5.211598E-02  2.355172E-04  1.466009E-02
  5.275700E-02  2.444123E-04  1.512923E-02
  5.340591E-02  2.536458E-04  1.561252E-02
  5.406281E-02  2.632308E-04  1.611036E-02
  5.472778E-02  2.731807E-04  1.662315E-02
  5.540093E-02  2.835097E-04  1.715128E-02
  5.608236E-02  2.942323E-04  1.769519E-02
  5.677218E-02  3.053638E-04  1.825528E-02
  5.747047E-02  3.169199E-04  1.883201E-02
  5.817736E-02  3.289172E-04  1.942581E-02
  5.889294E-02  3.413725E-04  2.003714E-02
  5.961733E-02  3.543037E-04  2.066647E-02
  6.035062E-02  3.677293E-04  2.131427E-02
  6.109293E-02  3.816683E-04  2.198102E-02
  6.184437E-02  3.961408E-04  2.266723E-02
  6.260506E-02  4.111674E-04  2.337339E-02
  6.337510E-02  4.267698E-04  2.410002E-02
  6.415462E-02  4.429702E-04  2.484766E-02
  6.494372E-02  4.597922E-04  2.561684E-02
  6.574253E-02  4.772597E-04  2.640810E-02
  6.655116E-02  4.953982E-04  2.722202E-02
  6.736974E-02  5.142338E-04  2.805915E-02
  6.819839E-02  5.337937E-04  2.892008E-02
  6.903723E-02  5.541063E-04  2.980541E-02
  6.988638E-02  5.752012E-04  3.071574E-02
  7.074599E-02  5.971090E-04  3.165168E-02
  7.161616E-02  6.198616E-04  3.261386E-02
  7.249704E-02  6.434924E-04  3.360292E-02
  7.338875E-02  6.680357E-04  3.461951E-02
  7.429144E-02  6.935277E-04  3.566429E-02
  7.520522E-02  7.200058E-04  3.673794E-02
  7.613024E-02  7.475089E-04  3.784113E-02
  7.706665E-02  7.760775E-04  3.897457E-02
  7.801457E-02  8.057539E-04  4.013897E-02
  7.897415E-02  8.365819E-04  4.133503E-02
  7.994553E-02  8.686074E-04  4.256350E-02
  8.092886E-02  9.018778E-04  4.382511E-02
  8.192428E-02  9.364429E-04  4.512062E-02
  8.293195E-02  9.723541E-04  4.645079E-02
  8.395201E-02  1.009665E-03  4.781640E-02
  8.498462E-02  1.048432E-03  4.921823E-02
  8.602993E-02  1.088713E-03  5.065709E-02
  8.708810E-02  1.130569E-03  5.213378E-02
  8.815929E-02  1.174063E-03  5.364912E-02
  8.924365E-02  1.219261E-03  5.520394E-02
  9.034134E-02  1.266231E-03  5.679909E-02
  9.145254E-02  1.315046E-03  5.843540E-02
  9.257741E-02  1.365778E-03  6.011375E-02
  9.371611E-02  1.418507E-03  6.183500E-02
  9.486882E-02  1.473313E-03  6.360003E-02
  9.603570E-02  1.530280E-03  6.540973E-02
  9.721694E-02  1.589496E-03  6.726499E-02
  9.841271E-02  1.651052E-03  6.916672E-02
  9.962319E-02  1.715044E-03  7.111584E-02
  1.008486E-01  1.781572E-03  7.311325E-02
  1.020890E-01  1.850739E-03  7.515988E-02
  1.033447E-01  1.922654E-03  7.725667E-02
  1.046158E-01  1.997428E-03  7.940456E-02
  1.059026E-01  2.075181E-03  8.160449E-02
  1.072052E-01  2.156034E-03  8.385740E-02
  1.085238E-01  2.240116E-03  8.616425E-02
  1.098587E-01  2.327560E-03  8.852600E-02
  1.112099E-01  2.418505E-03  9.094359E-02
  1.125778E-01  2.513097E-03  9.341800E-02
  1.139625E-01  2.611488E-03  9.595019E-02
  1.153643E-01  2.713835E-03  9.854110E-02
  1.167832E-01  2.820304E-03  1.011917E-01
  1.182197E-01  2.931068E-03  1.039030E-01
  1.196738E-01  3.046306E-03  1.066759E-01
  1.211458E-01  3.166206E-03  1.095114E-01
  1.226359E-01  3.290965E-03  1.124104E-01
  1.241443E-01  3.420787E-03  1.153739E-01
  1.256713E-01  3.555887E-03  1.184029E-01
  1.272170E-01  3.696487E-03  1.214982E-01
  1.287818E-01  3.842820E-03  1.246608E-01
  1.303658E-01  3.995132E-03  1.278916E-01
  1.319693E-01  4.153676E-03  1.311916E-01
  1.335925E-01  4.318719E-03  1.345617E-01
  1.352357E-01  4.490537E-03  1.380027E-01
  1.368991E-01  4.669423E-03  1.415155E-01
  1.385830E-01  4.855679E-03  1.451011E-01
  1.402875E-01  5.049622E-03  1.487602E-01
  1.420131E-01  5.251584E-03  1.524937E-01
  1.437598E-01  5.461911E-03  1.563025E-01
  1.455281E-01  5.680966E-03  1.601873E-01
  1.473181E-01  5.909128E-03  1.641489E-01
  1.491301E-01  6.146792E-03  1.681882E-01
  1.509644E-01  6.394373E-03  1.723057E-01
  1.528212E-01  6.652303E-03  1.765023E-01
  1.547009E-01  6.921036E-03  1.807787E-01
  1.566038E-01  7.201044E-03  1.851355E-01
  1.585300E-01  7.492824E-03  1.895733E-01
  1.604799E-01  7.796893E-03  1.940928E-01
  1.624538E-01  8.113793E-03  1.986945E-01
  1.644520E-01  8.444091E-03  2.033791E-01
  1.664748E-01  8.788381E-03  2.081469E-01
  1.685224E-01  9.147283E-03  2.129986E-01
  1.705952E-01  9.521447E-03  2.179344E-01
  1.726935E-01  9.911551E-03  2.229549E-01
  1.748177E-01  1.031831E-02  2.280604E-01
  1.769679E-01  1.074246E-02  2.332511E-01
  1.791446E-01  1.118479E-02  2.385274E-01
  1.813481E-01  1.164610E-02  2.438895E-01
  1.835787E-01  1.212726E-02  2.493375E-01
  1.858367E-01  1.262916E-02  2.548716E-01
  1.881225E-01  1.315272E-02  2.604918E-01
  1.904364E-01  1.369894E-02  2.661982E-01
  1.927788E-01  1.426882E-02  2.719907E-01
  1.951500E-01  1.486344E-02  2.778692E-01
  1.975503E-01  1.548393E-02  2.838336E-01
  1.999802E-01  1.613145E-02  2.898836E-01
  2.024399E-01  1.680724E-02  2.960189E-01
  2.049299E-01  1.751258E-02  3.022393E-01
  2.074506E-01  1.824882E-02  3.085443E-01
  2.100022E-01  1.901736E-02  3.149333E-01
  2.125852E-01  1.981967E-02  3.214059E-01
  2.152000E-01  2.065731E-02  3.279614E-01
  2.178470E-01  2.153188E-02  3.345992E-01
  2.205265E-01  2.244507E-02  3.413183E-01
  2.232390E-01  2.339864E-02  3.481180E-01
  2.259848E-01  2.439446E-02  3.549974E-01
  2.287645E-01  2.543444E-02  3.619553E-01
  2.315783E-01  2.652061E-02  3.689908E-01
  2.344267E-01  2.765509E-02  3.761026E-01
  2.373101E-01  2.884009E-02  3.832894E-01
  2.402290E-01  3.007792E-02  3.905499E-01
  2.431838E-01  3.137100E-02  3.978826E-01
  2.461750E-01  3.272185E-02  4.052860E-01
  2.492030E-01  3.413313E-02  4.127585E-01
  2.522682E-01  3.560758E-02  4.202983E-01
  2.553711E-01  3.714809E-02  4.279037E-01
  2.585121E-01  3.875768E-02  4.355727E-01
  2.616918E-01  4.043948E-02  4.433033E-01
  2.649106E-01  4.219679E-02  4.510935E-01
  2.681690E-01  4.403304E-02  4.589410E-01
  2.714675E-01  4.595179E-02  4.668436E-01
  2.748066E-01  4.795679E-02  4.747988E-01
  2.781867E-01  5.005193E-02  4.828043E-01
  2.816084E-01  5.224126E-02  4.908574E-01
  2.850722E-01  5.452901E-02  4.989555E-01
  2.885785E-01  5.691960E-02  5.070957E-01
  2.921281E-01  5.941760E-02  5.152754E-01
  2.957212E-01  6.202781E-02  5.234915E-01
  2.993586E-01  6.475519E-02  5.317409E-01
  3.030407E-01  6.760491E-02  5.400206E-01
  3.067681E-01  7.058236E-02  5.483273E-01
  3.105414E-01  7.369311E-02  5.566576E-01
  3.143610E-01  7.694297E-02  5.650083E-01
  3.182277E-01  8.033796E-02  5.733759E-01
  3.221419E-01  8.388433E-02  5.817566E-01
  3.261042E-01  8.758855E-02  5.901470E-01
  3.301153E-01  9.145733E-02  5.985432E-01
  3.341757E-01  9.549761E-02  6.069415E-01
  3.382861E-01  9.971657E-02  6.153381E-01
  3.424470E-01  1.041216E-01  6.237288E-01
  3.466591E-01  1.087205E-01  6.321099E-01
  3.509230E-01  1.135210E-01  6.404771E-01
  3.552394E-01  1.185313E-01  6.488265E-01
  3.596088E-01  1.237598E-01  6.571538E-01
  3.640320E-01  1.292151E-01  6.654548E-01
  3.685096E-01  1.349061E-01  6.737255E-01
  3.730422E-01  1.408418E-01  6.819614E-01
  3.776307E-01  1.470315E-01  6.901584E-01
  3.822755E-01  1.534847E-01  6.983122E-01
  3.869775E-01  1.602112E-01  7.064184E-01
  3.917373E-01  1.672207E-01  7.144728E-01
  3.965557E-01  1.745234E-01  7.224711E-01
  4.014333E-01  1.821293E-01  7.304089E-01
  4.063710E-01  1.900489E-01  7.382818E-01
  4.113693E-01  1.982925E-01  7.460854E-01
  4.164292E-01  2.068705E-01  7.538154E-01
  4.215513E-01  2.157936E-01  7.614670E-01
  4.267363E-01  2.250721E-01  7.690358E-01
  4.319852E-01  2.347166E-01  7.765170E-01
  4.372986E-01  2.447374E-01  7.839057E-01
  4.426774E-01  2.551448E-01  7.911969E-01
  4.481223E-01  2.659488E-01  7.983855E-01
  4.536342E-01  2.771592E-01  8.054663E-01
  4.592139E-01  2.887854E-01  8.124339E-01
  4.648622E-01  3.008366E-01  8.192827E-01
  4.705801E-01  3.133213E-01  8.260072E-01
  4.763682E-01  3.262477E-01  8.326018E-01
  4.822275E-01  3.396230E-01  8.390608E-01
  4.881589E-01  3.534540E-01  8.453786E-01
  4.941633E-01  3.677466E-01  8.515496E-01
  5.002415E-01  3.825055E-01  8.575683E-01
  5.063944E-01  3.977346E-01  8.634294E-01
  5.126231E-01  4.134365E-01  8.691276E-01
  5.189284E-01  4.296125E-01  8.746577E-01
  5.253112E-01  4.462624E-01  8.800148E-01
  5.317725E-01  4.633843E-01  8.851940E-01
  5.383133E-01  4.809748E-01  8.901907E-01
  5.449346E-01  4.990284E-01  8.950002E-01
  5.516373E-01  5.175375E-01  8.996182E-01
  5.584224E-01  5.364923E-01  9.040404E-01
  5.652910E-01  5.558806E-01  9.082628E-01
  5.722441E-01  5.756878E-01  9.122814E-01
  5.792827E-01  5.958962E-01  9.160924E-01
  5.864079E-01  6.164854E-01  9.196924E-01
  5.936207E-01  6.374319E-01  9.230777E-01
  6.009222E-01  6.587089E-01  9.262454E-01
  6.083135E-01  6.802864E-01  9.291922E-01
  6.157958E-01  7.021307E-01  9.319153E-01
  6.233701E-01  7.242045E-01  9.344120E-01
  6.310375E-01  7.464667E-01  9.366800E-01
  6.387993E-01  7.688727E-01  9.387169E-01
  6.466565E-01  7.913736E-01  9.405208E-01
  6.546104E-01  8.139169E-01  9.420897E-01
  6.626621E-01  8.364462E-01  9.434222E-01
  6.708129E-01  8.589012E-01  9.445167E-01
  6.790639E-01  8.812180E-01  9.453723E-01
  6.874164E-01  9.033290E-01  9.459879E-01
  6.958716E-01  9.251631E-01  9.463630E-01
  7.044308E-01  9.466457E-01  9.464970E-01
  7.130953E-01  9.676994E-01  9.463896E-01
  7.218664E-01  9.882433E-01  9.460410E-01
  7.307453E-01  1.008194E+00  9.454513E-01
  7.397335E-01  1.027465E+00  9.446210E-01
  7.488322E-01  1.045969E+00  9.435507E-01
  7.580428E-01  1.063613E+00  9.422414E-01
  7.673668E-01  1.080308E+00  9.406941E-01
  7.768054E-01  1.095959E+00  9.389101E-01
  7.863601E-01  1.110474E+00  9.368909E-01
  7.960323E-01  1.123761E+00  9.346384E-01
  8.058235E-01  1.135731E+00  9.321542E-01
  8.157351E-01  1.146296E+00  9.294407E-01
  8.257687E-01  1.155377E+00  9.264999E-01
  8.359256E-01  1.162897E+00  9.233345E-01
  8.462075E-01  1.168788E+00  9.199470E-01
  8.566159E-01  1.172990E+00  9.163402E-01
  8.671523E-01  1.175452E+00  9.125170E-01
  8.778182E-01  1.176136E+00  9.084806E-01
  8.886154E-01  1.175013E+00  9.042343E-01
  8.995454E-01  1.172068E+00  8.997814E-01
  9.106098E-01  1.167301E+00  8.951254E-01
  9.218103E-01  1.160722E+00  8.902701E-01
  9.331485E-01  1.152359E+00  8.852192E-01
  9.446263E-01  1.142254E+00  8.799766E-01
  9.562452E-01  1.130464E+00  8.745463E-01
  9.680070E-01  1.117060E+00  8.689325E-01
  9.799135E-01  1.102128E+00  8.631393E-01
  9.919664E-01  1.085768E+00  8.571711E-01
  1.004168E+00  1.068094E+00  8.510323E-01
  1.016519E+00  1.049230E+00  8.447274E-01
  1.029022E+00  1.029313E+00  8.382608E-01
  1.041679E+00  1.008487E+00  8.316373E-01
  1.054492E+00  9.869074E-01  8.248616E-01
  1.067462E+00  9.647324E-01  8.179383E-01
  1.080592E+00  9.421259E-01  8.108723E-01
  1.093883E+00  9.192541E-01  8.036685E-01
  1.107338E+00  8.962835E-01  7.963317E-01
  1.120958E+00  8.733792E-01  7.888669E-01
  1.134746E+00  8.507033E-01  7.812790E-01
  1.148703E+00  8.284123E-01  7.735731E-01
  1.162832E+00  8.066566E-01  7.657541E-01
  1.177135E+00  7.855779E-01  7.578271E-01
  1.191614E+00  7.653082E-01  7.497971E-01
  1.206271E+00  7.459688E-01  7.416692E-01
  1.221108E+00  7.276687E-01  7.334484E-01
  1.236127E+00  7.105036E-01  7.251397E-01
  1.251332E+00  6.945555E-01  7.167483E-01
  1.266723E+00  6.798914E-01  7.082791E-01
  1.282304E+00  6.665630E-01  6.997371E-01
  1.298076E+00  6.546059E-01  6.911273E-01
  1.314042E+00  6.440393E-01  6.824546E-01
  1.330205E+00  6.348655E-01  6.737241E-01
  1.346567E+00  6.270694E-01  6.649404E-01
  1.363130E+00  6.206173E-01  6.561086E-01
  1.379896E+00  6.154563E-01  6.472334E-01
  1.396869E+00  6.115122E-01  6.383196E-01
  1.414050E+00  6.086879E-01  6.293718E-01
  1.431443E+00  6.068617E-01  6.203947E-01
  1.449050E+00  6.058866E-01  6.113929E-01
  1.466873E+00  6.055909E-01  6.023710E-01
  1.484916E+00  6.057811E-01  5.933334E-01
  1.503180E+00  6.062463E-01  5.842845E-01
  1.521669E+00  6.067626E-01  5.752287E-01
  1.540386E+00  6.070986E-01  5.661702E-01
  1.559332E+00  6.070213E-01  5.571134E-01
  1.578512E+00  6.063020E-01  5.480622E-01
  1.597928E+00  6.047236E-01  5.390207E-01
  1.617582E+00  6.020889E-01  5.299931E-01
  1.637479E+00  5.982296E-01  5.209831E-01
  1.657620E+00  5.930159E-01  5.119945E-01
  1.678008E+00  5.863654E-01  5.030312E-01
  1.698648E+00  5.782493E-01  4.940967E-01
  1.719541E+00  5.686966E-01  4.851946E-01
  1.740692E+00  5.577941E-01  4.763284E-01
  1.762102E+00  5.456826E-01  4.675015E-01
  1.783776E+00  5.325499E-01  4.587170E-01
  1.805717E+00  5.186212E-01  4.499781E-01
  1.827927E+00  5.041474E-01  4.412879E-01
  1.850410E+00  4.893922E-01  4.326493E-01
  1.873170E+00  4.746182E-01  4.240651E-01
  1.896210E+00  4.600731E-01  4.155380E-01
  1.919534E+00  4.459760E-01  4.070706E-01
  1.943144E+00  4.325064E-01  3.986653E-01
  1.967045E+00  4.197937E-01  3.903246E-01
  1.991239E+00  4.079106E-01  3.820506E-01
  2.015732E+00  3.968702E-01  3.738455E-01
  2.040525E+00  3.866262E-01  3.657113E-01
  2.065624E+00  3.770805E-01  3.576500E-01
  2.091031E+00  3.680966E-01  3.496634E-01
  2.116750E+00  3.595208E-01  3.417534E-01
  2.142786E+00  3.512086E-01  3.339214E-01
  2.169143E+00  3.430507E-01  3.261693E-01
  2.195823E+00  3.349933E-01  3.184984E-01
  2.222832E+00  3.270235E-01  3.109103E-01
  2.250173E+00  3.191410E-01  3.034064E-01
  2.277850E+00  3.113473E-01  2.959879E-01
  2.305867E+00  3.036437E-01  2.886563E-01
  2.334229E+00  2.960316E-01  2.814126E-01
  2.362940E+00  2.885123E-01  2.742582E-01
  2.392005E+00  2.810869E-01  2.671940E-01
  2.421426E+00  2.737567E-01  2.602213E-01
  2.451210E+00  2.665228E-01  2.533411E-01
  2.481360E+00  2.593865E-01  2.465544E-01
  2.511880E+00  2.523487E-01  2.398622E-01
  2.542777E+00  2.454105E-01  2.332654E-01
  2.574053E+00  2.385729E-01  2.267648E-01
  2.605714E+00  2.318370E-01  2.203614E-01
  2.637764E+00  2.252036E-01  2.140560E-01
  2.670208E+00  2.186735E-01  2.078493E-01
  2.703052E+00  2.122478E-01  2.017421E-01
  2.736299E+00  2.059271E-01  1.957351E-01
  2.769956E+00  1.997121E-01  1.898288E-01
  2.804026E+00  1.936037E-01  1.840241E-01
  2.838516E+00  1.876024E-01  1.783213E-01
  2.873430E+00  1.817088E-01  1.727211E-01
  2.908773E+00  1.759236E-01  1.672239E-01
  2.944551E+00  1.702472E-01  1.618302E-01
  2.980769E+00  1.646800E-01  1.565403E-01
  3.017432E+00  1.592224E-01  1.513546E-01
  3.054547E+00  1.538748E-01  1.462734E-01
  3.092118E+00  1.486375E-01  1.412968E-01
  3.130151E+00  1.435105E-01  1.364252E-01
  3.168651E+00  1.384942E-01  1.316586E-01
  3.207626E+00  1.335886E-01  1.269971E-01
  3.247080E+00  1.287936E-01  1.224407E-01
  3.287019E+00  1.241092E-01  1.179892E-01
  3.327449E+00  1.195353E-01  1.136427E-01
  3.368377E+00  1.150717E-01  1.094008E-01
  3.409808E+00  1.107180E-01  1.052633E-01
  3.451748E+00  1.064740E-01  1.012299E-01
  3.494205E+00  1.023392E-01  9.730017E-02
  3.537184E+00  9.831301E-02  9.347358E-02
  3.580691E+00  9.439489E-02  8.974958E-02
  3.624733E+00  9.058414E-02  8.612753E-02
  3.669318E+00  8.687997E-02  8.260669E-02
  3.714450E+00  8.328155E-02  7.918627E-02
  3.760138E+00  7.978793E-02  7.586539E-02
  3.806388E+00  7.639811E-02  7.264308E-02
  3.853206E+00  7.311098E-02  6.951832E-02
  3.900601E+00  6.992537E-02  6.649000E-02
  3.948578E+00  6.684004E-02  6.355694E-02
  3.997146E+00  6.385367E-02  6.071790E-02
  4.046310E+00  6.096487E-02  5.797156E-02
  4.096080E+00  5.817219E-02  5.531655E-02
  4.146462E+00  5.547410E-02  5.275144E-02
  4.197463E+00  5.286904E-02  5.027472E-02
  4.249092E+00  5.035538E-02  4.788487E-02
  4.301356E+00  4.793145E-02  4.558029E-02
  4.354263E+00  4.559551E-02  4.335935E-02
  4.407820E+00  4.334582E-02  4.122039E-02
  4.462036E+00  4.118058E-02  3.916169E-02
  4.516919E+00  3.909795E-02  3.718152E-02
  4.572477E+00  3.709608E-02  3.527812E-02
  4.628719E+00  3.517311E-02  3.344972E-02
  4.685652E+00  3.332714E-02  3.169451E-02
  4.743286E+00  3.155626E-02  3.001069E-02
  4.801628E+00  2.985856E-02  2.839644E-02
  4.860688E+00  2.823213E-02  2.684994E-02
  4.920475E+00  2.667503E-02  2.536936E-02
  4.980996E+00  2.518536E-02  2.395287E-02
  5.042263E+00  2.376121E-02  2.259866E-02
  5.104282E+00  2.240065E-02  2.130493E-02
  5.167065E+00  2.110180E-02  2.006985E-02
  5.230620E+00  1.986278E-02  1.889166E-02
  5.294957E+00  1.868172E-02  1.776856E-02
  5.360085E+00  1.755677E-02  1.669881E-02
  5.426014E+00  1.648610E-02  1.568066E-02
  5.492754E+00  1.546789E-02  1.471239E-02
  5.560315E+00  1.450035E-02  1.379230E-02
  5.628706E+00  1.358173E-02  1.291871E-02
  5.697939E+00  1.271027E-02  1.208996E-02
  5.768024E+00  1.188426E-02  1.130442E-02
  5.838971E+00  1.110201E-02  1.056048E-02
  5.910790E+00  1.036186E-02  9.856570E-03
  5.983493E+00  9.662168E-03  9.191127E-03
  6.057090E+00  9.001330E-03  8.562627E-03
  6.131592E+00  8.377772E-03  7.969571E-03
  6.207011E+00  7.789946E-03  7.410491E-03
  6.283357E+00  7.236340E-03  6.883948E-03
  6.360642E+00  6.715471E-03  6.388533E-03
  6.438878E+00  6.225891E-03  5.922870E-03
  6.518076E+00  5.766185E-03  5.485613E-03
  6.598249E+00  5.334972E-03  5.075451E-03
  6.679407E+00  4.930906E-03  4.691104E-03
  6.761564E+00  4.552677E-03  4.331327E-03
  6.844731E+00  4.199011E-03  3.994909E-03
  6.928921E+00  3.868671E-03  3.680673E-03
  7.014147E+00  3.560457E-03  3.387480E-03
  7.100421E+00  3.273206E-03  3.114223E-03
  7.187756E+00  3.005793E-03  2.859834E-03
  7.276166E+00  2.757131E-03  2.623278E-03
  7.365662E+00  2.526172E-03  2.403560E-03
  7.456260E+00  2.311904E-03  2.199718E-03
  7.547972E+00  2.113357E-03  2.010828E-03
  7.640812E+00  1.929594E-03  1.836001E-03
  7.734794E+00  1.759721E-03  1.674386E-03
  7.829932E+00  1.602878E-03  1.525165E-03
  7.926240E+00  1.458245E-03  1.387559E-03
  8.023733E+00  1.325036E-03  1.260820E-03
  8.122425E+00  1.202504E-03  1.144237E-03
  8.222331E+00  1.089935E-03  1.037133E-03
  8.323465E+00  9.866525E-04  9.388630E-04
  8.425844E+00  8.920133E-04  8.488156E-04
  8.529482E+00  8.054075E-04  7.664109E-04
  8.634394E+00  7.262582E-04  6.911001E-04
  8.740598E+00  6.540202E-04  6.223646E-04
  8.848107E+00  5.881791E-04  5.597151E-04
  8.956939E+00  5.282505E-04  5.026908E-04
  9.067109E+00  4.737787E-04  4.508583E-04
  9.178634E+00  4.243359E-04  4.038107E-04
  9.291532E+00  3.795210E-04  3.611664E-04
  9.405817E+00  3.389588E-04  3.225684E-04
  9.521509E+00  3.022986E-04  2.876831E-04
  9.638624E+00  2.692133E-04  2.561992E-04
  9.757179E+00  2.393980E-04  2.278269E-04
  9.877192E+00  2.125696E-04  2.022968E-04
  9.998681E+00  1.884652E-04  1.793585E-04
  1.012167E+01  1.668410E-04  1.587803E-04
  1.024616E+01  1.474717E-04  1.403478E-04
  1.037219E+01  1.301491E-04  1.238627E-04
  1.049977E+01  1.146811E-04  1.091427E-04
  1.062891E+01  1.008913E-04  9.601941E-05
  1.075965E+01  8.861716E-05  8.433854E-05
  1.089199E+01  7.770992E-05  7.395841E-05
  1.102597E+01  6.803326E-05  6.474931E-05
  1.116158E+01  5.946258E-05  5.659270E-05
  1.129887E+01  5.188423E-05  4.938042E-05
  1.143785E+01  4.519470E-05  4.301398E-05
  1.157853E+01  3.929989E-05  3.740383E-05
  1.172095E+01  3.411440E-05  3.246872E-05
  1.186512E+01  2.956091E-05  2.813507E-05
  1.201106E+01  2.556951E-05  2.433634E-05
  1.215879E+01  2.207710E-05  2.101249E-05
  1.230835E+01  1.902687E-05  1.810946E-05
  1.245974E+01  1.636774E-05  1.557864E-05
  1.261300E+01  1.405388E-05  1.337642E-05
  1.276813E+01  1.204426E-05  1.146374E-05
  1.292518E+01  1.030221E-05  9.805718E-06
  1.308416E+01  8.795024E-06  8.371217E-06
  1.324510E+01  7.493581E-06  7.132531E-06
  1.340801E+01  6.372022E-06  6.065048E-06
  1.357293E+01  5.407418E-06  5.146946E-06
  1.373988E+01  4.579485E-06  4.358923E-06
  1.390888E+01  3.870318E-06  3.683934E-06
  1.407996E+01  3.264140E-06  3.106968E-06
  1.425314E+01  2.747084E-06  2.614826E-06
  1.442846E+01  2.306984E-06  2.195929E-06
  1.460593E+01  1.933194E-06  1.840145E-06
  1.478558E+01  1.616415E-06  1.538624E-06
  1.496744E+01  1.348543E-06  1.283652E-06
  1.515154E+01  1.122535E-06  1.068527E-06
  1.533790E+01  9.322775E-07  8.874296E-07
  1.552656E+01  7.724831E-07  7.353278E-07
  1.571754E+01  6.385850E-07  6.078748E-07
  1.591086E+01  5.266496E-07  5.013268E-07
  1.610657E+01  4.332967E-07  4.124665E-07
  1.630468E+01  3.556285E-07  3.385358E-07
  1.650522E+01  2.911672E-07  2.771762E-07
  1.670824E+01  2.377987E-07  2.263757E-07
  1.691375E+01  1.937245E-07  1.844223E-07
  1.712179E+01  1.574177E-07  1.498630E-07
  1.733239E+01  1.275861E-07  1.214676E-07
  1.754558E+01  1.031382E-07  9.819742E-08
  1.776139E+01  8.315500E-08  8.195167E-02
  1.797985E+01  6.686444E-08  7.846155E-02
  1.820100E+01  5.361986E-08  7.505011E-02
  1.842488E+01  4.288102E-08  7.171929E-02
  1.865150E+01  3.419784E-08  6.847081E-02
  1.888092E+01  2.719639E-08  6.530622E-02
  1.911315E+01  2.156690E-08  6.222685E-02
  1.934824E+01  1.705346E-08  5.923384E-02
  1.958623E+01  1.344528E-08  5.632811E-02
  1.982714E+01  1.056924E-08  5.351039E-02
  2.007101E+01  8.283587E-09  5.078122E-02
  2.031788E+01  6.472589E-09  4.814094E-02
  2.056779E+01  5.042041E-09  4.558967E-02
  2.082078E+01  3.915496E-09  4.312739E-02
  2.107687E+01  3.031116E-09  4.075386E-02
  2.133612E+01  2.339035E-09  3.846867E-02
  2.159855E+01  1.799168E-09  3.627124E-02
  2.186421E+01  1.379401E-09  3.416083E-02
  2.213314E+01  1.054084E-09  3.213653E-02
  2.240538E+01  8.028014E-10  3.019728E-02
  2.268097E+01  6.093558E-10  2.834188E-02
  2.295994E+01  4.609412E-10  2.656899E-02
  2.324235E+01  3.474667E-10  2.487714E-02
  2.352823E+01  2.610089E-10  2.326475E-02
  2.381763E+01  1.953678E-10  2.173013E-02
  2.411059E+01  1.457091E-10  2.027147E-02
  2.440715E+01  1.082772E-10  1.888690E-02
  2.470735E+01  8.016497E-11  1.757444E-02
  2.501126E+01  5.913019E-11  1.633206E-02
  2.531889E+01  4.345012E-11  1.515765E-02
  2.563032E+01  3.180603E-11  1.404906E-02
  2.594557E+01  2.319232E-11  1.300409E-02
  2.626470E+01  1.684514E-11  1.202049E-02
  2.658776E+01  1.218656E-11  1.109602E-02
  2.691478E+01  8.780989E-12  1.022839E-02
  2.724584E+01  6.301523E-12  9.415308E-03
  2.758096E+01  0.000000E+00  8.654496E-03
  2.792021E+01  0.000000E+00  7.943668E-03
  2.826362E+01  0.000000E+00  7.280558E-03
  2.861127E+01  0.000000E+00  6.662920E-03
  2.896319E+01  0.000000E+00  6.088534E-03
  2.931943E+01  0.000000E+00  5.555218E-03
  2.968006E+01  0.000000E+00  5.060826E-03
  3.004513E+01  0.000000E+00  4.603258E-03
  3.041468E+01  0.000000E+00  4.180464E-03
  3.078878E+01  0.000000E+00  3.790446E-03
  3.116748E+01  0.000000E+00  3.431264E-03
  3.155084E+01  0.000000E+00  3.101040E-03
  3.193892E+01  0.000000E+00  2.797957E-03
  3.233177E+01  0.000000E+00  2.520265E-03
  3.272945E+01  0.000000E+00  2.266282E-03
  3.313202E+01  0.000000E+00  2.034394E-03
  3.353955E+01  0.000000E+00  1.823057E-03
  3.395208E+01  0.000000E+00  1.630798E-03
  3.436969E+01  0.000000E+00  1.456214E-03
  3.479244E+01  0.000000E+00  1.297973E-03
  3.522039E+01  0.000000E+00  1.154815E-03
  3.565360E+01  0.000000E+00  1.025545E-03
  3.609214E+01  0.000000E+00  9.090405E-04
  3.653607E+01  0.000000E+00  8.042437E-04
  3.698546E+01  0.000000E+00  7.101626E-04
  3.744039E+01  0.000000E+00  6.258689E-04
  3.790090E+01  0.000000E+00  5.504956E-04
  3.836708E+01  0.000000E+00  4.832353E-04
  3.883900E+01  0.000000E+00  4.233378E-04
  3.931672E+01  0.000000E+00  3.701078E-04
  3.980031E+01  0.000000E+00  3.229024E-04
  4.028986E+01  0.000000E+00  2.811285E-04
  4.078542E+01  0.000000E+00  2.442407E-04
  4.128708E+01  0.000000E+00  2.117381E-04
  4.179491E+01  0.000000E+00  1.831625E-04
  4.230899E+01  0.000000E+00  1.580953E-04
  4.282939E+01  0.000000E+00  1.361553E-04
  4.335619E+01  0.000000E+00  1.169960E-04
  4.388948E+01  0.000000E+00  1.003036E-04
  4.442932E+01  0.000000E+00  8.579434E-05
  4.497580E+01  0.000000E+00  7.321247E-05
  4.552900E+01  0.000000E+00  6.232802E-05
  4.608901E+01  0.000000E+00  5.293471E-05
  4.665590E+01  0.000000E+00  4.484810E-05
  4.722977E+01  0.000000E+00  3.790362E-05
  4.781069E+01  0.000000E+00  3.195489E-05
  4.839877E+01  0.000000E+00  2.687203E-05
  4.899407E+01  0.000000E+00  2.254016E-05
  4.959670E+01  0.000000E+00  1.885788E-05
  5.020674E+01  0.000000E+00  1.573600E-05
  5.082428E+01  0.000000E+00  1.309627E-05
  5.144942E+01  0.000000E+00  1.087021E-05
  5.208225E+01  0.000000E+00  8.998121E-06
  5.272286E+01  0.000000E+00  7.428038E-06
  5.337135E+01  0.000000E+00  6.114913E-06
  5.402782E+01  0.000000E+00  5.019788E-06
  5.469236E+01  0.000000E+00  4.109078E-06
  5.536507E+01  0.000000E+00  3.353916E-06
  5.604606E+01  0.000000E+00  2.729562E-06
  5.673543E+01  0.000000E+00  2.214887E-06
  5.743328E+01  0.000000E+00  1.791892E-06
  5.813971E+01  0.000000E+00  1.445299E-06
  5.885482E+01  0.000000E+00  1.162180E-06
  5.957874E+01  0.000000E+00  9.316265E-07
  6.031156E+01  0.000000E+00  7.444695E-07
  6.105339E+01  0.000000E+00  5.930232E-07
  6.180435E+01  0.000000E+00  4.708679E-07
  6.256454E+01  0.000000E+00  3.726592E-07
  6.333408E+01  0.000000E+00  2.939630E-07
  6.411309E+01  0.000000E+00  2.311126E-07
  6.490168E+01  0.000000E+00  1.810870E-07
  6.569997E+01  0.000000E+00  1.414051E-07
  6.650808E+01  0.000000E+00  1.100371E-07
  6.732613E+01  0.000000E+00  8.532790E-08
  6.815425E+01  0.000000E+00  6.593288E-08
  6.899254E+01  0.000000E+00  5.076375E-08
  6.984115E+01  0.000000E+00  3.894283E-08
  7.070020E+01  0.000000E+00  2.976495E-08
  7.156981E+01  0.000000E+00  2.266572E-08
  7.245012E+01  0.000000E+00  1.719510E-08
  7.334125E+01  0.000000E+00  1.299566E-08
  7.424335E+01  0.000000E+00  9.784615E-09
  7.515655E+01  0.000000E+00  7.339119E-09
  7.608097E+01  0.000000E+00  5.484418E-09
  7.701677E+01  0.000000E+00  0.000000E+00
  7.796407E+01  0.000000E+00  0.000000E+00
  7.892303E+01  0.000000E+00  0.000000E+00
  7.989378E+01  0.000000E+00  0.000000E+00
