  1.388888888888900E-004  0.290427582527570     
  1.423194444444400E-004  0.290427586925148     
  1.458347347222200E-004  0.290427591542650     
  1.494368526698600E-004  0.290427596391074     
  1.531279429308100E-004  0.290427601742360     
  1.569102031212000E-004  0.290427607752885     
  1.607858851382900E-004  0.290427614377102     
  1.647572965012100E-004  0.290427621651068     
  1.688268017247900E-004  0.290427629599601     
  1.729968237273900E-004  0.290427638248773     
  1.772698452734600E-004  0.290427647626132     
  1.816484104517100E-004  0.290427657760857     
  1.861351261898700E-004  0.290427668683667     
  1.907326638067600E-004  0.290427680427072     
  1.954437606027800E-004  0.290427693025353     
  2.002712214896700E-004  0.290427706514612     
  2.052179206604700E-004  0.290427720932974     
  2.102868033007800E-004  0.290427736320650     
  2.154808873423100E-004  0.290427752719939     
  2.208032652596700E-004  0.290427770175442     
  2.262571059115800E-004  0.290427788734168     
  2.318456564275900E-004  0.290427808445567     
  2.375722441413600E-004  0.290427829361675     
  2.434402785716500E-004  0.290427851537367     
  2.494532534523700E-004  0.290427875030304     
  2.556147488126400E-004  0.290427899901199     
  2.619284331083100E-004  0.290427926213904     
  2.683980654060900E-004  0.290427954035584     
  2.750274976216200E-004  0.290427983436920     
  2.818206768128700E-004  0.290428014492216     
  2.887816475301500E-004  0.290428047279587     
  2.959145542241500E-004  0.290428081881191     
  3.032236437134800E-004  0.290428118383429     
  3.107132677132000E-004  0.290428156877064     
  3.183878854257200E-004  0.290428197457530     
  3.262520661957400E-004  0.290428240225148     
  3.343104922307700E-004  0.290428285285363     
  3.425679613888700E-004  0.290428332748945     
  3.510293900351800E-004  0.290428382732320     
  3.596998159690500E-004  0.290428435357848     
  3.685844014234800E-004  0.290428490754081     
  3.776884361386400E-004  0.290428549056065     
  3.870173405112600E-004  0.290428610405722     
  3.965766688218900E-004  0.290428674952120     
  4.063721125417900E-004  0.290428742851895     
  4.164095037215800E-004  0.290428814269563     
  4.266948184635000E-004  0.290428889377993     
  4.372341804795500E-004  0.290428968358721     
  4.480338647373900E-004  0.290429051402474     
  4.591003011964100E-004  0.290429138709553     
  4.704400786359600E-004  0.290429230490392     
  4.820599485782600E-004  0.290429326965993     
  4.939668293081500E-004  0.290429428368454     
  5.061678099920600E-004  0.290429534941599     
  5.186701548988600E-004  0.290429646941478     
  5.314813077248700E-004  0.290429764636997     
  5.446088960256700E-004  0.290429888310619     
  5.580607357575000E-004  0.290430018258951     
  5.718448359307100E-004  0.290430154793503     
  5.859694033782000E-004  0.290430298241429     
  6.004428476416400E-004  0.290430448946306     
  6.152737859783900E-004  0.290430607268937     
  6.304710484920600E-004  0.290430773588232     
  6.460436833898100E-004  0.290430948302114     
  6.620009623695400E-004  0.290431131828438     
  6.783523861400700E-004  0.290431324606029     
  6.951076900777300E-004  0.290431527095704     
  7.122768500226500E-004  0.290431739781378     
  7.298700882182099E-004  0.290431963171217     
  7.478978793972000E-004  0.290432197798854     
  7.663709570183100E-004  0.290432444224661     
  7.853003196566600E-004  0.290432703037085     
  8.046972375521800E-004  0.290432974854048     
  8.245732593197200E-004  0.290433260324431     
  8.449402188249100E-004  0.290433560129621     
  8.658102422298900E-004  0.290433874985116     
  8.871957552129700E-004  0.290434205642269     
  9.091094903667300E-004  0.290434552890052     
  9.315644947787899E-004  0.290434917556946     
  9.545741377998200E-004  0.290435300512928     
  9.781521190034800E-004  0.290435702671520     
  1.002312476342900E-003  0.290436124991992     
  1.027069594508500E-003  0.290436568481732     
  1.052438213492900E-003  0.290437034198369     
  1.078433437366200E-003  0.290437523252684     
  1.105070743269100E-003  0.290438036811033     
  1.132365990627900E-003  0.290438576098052     
  1.160335430596400E-003  0.290439142399870     
  1.188995715732100E-003  0.290439737066907     
  1.218363909910700E-003  0.290440361517186     
  1.248457498485500E-003  0.290441017239797     
  1.279294398698100E-003  0.290441705798357     
  1.310892970345900E-003  0.290442428834809     
  1.343272026713500E-003  0.290443188073224     
  1.376450845773300E-003  0.290443985324154     
  1.410449181663900E-003  0.290444822488696     
  1.445287276451000E-003  0.290445701563206     
  1.480985872179300E-003  0.290446624644029     
  1.517566223222100E-003  0.290447593932464     
  1.555050108935700E-003  0.290448611740076     
  1.593459846626400E-003  0.290449680494248     
  1.632818304838100E-003  0.290450802743905     
  1.673148916967600E-003  0.290451981165712     
  1.714475695216700E-003  0.290453218570387     
  1.756823244888600E-003  0.290454517909467     
  1.800216779037300E-003  0.290455882282440     
  1.844682133479500E-003  0.290457314944015     
  1.890245782176500E-003  0.290458819312029     
  1.936934852996200E-003  0.290460398975692     
  1.984777143865200E-003  0.290462057703996     
  2.033801139318700E-003  0.290463799454922     
  2.084036027459900E-003  0.290465628384878     
  2.135511717338100E-003  0.290467548858678     
  2.188258856756400E-003  0.290469565459926     
  2.242308850518300E-003  0.290471683002182     
  2.297693879126100E-003  0.290473906540397     
  2.354446917940500E-003  0.290476241383091     
  2.412601756813600E-003  0.290478693105115     
  2.472193020206900E-003  0.290481267561041     
  2.533256187806000E-003  0.290483970899275     
  2.595827615644800E-003  0.290486809576818     
  2.659944557751300E-003  0.290489790374811     
  2.725645188327700E-003  0.290492920414948     
  2.792968624479400E-003  0.290496207176485     
  2.861954949504100E-003  0.290499658514412     
  2.932645236756800E-003  0.290503282678390     
  3.005081574104700E-003  0.290507088332567     
  3.079307088985100E-003  0.290511084576626     
  3.155365974083000E-003  0.290515280967727     
  3.233303513642900E-003  0.290519687543605     
  3.313166110429900E-003  0.290524314846936     
  3.395001313357500E-003  0.290529173950818     
  3.478857845797400E-003  0.290534276485626     
  3.564785634588600E-003  0.290539634667239     
  3.652835839762900E-003  0.290545261326723     
  3.743060885005100E-003  0.290551169941463     
  3.835514488864700E-003  0.290557374668034     
  3.930251696739700E-003  0.290563890376566     
  4.027328913649100E-003  0.290570732687096     
  4.126803937816300E-003  0.290577918007557     
  4.228735995080300E-003  0.290585463573989     
  4.333185774158800E-003  0.290593387492546     
  4.440215462780500E-003  0.290601708783919     
  4.549888784711200E-003  0.290610447429880     
  4.662271037693600E-003  0.290619624422347     
  4.777429132324600E-003  0.290629261814946     
  4.895431631893000E-003  0.290639382777226     
  5.016348793200800E-003  0.290650011651750     
  5.140252608392800E-003  0.290661174014154     
  5.267216847820100E-003  0.290672896736245     
  5.397317103961300E-003  0.290685208052522     
  5.530630836429100E-003  0.290698137630100     
  5.667237418088900E-003  0.290711716642267     
  5.807218182315700E-003  0.290725977845971     
  5.950656471418900E-003  0.290740955663316     
  6.097637686263000E-003  0.290756686267342     
  6.248249337113700E-003  0.290773207672353     
  6.402581095740400E-003  0.290790559828937     
  6.560724848805200E-003  0.290808784724047     
  6.722774752570700E-003  0.290827926486336     
  6.888827288959200E-003  0.290848031497057     
  7.058981322996500E-003  0.290869148506816     
  7.233338161674500E-003  0.290891328758510     
  7.412001614267800E-003  0.290914626116754     
  7.595078054140200E-003  0.290939097204156     
  7.782676482077500E-003  0.290964801544829     
  7.974908591184800E-003  0.290991801715490     
  8.171888833387099E-003  0.291020163504523     
  8.373734487571701E-003  0.291049956079528     
  8.580565729414799E-003  0.291081252163645     
  8.792505702931301E-003  0.291114128221311     
  9.009680593793701E-003  0.291148664653692     
  9.232219704460400E-003  0.291184946004530     
  9.460255531160601E-003  0.291223061176754     
  9.693923842780301E-003  0.291263103660509     
  9.933363761696901E-003  0.291305171773109     
  1.017871784661100E-002  0.291349368911501     
  1.043013217742200E-002  0.291395803817993     
  1.068775644220400E-002  0.291444590859546     
  1.095174402632700E-002  0.291495850321669     
  1.122225210377700E-002  0.291549708717536     
  1.149944173074000E-002  0.291606299112463     
  1.178347794149000E-002  0.291665761465297     
  1.207452984664500E-002  0.291728242987046     
  1.237277073385700E-002  0.291793898517135     
  1.267837817098300E-002  0.291862890918711     
  1.299153411180600E-002  0.291935391493366     
  1.331242500436800E-002  0.292011580416133     
  1.364124190197600E-002  0.292091647191710     
  1.397818057695500E-002  0.292175791132359     
  1.432344163720500E-002  0.292264221858794     
  1.467723064564400E-002  0.292357159824358     
  1.503975824259200E-002  0.292454836864001     
  1.541124027118400E-002  0.292557496768322     
  1.579189790588200E-002  0.292665395883772     
  1.618195778415700E-002  0.292778803740167     
  1.658165214142600E-002  0.292898003706221     
  1.699121894931900E-002  0.293023293674331     
  1.741090205736700E-002  0.293154986775382     
  1.784095133818400E-002  0.293293412125175     
  1.828162283623700E-002  0.293438915603468     
  1.873317892029200E-002  0.293591860667089     
  1.919588843962400E-002  0.293752629198755     
  1.967002688408200E-002  0.293921622393436     
  2.015587654811900E-002  0.294099261683786     
  2.065372669885800E-002  0.294285989707688     
  2.116387374832000E-002  0.294482271319681     
  2.168662142990300E-002  0.294688594649559     
  2.222228097922200E-002  0.294905472211268     
  2.277117131940800E-002  0.295133442066072     
  2.333361925099800E-002  0.295373069043549     
  2.390995964649700E-002  0.295624946025963     
  2.450053564976600E-002  0.295889695300207     
  2.510569888031500E-002  0.296167969984131     
  2.572580964265900E-002  0.296460455532696     
  2.636123714083300E-002  0.296767871331660     
  2.701235969821100E-002  0.297090972385962     
  2.767956498275700E-002  0.297430551111111     
  2.836325023783100E-002  0.297787439236693     
  2.906382251870600E-002  0.298162509831031     
  2.978169893491800E-002  0.298556679457510     
  3.051730689861000E-002  0.298970910472900     
  3.127108437900600E-002  0.299406213479217     
  3.204348016316700E-002  0.299863649940985     
  3.283495412319700E-002  0.300344334980167     
  3.364597749004000E-002  0.300849440362220     
  3.447703313404400E-002  0.301380197686801     
  3.532861585245500E-002  0.301937901797659     
  3.620123266401100E-002  0.302523914426957     
  3.709540311081200E-002  0.303139668090021     
  3.801165956764900E-002  0.303786670247441     
  3.895054755897000E-002  0.304466507752564     
  3.991262608367600E-002  0.305180851603449     
  4.089846794794300E-002  0.305931462019637     
  4.190866010625700E-002  0.306720193865781     
  4.294380401088200E-002  0.307549002445369     
  4.400451596995100E-002  0.308419949690154     
  4.509142751440900E-002  0.309335210772439     
  4.620518577401400E-002  0.310297081170069     
  4.734645386263300E-002  0.311307984216192     
  4.851591127304000E-002  0.312370479169144     
  4.971425428148400E-002  0.313487269840234     
  5.094219636223600E-002  0.314661213821531     
  5.220046861238400E-002  0.315895332358912     
  5.348982018710900E-002  0.317192820920405     
  5.481101874573100E-002  0.318557060513932     
  5.616485090875100E-002  0.319991629814602     
  5.755212272619700E-002  0.321500318166474     
  5.897366015753400E-002  0.323087139530683     
  6.043030956342500E-002  0.324756347458507     
  6.192293820964100E-002  0.326512451175575     
  6.345243478342000E-002  0.328360232871911     
  6.501970992257000E-002  0.330304766301959     
  6.662569675765800E-002  0.332351436808587     
  6.827135146757200E-002  0.334505962897079     
  6.995765384882099E-002  0.336774419496902     
  7.168560789888700E-002  0.339163263063481     
  7.345624241398900E-002  0.341679358687136     
  7.527061160161500E-002  0.344330009393291     
  7.712979570817401E-002  0.347122987836944     
  7.903490166216599E-002  0.350066570614618     
  8.098706373322200E-002  0.353169575440445     
  8.298744420743200E-002  0.356441401457788     
  8.503723407935600E-002  0.359892072986173     
  8.713765376111600E-002  0.363532287034384     
  8.928995380901600E-002  0.367373464944706     
  9.149541566809800E-002  0.371427808571880     
  9.375535243510000E-002  0.375708361442307     
  9.607110964024700E-002  0.380229075386413     
  9.844406604836101E-002  0.385004883188883     
  0.100875634479760       0.390051777859649     
  0.103367262651410       0.395386899192927     
  0.105920434038900       0.401028628352338     
  0.108536668759660       0.406996691300733     
  0.111217524478020       0.413312271980200     
  0.113964597332630       0.419998136246337     
  0.116779522886740       0.427078767669823     
  0.119663977102050       0.434580516437616     
  0.122619677336470       0.442531762722917     
  0.125648383366680       0.450963096037828     
  0.128751898435830       0.459907512251694     
  0.131932070327200       0.469400630137526     
  0.135190792464280       0.479480929514072     
  0.138530005038150       0.490190013272236     
  0.141951696162590       0.501572895825445     
  0.145457903057810       0.513678320793730     
  0.149050713263330       0.526559111035102     
  0.152732265880940       0.540272554466411     
  0.156504752848200       0.554880829482947     
  0.160370420243550       0.570451474179936     
  0.164331569623560       0.587057904017523     
  0.168390559393270       0.604779983040558     
  0.172549806210280       0.623704654278396     
  0.176811786423670       0.643926635498428     
  0.181179037548340       0.665549187081152     
  0.185654159775780       0.688684959409320     
  0.190239817522240       0.713456927825094     
  0.194938741015040       0.739999423899276     
  0.199753727918110       0.768459272460364     
  0.204687644997690       0.798997044543188     
  0.209743429829140       0.831788437113335     
  0.214924092545910       0.867025791079914     
  0.220232717631800       0.904919759692341     
  0.225672465757300       0.945701139885839     
  0.231246575661510       0.989622879425770     
  0.236958366080350        1.03696227274972     
  0.242811237722530        1.08802335809972     
  0.248808675294280        1.14313952777971     
  0.254954249574050        1.20267636200116     
  0.261251619538530        1.26703469461519     
  0.267704534541130        1.33665391584756     
  0.274316836544300        1.41201551266952     
  0.281092462406940        1.49364684132146     
  0.288035446228390        1.58212511834609     
  0.295149921750230        1.67808160580568     
  0.302440124817460        1.78220595257339     
  0.309910395900450        1.89525063604586     
  0.317565182679200        2.01803542655339     
  0.325409042691370        2.15145176929140     
  0.333446646045850        2.29646694481641     
  0.341682778203180        2.45412782805744     
  0.350122342824800        2.62556401636148     
  0.358770364692570        2.81199003841164     
  0.367631992700480        3.01470628714708     
  0.376712502920180        3.23509824069723     
  0.386017301742310        3.47463344597771     
  0.395551929095340        3.73485564106095     
  0.405322061744000        4.01737528703641     
  0.415333516669080        4.32385567187748     
  0.425592254530800        4.65599364408176     
  0.436104383217710        5.01549394158808     
  0.446876161483190        5.40403601389331     
  0.457914002671820        5.82323220808684     
  0.469224478537820        6.27457622185733     
  0.480814323157700        6.75938084060107     
  0.492690436939700        7.27870419591918     
  0.504859890732110        7.83326413425075     
  0.517329930033190        8.42334079145485     
  0.530107979305010        9.04866815359801     
  0.543201646393840        9.70831626305659     
  0.556618727059770        10.4005668122538     
  0.570367209618150        11.1227861538579     
  0.584455279695720        11.8713012278652     
  0.598891325104200        12.6412855181418     
  0.613683940834280        13.4266638202347     
  0.628841934172880        14.2200461907400     
  0.644374329946950        15.0127027452801     
  0.660290375896640        15.7945916706101     
  0.676599548181290        16.5544524886398     
  0.693311557021370        17.2799746933595     
  0.710436352479790        17.9580477264279     
  0.727984130386050        18.5750913566020     
  0.745965338406580        19.1174560849688     
  0.764390682265220        19.5718730192441     
  0.783271132117170        19.9259257259473     
  0.802617929080470        20.1685177450459     
  0.822442591928760        20.2903203022702     
  0.842756923949400        20.2841989655262     
  0.863573019970950        20.1456228167344     
  0.884903273564230        19.8730462713619     
  0.906760384421260        19.4682274634445     
  0.929157365916470        18.9364258341804     
  0.952107552854610        18.2864207200172     
  0.975624609410110        17.5303138269277     
  0.999722537262540        16.6831107778742     
   1.02441568393290        15.7621079327727     
   1.04971875132610        14.7861335190708     
   1.07564680448380        13.7747055180042     
   1.10221528055460        12.7471738041545     
   1.12943999798430        11.7219119371311     
   1.15733716593450        10.7156157187248     
   1.18592339393310        9.74275228882407     
   1.21521570176320        8.81518674768531     
   1.24523152959680        7.94199538502607     
   1.27598874837780        7.12945577044971     
   1.30750567046270        6.38119398614845     
   1.33980106052320        5.69844969837702     
   1.37289414671810        5.08043003743826     
   1.40680463214200        4.52470612834486     
   1.44155270655590        4.02762156360382     
   1.47715905840790        3.58468445949342     
   1.51364488715050        3.19092327418932     
   1.55103191586320        2.84119430628406     
   1.58934240418500        2.53043530187574     
   1.62859916156830        2.25386424125462     
   1.66882556085910        2.00712502216266     
   1.71004555221230        1.78638275541515     
   1.75228367735190        1.58837146024953     
   1.79556508418250        1.41039699004423     
   1.83991554176190        1.25029885370396     
   1.88536145564340        1.10637667382239     
   1.93192988359780       0.977290176159815     
   1.97964855172260       0.861944996513221     
   2.02854587095020       0.759378855407619     
   2.07865095396260       0.668664490007445     
   2.12999363252550       0.588836624418718     
   2.18260447524890       0.518858152092349     
   2.23651480578750       0.457624002570478     
   2.29175672149050       0.404001514024608     
   2.34836311251130       0.356898958840715     
   2.40636768139030       0.315346357999824     
   2.46580496312070       0.278570916150878     
   2.52671034570980       0.245976465108617     
   2.58912009124880       0.217071697629581     
   2.65307135750260       0.191427694461753     
   2.71860222003300       0.168669132633917     
   2.78575169486780       0.148467689730979     
   2.85455976173100       0.130535576758803     
   2.92506738784580       0.114620226434505     
   2.99731655232560       0.100499562451746     
   3.07135027116800       8.797788165597369E-002
   3.14721262286580       7.688228615840503E-002
   3.22494877465060       6.705960870821649E-002
   3.30460500938450       5.837377610494572E-002
   3.38622875311630       5.070355773360222E-002
   3.46986860331830       4.394065041509403E-002
   3.55557435782020       3.798805461568461E-002
   3.64339704445840       3.275870060475473E-002
   3.73338895145650       2.817428703605496E-002
   3.82560365855750       2.416429902034495E-002
   3.92009606892390       2.066517604303171E-002
   4.01692244182630       1.761960263050564E-002
   4.11614042613940       1.497590101643813E-002
   4.21780909466500       1.268750468560815E-002
   4.32198897930320       1.071249745361379E-002
   4.42874210709200       9.013204650426643E-003
   4.53813203713720       7.555825764802218E-003
   4.65022389845450       6.310100527500516E-003
   4.76508442874630       5.249002320048888E-003
   4.88278201413640       4.348454493574080E-003
   5.00338672988550       3.587066595054483E-003
   5.12697038211370       2.945888624690077E-003
   5.25360655055190       2.408182105299257E-003
   5.38337063235050       1.959207094263336E-003
   5.51633988696960       1.586024737932969E-003
   5.65259348217770       1.277314823583556E-003
   5.79221254118750       1.023207886590758E-003
   5.93528019095490       8.151312619688705E-004
   6.08188161167150       6.456683159750411E-004
   6.23210408747970       5.084300452759018E-004
   6.38603705844050       3.979381551813822E-004
   6.54377217378400       3.095186735664057E-004
   6.70540334647640       2.392052623955575E-004
   6.87102680913440       1.836514223201064E-004
   7.04074117132000       1.400508961251674E-004
   7.21464747825160       1.060656833866018E-004
   7.39284927096440       7.976116132375622E-005
   7.57545264795730       5.954787857234196E-005
   7.76256632836180       4.412962745488819E-005
   7.95430171667230       3.245743305802106E-005
   8.15077296907410       2.368909255286314E-005
   8.35209706141030       1.715389460786737E-005
   8.55839385882710       1.232213203252549E-005
   8.76978618714010       8.779005198507283E-006
   8.98639990596250       6.202505074006562E-006
   9.20836398363980       4.344858769039160E-006
   9.43581057403570       3.017125257147844E-006
   9.66887509521440       2.076540852019179E-006
   9.90769631006610       1.416234345859021E-006
   10.1524164089250       9.569579870713082E-007
   10.4031810942250       6.405112067937751E-007
   10.6601396672530       4.245677430723540E-007
   10.9234451170340       2.786513175883941E-007
   11.1932542114240       1.810395803159030E-007
   11.4697275904470       1.164087741150345E-007
   11.7530298619310       7.406208197299856E-008
   12.0433296995200       4.661215230156564E-008
   12.3407999430990       2.901263199186518E-008
   12.6456177016930       1.785451824799637E-008
   12.9579644589250       1.086092966715752E-008
   13.2780261810600       6.528674291750628E-009
   13.6059934277320       3.877035884582542E-009
   13.9420614653970       2.273869175933578E-009
   14.2864303835930       1.316716427794291E-009
   14.6393052140680       7.525695915513937E-010
   15.0008960528550       4.244156504957487E-010
   15.3714181853610       2.360941371428650E-010
   15.7510922145390       1.295039234184861E-010
   16.1401441922380       7.002213671599342E-011
   16.5388057537860       3.730690438936836E-011
   16.9473142559050       1.957884481575957E-011
   17.3659129180260       1.011736156333516E-011
   17.7948509671010       5.145930371280538E-012
   18.2343837859880       2.575174540325131E-012
   18.6847730655020       1.267420742484235E-012
   19.1462869602200       6.132351145359818E-013
   19.6192002481380       2.915689709233005E-013
   20.1037944942670       1.361679116154069E-013
   20.6003582182750       6.243583664600712E-014
   21.1091870662660       2.809427239547592E-014
   21.6305839868030       1.240004811185130E-014
   22.1648594112770       5.365936990626890E-015
   22.7123314387360       2.275472925398284E-015
   23.2733260252720       9.451094489062952E-016
   23.8481771780970       3.842835505260812E-016
   24.4372271543960       1.528797689378532E-016
   25.0408266651090       5.947579176879153E-017
   25.6593350837370       2.261413126900334E-017
   26.2931206603060       8.398860340179211E-018
   26.9425607406150       3.045135010196715E-018
   27.6080419909080       1.077151823152409E-018
   28.2899606280840       3.715037217849389E-019
   28.9887226555980       1.248504402610054E-019
   29.7047441051910       4.085404334231615E-020
   30.4384512845890       1.301057021426903E-020
   31.1902810313180       4.029281464782012E-021
   31.9606809727920       1.212617790973164E-021
   32.7501097928200       3.543825257535903E-022
   33.5590375047030       1.004965936525045E-022
   34.3879457310690       2.763319594080692E-023
   35.2373279906260       7.361610198017846E-024
   36.1076899919950       1.898578253351049E-024
   36.9995499347970       4.736317497599662E-025
   37.9134388181860       1.141938355926431E-025
   38.8499007569960       2.658624301067489E-026
   39.8094933056930       5.971677048238200E-027
   40.7927877903440       1.292893109953300E-027
   41.8003696487650       2.695546651583076E-028
   42.8328387790900       5.406654902184115E-029
   43.8908098969330       1.042259849042492E-029
   44.9749129013880       1.929056342147847E-030
   46.0857932500520       3.424357051778017E-031
   47.2241123433280       5.823837046860806E-032
   48.3905479182090       9.478808450680533E-033
   49.5857944517880       1.474739336967663E-033
   50.8105635747470       2.190732321705793E-034
   52.0655844950440       3.103307077687331E-035
   53.3516044320710       4.187260759160262E-036
   54.6693890615430       5.366352551927724E-037
   56.0197229713640       6.508928115246036E-038
   57.4034101287560       0.000000000000000E+000
   58.8212743589360       0.000000000000000E+000
   60.2741598356020       0.000000000000000E+000
   61.7629315835420       0.000000000000000E+000
   63.2884759936550       0.000000000000000E+000
   64.8517013506980       0.000000000000000E+000
   66.4535383740610       0.000000000000000E+000
   68.0949407719000       0.000000000000000E+000
   69.7768858089660       0.000000000000000E+000
   71.5003748884470       0.000000000000000E+000
   73.2664341481920       0.000000000000000E+000
   75.0761150716520       0.000000000000000E+000
   76.9304951139220       0.000000000000000E+000
