  2.016129E-04  2.889934E-04  9.503988E-03
  2.040927E-04  2.925480E-04  9.617099E-03
  2.066031E-04  2.961463E-04  9.731547E-03
  2.091443E-04  2.997889E-04  9.847348E-03
  2.117168E-04  3.034763E-04  9.964517E-03
  2.143209E-04  3.072091E-04  1.008307E-02
  2.169570E-04  3.109878E-04  1.020302E-02
  2.196256E-04  3.148129E-04  1.032439E-02
  2.223270E-04  3.186851E-04  1.044719E-02
  2.250616E-04  3.226050E-04  1.057144E-02
  2.278299E-04  3.265730E-04  1.069715E-02
  2.306322E-04  3.305898E-04  1.082435E-02
  2.334690E-04  3.346561E-04  1.095304E-02
  2.363406E-04  3.387724E-04  1.108326E-02
  2.392476E-04  3.429393E-04  1.121500E-02
  2.421904E-04  3.471574E-04  1.134831E-02
  2.451693E-04  3.514275E-04  1.148318E-02
  2.481849E-04  3.557500E-04  1.161964E-02
  2.512376E-04  3.601258E-04  1.175771E-02
  2.543278E-04  3.645553E-04  1.189740E-02
  2.574560E-04  3.690393E-04  1.203874E-02
  2.606227E-04  3.735785E-04  1.218174E-02
  2.638284E-04  3.781735E-04  1.232643E-02
  2.670735E-04  3.828251E-04  1.247282E-02
  2.703585E-04  3.875338E-04  1.262093E-02
  2.736839E-04  3.923005E-04  1.277078E-02
  2.770502E-04  3.971258E-04  1.292239E-02
  2.804579E-04  4.020104E-04  1.307579E-02
  2.839076E-04  4.069552E-04  1.323098E-02
  2.873996E-04  4.119607E-04  1.338801E-02
  2.909346E-04  4.170278E-04  1.354687E-02
  2.945131E-04  4.221573E-04  1.370761E-02
  2.981356E-04  4.273498E-04  1.387023E-02
  3.018027E-04  4.326062E-04  1.403476E-02
  3.055149E-04  4.379273E-04  1.420122E-02
  3.092727E-04  4.433138E-04  1.436963E-02
  3.130768E-04  4.487666E-04  1.454002E-02
  3.169276E-04  4.542864E-04  1.471240E-02
  3.208258E-04  4.598741E-04  1.488681E-02
  3.247720E-04  4.655306E-04  1.506326E-02
  3.287667E-04  4.712566E-04  1.524178E-02
  3.328105E-04  4.770531E-04  1.542239E-02
  3.369041E-04  4.829208E-04  1.560512E-02
  3.410480E-04  4.888608E-04  1.578998E-02
  3.452429E-04  4.948738E-04  1.597701E-02
  3.494894E-04  5.009607E-04  1.616623E-02
  3.537881E-04  5.071226E-04  1.635766E-02
  3.581397E-04  5.133602E-04  1.655133E-02
  3.625448E-04  5.196745E-04  1.674726E-02
  3.670041E-04  5.260665E-04  1.694548E-02
  3.715183E-04  5.325371E-04  1.714602E-02
  3.760879E-04  5.390874E-04  1.734891E-02
  3.807138E-04  5.457181E-04  1.755416E-02
  3.853966E-04  5.524305E-04  1.776180E-02
  3.901370E-04  5.592254E-04  1.797187E-02
  3.949357E-04  5.661039E-04  1.818439E-02
  3.997934E-04  5.730670E-04  1.839939E-02
  4.047108E-04  5.801157E-04  1.861690E-02
  4.096888E-04  5.872511E-04  1.883693E-02
  4.147279E-04  5.944743E-04  1.905954E-02
  4.198291E-04  6.017864E-04  1.928473E-02
  4.249930E-04  6.091884E-04  1.951255E-02
  4.302204E-04  6.166814E-04  1.974302E-02
  4.355121E-04  6.242666E-04  1.997617E-02
  4.408689E-04  6.319451E-04  2.021203E-02
  4.462916E-04  6.397181E-04  2.045063E-02
  4.517810E-04  6.475866E-04  2.069200E-02
  4.573379E-04  6.555519E-04  2.093618E-02
  4.629632E-04  6.636152E-04  2.118319E-02
  4.686576E-04  6.717777E-04  2.143307E-02
  4.744221E-04  6.800406E-04  2.168585E-02
  4.802575E-04  6.884051E-04  2.194156E-02
  4.861646E-04  6.968726E-04  2.220024E-02
  4.921445E-04  7.054441E-04  2.246191E-02
  4.981979E-04  7.141211E-04  2.272662E-02
  5.043257E-04  7.229048E-04  2.299438E-02
  5.105289E-04  7.317966E-04  2.326525E-02
  5.168084E-04  7.407977E-04  2.353925E-02
  5.231651E-04  7.499095E-04  2.381642E-02
  5.296001E-04  7.591335E-04  2.409679E-02
  5.361142E-04  7.684708E-04  2.438041E-02
  5.427084E-04  7.779231E-04  2.466729E-02
  5.493837E-04  7.874915E-04  2.495749E-02
  5.561411E-04  7.971777E-04  2.525103E-02
  5.629816E-04  8.069831E-04  2.554796E-02
  5.699063E-04  8.169090E-04  2.584832E-02
  5.769161E-04  8.269570E-04  2.615213E-02
  5.840122E-04  8.371286E-04  2.645944E-02
  5.911956E-04  8.474254E-04  2.677029E-02
  5.984673E-04  8.578487E-04  2.708471E-02
  6.058284E-04  8.684003E-04  2.740275E-02
  6.132801E-04  8.790817E-04  2.772444E-02
  6.208235E-04  8.898944E-04  2.804983E-02
  6.284596E-04  9.008402E-04  2.837895E-02
  6.361896E-04  9.119206E-04  2.871184E-02
  6.440148E-04  9.231373E-04  2.904856E-02
  6.519361E-04  9.344919E-04  2.938913E-02
  6.599550E-04  9.459862E-04  2.973360E-02
  6.680724E-04  9.576219E-04  3.008202E-02
  6.762897E-04  9.694008E-04  3.043442E-02
  6.846081E-04  9.813245E-04  3.079085E-02
  6.930287E-04  9.933948E-04  3.115135E-02
  7.015530E-04  1.005614E-03  3.151597E-02
  7.101821E-04  1.017983E-03  3.188475E-02
  7.189173E-04  1.030504E-03  3.225773E-02
  7.277600E-04  1.043179E-03  3.263497E-02
  7.367115E-04  1.056011E-03  3.301651E-02
  7.457730E-04  1.069000E-03  3.340238E-02
  7.549460E-04  1.082148E-03  3.379265E-02
  7.642319E-04  1.095459E-03  3.418735E-02
  7.736319E-04  1.108933E-03  3.458654E-02
  7.831476E-04  1.122573E-03  3.499026E-02
  7.927803E-04  1.136381E-03  3.539856E-02
  8.025315E-04  1.150358E-03  3.581148E-02
  8.124026E-04  1.164508E-03  3.622909E-02
  8.223952E-04  1.178832E-03  3.665142E-02
  8.325106E-04  1.193331E-03  3.707853E-02
  8.427505E-04  1.208009E-03  3.751047E-02
  8.531164E-04  1.222868E-03  3.794729E-02
  8.636097E-04  1.237910E-03  3.838904E-02
  8.742321E-04  1.253136E-03  3.883577E-02
  8.849851E-04  1.268550E-03  3.928753E-02
  8.958705E-04  1.284153E-03  3.974438E-02
  9.068897E-04  1.299948E-03  4.020637E-02
  9.180444E-04  1.315938E-03  4.067356E-02
  9.293364E-04  1.332124E-03  4.114599E-02
  9.407672E-04  1.348509E-03  4.162372E-02
  9.523386E-04  1.365096E-03  4.210681E-02
  9.640524E-04  1.381887E-03  4.259532E-02
  9.759102E-04  1.398884E-03  4.308929E-02
  9.879139E-04  1.416091E-03  4.358879E-02
  1.000065E-03  1.433509E-03  4.409387E-02
  1.012366E-03  1.451141E-03  4.460459E-02
  1.024818E-03  1.468991E-03  4.512100E-02
  1.037423E-03  1.487060E-03  4.564317E-02
  1.050184E-03  1.505351E-03  4.617115E-02
  1.063101E-03  1.523867E-03  4.670501E-02
  1.076177E-03  1.542611E-03  4.724480E-02
  1.089414E-03  1.561585E-03  4.779057E-02
  1.102814E-03  1.580793E-03  4.834241E-02
  1.116379E-03  1.600237E-03  4.890035E-02
  1.130110E-03  1.619920E-03  4.946447E-02
  1.144010E-03  1.639846E-03  5.003482E-02
  1.158082E-03  1.660016E-03  5.061148E-02
  1.172326E-03  1.680435E-03  5.119449E-02
  1.186746E-03  1.701104E-03  5.178393E-02
  1.201343E-03  1.722028E-03  5.237986E-02
  1.216119E-03  1.743210E-03  5.298233E-02
  1.231077E-03  1.764651E-03  5.359143E-02
  1.246220E-03  1.786357E-03  5.420721E-02
  1.261548E-03  1.808330E-03  5.482973E-02
  1.277065E-03  1.830573E-03  5.545906E-02
  1.292773E-03  1.853089E-03  5.609528E-02
  1.308674E-03  1.875883E-03  5.673844E-02
  1.324771E-03  1.898957E-03  5.738861E-02
  1.341066E-03  1.922314E-03  5.804586E-02
  1.357561E-03  1.945959E-03  5.871027E-02
  1.374259E-03  1.969895E-03  5.938188E-02
  1.391162E-03  1.994126E-03  6.006078E-02
  1.408273E-03  2.018654E-03  6.074704E-02
  1.425595E-03  2.043484E-03  6.144072E-02
  1.443130E-03  2.068620E-03  6.214190E-02
  1.460881E-03  2.094064E-03  6.285064E-02
  1.478849E-03  2.119822E-03  6.356701E-02
  1.497039E-03  2.145897E-03  6.429109E-02
  1.515453E-03  2.172292E-03  6.502295E-02
  1.534093E-03  2.199012E-03  6.576266E-02
  1.552962E-03  2.226061E-03  6.651029E-02
  1.572064E-03  2.253442E-03  6.726591E-02
  1.591400E-03  2.281160E-03  6.802960E-02
  1.610974E-03  2.309220E-03  6.880144E-02
  1.630789E-03  2.337624E-03  6.958148E-02
  1.650848E-03  2.366378E-03  7.036982E-02
  1.671153E-03  2.395485E-03  7.116652E-02
  1.691709E-03  2.424951E-03  7.197165E-02
  1.712517E-03  2.454779E-03  7.278530E-02
  1.733580E-03  2.484974E-03  7.360754E-02
  1.754904E-03  2.515540E-03  7.443844E-02
  1.776489E-03  2.546483E-03  7.527808E-02
  1.798340E-03  2.577806E-03  7.612653E-02
  1.820459E-03  2.609514E-03  7.698387E-02
  1.842851E-03  2.641612E-03  7.785018E-02
  1.865518E-03  2.674106E-03  7.872554E-02
  1.888464E-03  2.706999E-03  7.961001E-02
  1.911692E-03  2.740296E-03  8.050369E-02
  1.935206E-03  2.774004E-03  8.140664E-02
  1.959009E-03  2.808126E-03  8.231894E-02
  1.983105E-03  2.842667E-03  8.324067E-02
  2.007497E-03  2.877634E-03  8.417191E-02
  2.032189E-03  2.913031E-03  8.511274E-02
  2.057185E-03  2.948863E-03  8.606323E-02
  2.082488E-03  2.985136E-03  8.702346E-02
  2.108103E-03  3.021855E-03  8.799351E-02
  2.134033E-03  3.059027E-03  8.897347E-02
  2.160281E-03  3.096655E-03  8.996339E-02
  2.186853E-03  3.134746E-03  9.096338E-02
  2.213751E-03  3.173306E-03  9.197349E-02
  2.240980E-03  3.212340E-03  9.299382E-02
  2.268544E-03  3.251855E-03  9.402443E-02
  2.296447E-03  3.291855E-03  9.506541E-02
  2.324693E-03  3.332348E-03  9.611684E-02
  2.353287E-03  3.373339E-03  9.717879E-02
  2.382233E-03  3.414834E-03  9.825134E-02
  2.411534E-03  3.456839E-03  9.933456E-02
  2.441196E-03  3.499362E-03  1.004285E-01
  2.471223E-03  3.542407E-03  1.015334E-01
  2.501619E-03  3.585983E-03  1.026491E-01
  2.532389E-03  3.630094E-03  1.037758E-01
  2.563537E-03  3.674748E-03  1.049136E-01
  2.595068E-03  3.719951E-03  1.060625E-01
  2.626988E-03  3.765711E-03  1.072226E-01
  2.659300E-03  3.812033E-03  1.083940E-01
  2.692009E-03  3.858926E-03  1.095768E-01
  2.725121E-03  3.906395E-03  1.107710E-01
  2.758640E-03  3.954448E-03  1.119767E-01
  2.792571E-03  4.003093E-03  1.131940E-01
  2.826920E-03  4.052336E-03  1.144230E-01
  2.861691E-03  4.102185E-03  1.156637E-01
  2.896890E-03  4.152648E-03  1.169161E-01
  2.932521E-03  4.203731E-03  1.181805E-01
  2.968591E-03  4.255443E-03  1.194568E-01
  3.005105E-03  4.307791E-03  1.207451E-01
  3.042068E-03  4.360783E-03  1.220455E-01
  3.079485E-03  4.414428E-03  1.233580E-01
  3.117363E-03  4.468732E-03  1.246828E-01
  3.155707E-03  4.523704E-03  1.260198E-01
  3.194522E-03  4.579353E-03  1.273691E-01
  3.233814E-03  4.635687E-03  1.287309E-01
  3.273590E-03  4.692714E-03  1.301051E-01
  3.313855E-03  4.750443E-03  1.314919E-01
  3.354616E-03  4.808882E-03  1.328912E-01
  3.395878E-03  4.868040E-03  1.343032E-01
  3.437647E-03  4.927926E-03  1.357279E-01
  3.479930E-03  4.988549E-03  1.371654E-01
  3.522733E-03  5.049918E-03  1.386156E-01
  3.566063E-03  5.112042E-03  1.400788E-01
  3.609925E-03  5.174931E-03  1.415548E-01
  3.654327E-03  5.238594E-03  1.430439E-01
  3.699276E-03  5.303040E-03  1.445459E-01
  3.744777E-03  5.368280E-03  1.460610E-01
  3.790837E-03  5.434322E-03  1.475892E-01
  3.837465E-03  5.501177E-03  1.491306E-01
  3.884666E-03  5.568855E-03  1.506851E-01
  3.932447E-03  5.637365E-03  1.522529E-01
  3.980816E-03  5.706719E-03  1.538340E-01
  4.029780E-03  5.776927E-03  1.554283E-01
  4.079346E-03  5.847999E-03  1.570360E-01
  4.129522E-03  5.919945E-03  1.586570E-01
  4.180316E-03  5.992777E-03  1.602915E-01
  4.231733E-03  6.066505E-03  1.619393E-01
  4.283784E-03  6.141141E-03  1.636006E-01
  4.336474E-03  6.216696E-03  1.652753E-01
  4.389813E-03  6.293180E-03  1.669635E-01
  4.443808E-03  6.370606E-03  1.686652E-01
  4.498466E-03  6.448986E-03  1.703804E-01
  4.553798E-03  6.528330E-03  1.721091E-01
  4.609809E-03  6.608650E-03  1.738513E-01
  4.666510E-03  6.689960E-03  1.756070E-01
  4.723908E-03  6.772270E-03  1.773763E-01
  4.782012E-03  6.855594E-03  1.791590E-01
  4.840831E-03  6.939944E-03  1.809552E-01
  4.900373E-03  7.025332E-03  1.827649E-01
  4.960648E-03  7.111771E-03  1.845880E-01
  5.021664E-03  7.199275E-03  1.864246E-01
  5.083430E-03  7.287856E-03  1.882747E-01
  5.145956E-03  7.377528E-03  1.901381E-01
  5.209251E-03  7.468304E-03  1.920148E-01
  5.273325E-03  7.560197E-03  1.939049E-01
  5.338187E-03  7.653222E-03  1.958083E-01
  5.403847E-03  7.747393E-03  1.977249E-01
  5.470314E-03  7.842723E-03  1.996546E-01
  5.537599E-03  7.939227E-03  2.015975E-01
  5.605712E-03  8.036920E-03  2.035535E-01
  5.674662E-03  8.135816E-03  2.055224E-01
  5.744460E-03  8.235929E-03  2.075043E-01
  5.815117E-03  8.337276E-03  2.094990E-01
  5.886643E-03  8.439871E-03  2.115065E-01
  5.959049E-03  8.543730E-03  2.135267E-01
  6.032345E-03  8.648868E-03  2.155594E-01
  6.106543E-03  8.755301E-03  2.176047E-01
  6.181653E-03  8.863045E-03  2.196623E-01
  6.257688E-03  8.972116E-03  2.217321E-01
  6.334657E-03  9.082531E-03  2.238141E-01
  6.412573E-03  9.194306E-03  2.259081E-01
  6.491448E-03  9.307459E-03  2.280140E-01
  6.571293E-03  9.422005E-03  2.301317E-01
  6.652120E-03  9.537963E-03  2.322609E-01
  6.733941E-03  9.655350E-03  2.344016E-01
  6.816768E-03  9.774183E-03  2.365535E-01
  6.900615E-03  9.894480E-03  2.387166E-01
  6.985492E-03  1.001626E-02  2.408906E-01
  7.071414E-03  1.013954E-02  2.430753E-01
  7.158392E-03  1.026434E-02  2.452706E-01
  7.246440E-03  1.039068E-02  2.474762E-01
  7.335572E-03  1.051857E-02  2.496920E-01
  7.425799E-03  1.064805E-02  2.519176E-01
  7.517136E-03  1.077911E-02  2.541530E-01
  7.609597E-03  1.091180E-02  2.563978E-01
  7.703195E-03  1.104612E-02  2.586518E-01
  7.797945E-03  1.118209E-02  2.609148E-01
  7.893859E-03  1.131975E-02  2.631864E-01
  7.990954E-03  1.145910E-02  2.654665E-01
  8.089242E-03  1.160016E-02  2.677546E-01
  8.188740E-03  1.174297E-02  2.700506E-01
  8.289462E-03  1.188754E-02  2.723540E-01
  8.391422E-03  1.203389E-02  2.746646E-01
  8.494636E-03  1.218205E-02  2.769821E-01
  8.599121E-03  1.233203E-02  2.793061E-01
  8.704890E-03  1.248387E-02  2.816363E-01
  8.811960E-03  1.263758E-02  2.839722E-01
  8.920347E-03  1.279318E-02  2.863135E-01
  9.030067E-03  1.295071E-02  2.886599E-01
  9.141137E-03  1.311018E-02  2.910109E-01
  9.253573E-03  1.327161E-02  2.933661E-01
  9.367392E-03  1.343504E-02  2.957250E-01
  9.482611E-03  1.360049E-02  2.980873E-01
  9.599247E-03  1.376798E-02  3.004524E-01
  9.717318E-03  1.393753E-02  3.028200E-01
  9.836841E-03  1.410918E-02  3.051894E-01
  9.957834E-03  1.428295E-02  3.075603E-01
  1.008032E-02  1.445887E-02  3.099321E-01
  1.020430E-02  1.463696E-02  3.123043E-01
  1.032982E-02  1.481724E-02  3.146763E-01
  1.045687E-02  1.499976E-02  3.170476E-01
  1.058549E-02  1.518453E-02  3.194176E-01
  1.071569E-02  1.537158E-02  3.217857E-01
  1.084750E-02  1.556094E-02  3.241513E-01
  1.098092E-02  1.575265E-02  3.265138E-01
  1.111599E-02  1.594672E-02  3.288726E-01
  1.125271E-02  1.614319E-02  3.312270E-01
  1.139112E-02  1.634209E-02  3.335763E-01
  1.153123E-02  1.654345E-02  3.359198E-01
  1.167307E-02  1.674731E-02  3.382569E-01
  1.181665E-02  1.695368E-02  3.405868E-01
  1.196199E-02  1.716260E-02  3.429087E-01
  1.210912E-02  1.737411E-02  3.452220E-01
  1.225806E-02  1.758824E-02  3.475257E-01
  1.240884E-02  1.780501E-02  3.498192E-01
  1.256147E-02  1.802447E-02  3.521016E-01
  1.271597E-02  1.824665E-02  3.543721E-01
  1.287238E-02  1.847157E-02  3.566298E-01
  1.303071E-02  1.869928E-02  3.588738E-01
  1.319099E-02  1.892981E-02  3.611033E-01
  1.335324E-02  1.916320E-02  3.633173E-01
  1.351748E-02  1.939948E-02  3.655149E-01
  1.368375E-02  1.963868E-02  3.676951E-01
  1.385206E-02  1.988086E-02  3.698569E-01
  1.402244E-02  2.012603E-02  3.719995E-01
  1.419491E-02  2.037424E-02  3.741216E-01
  1.436951E-02  2.062553E-02  3.762224E-01
  1.454626E-02  2.087994E-02  3.783007E-01
  1.472517E-02  2.113750E-02  3.803554E-01
  1.490629E-02  2.139826E-02  3.823855E-01
  1.508964E-02  2.166225E-02  3.843897E-01
  1.527524E-02  2.192952E-02  3.863670E-01
  1.546313E-02  2.220012E-02  3.883162E-01
  1.565333E-02  2.247407E-02  3.902361E-01
  1.584586E-02  2.275142E-02  3.921254E-01
  1.604077E-02  2.303222E-02  3.939830E-01
  1.623807E-02  2.331651E-02  3.958075E-01
  1.643780E-02  2.360434E-02  3.975976E-01
  1.663998E-02  2.389575E-02  3.993522E-01
  1.684465E-02  2.419078E-02  4.010697E-01
  1.705184E-02  2.448948E-02  4.027488E-01
  1.726158E-02  2.479190E-02  4.043883E-01
  1.747390E-02  2.509808E-02  4.059866E-01
  1.768883E-02  2.540808E-02  4.075423E-01
  1.790640E-02  2.572193E-02  4.090541E-01
  1.812665E-02  2.603970E-02  4.105203E-01
  1.834961E-02  2.636143E-02  4.119396E-01
  1.857531E-02  2.668718E-02  4.133103E-01
  1.880378E-02  2.701698E-02  4.146309E-01
  1.903507E-02  2.735091E-02  4.159000E-01
  1.926920E-02  2.768900E-02  4.171158E-01
  1.950621E-02  2.803131E-02  4.182767E-01
  1.974614E-02  2.837790E-02  4.193812E-01
  1.998901E-02  2.872881E-02  4.204276E-01
  2.023488E-02  2.908412E-02  4.214141E-01
  2.048377E-02  2.944387E-02  4.223391E-01
  2.073572E-02  2.980812E-02  4.232008E-01
  2.099077E-02  3.017694E-02  4.239976E-01
  2.124895E-02  3.055037E-02  4.247276E-01
  2.151032E-02  3.092848E-02  4.253890E-01
  2.177489E-02  3.131132E-02  4.259800E-01
  2.204272E-02  3.169897E-02  4.264988E-01
  2.231385E-02  3.209149E-02  4.269436E-01
  2.258831E-02  3.248893E-02  4.273124E-01
  2.286615E-02  3.289136E-02  4.276034E-01
  2.314740E-02  3.329885E-02  4.278147E-01
  2.343211E-02  3.371146E-02  4.279444E-01
  2.372033E-02  3.412926E-02  4.279904E-01
  2.401209E-02  3.455232E-02  4.279509E-01
  2.430744E-02  3.498071E-02  4.278239E-01
  2.460642E-02  3.541450E-02  4.276073E-01
  2.490908E-02  3.585375E-02  4.272992E-01
  2.521546E-02  3.629855E-02  4.268976E-01
  2.552561E-02  3.674896E-02  4.264004E-01
  2.583957E-02  3.720506E-02  4.258055E-01
  2.615740E-02  3.766693E-02  4.251110E-01
  2.647914E-02  3.813464E-02  4.243148E-01
  2.680483E-02  3.860827E-02  4.234148E-01
  2.713453E-02  3.908790E-02  4.224089E-01
  2.746828E-02  3.957360E-02  4.212950E-01
  2.780614E-02  4.006547E-02  4.200711E-01
  2.814816E-02  4.056358E-02  4.187350E-01
  2.849438E-02  4.106802E-02  4.172846E-01
  2.884486E-02  4.157888E-02  4.157179E-01
  2.919966E-02  4.209623E-02  4.140327E-01
  2.955881E-02  4.262018E-02  4.122269E-01
  2.992238E-02  4.315080E-02  4.102985E-01
  3.029043E-02  4.368819E-02  4.082454E-01
  3.066300E-02  4.423244E-02  4.060654E-01
  3.104016E-02  4.478365E-02  4.037565E-01
  3.142195E-02  4.534190E-02  4.013166E-01
  3.180844E-02  4.590731E-02  3.987437E-01
  3.219968E-02  4.647996E-02  3.960357E-01
  3.259574E-02  4.705996E-02  3.931905E-01
  3.299667E-02  4.764741E-02  3.902062E-01
  3.340253E-02  4.824240E-02  3.870808E-01
  3.381338E-02  4.884506E-02  3.838123E-01
  3.422928E-02  4.945548E-02  3.803987E-01
  3.465030E-02  5.007377E-02  3.768382E-01
  3.507650E-02  5.070004E-02  3.731288E-01
  3.550794E-02  5.133441E-02  3.692686E-01
  3.594469E-02  5.197699E-02  3.652558E-01
  3.638681E-02  5.262789E-02  3.610887E-01
  3.683437E-02  5.328724E-02  3.567655E-01
  3.728743E-02  5.395516E-02  3.522843E-01
  3.774607E-02  5.463176E-02  3.476437E-01
  3.821034E-02  5.531717E-02  3.428419E-01
  3.868033E-02  5.601152E-02  3.378773E-01
  3.915610E-02  5.671493E-02  3.327485E-01
  3.963772E-02  5.742755E-02  3.274539E-01
  4.012526E-02  5.814950E-02  3.219921E-01
  4.061880E-02  5.888091E-02  3.163618E-01
  4.111841E-02  5.962194E-02  3.105617E-01
  4.162417E-02  6.037270E-02  3.045906E-01
  4.213615E-02  6.113337E-02  2.984472E-01
  4.265442E-02  6.190406E-02  2.921306E-01
  4.317907E-02  6.268495E-02  2.856397E-01
  4.371017E-02  6.347617E-02  2.789737E-01
  4.424781E-02  6.427788E-02  2.721316E-01
  4.479206E-02  6.509025E-02  2.651127E-01
  4.534300E-02  6.591342E-02  2.579164E-01
  4.590072E-02  6.674757E-02  2.505421E-01
  4.646530E-02  6.759285E-02  2.429894E-01
  4.703682E-02  6.844945E-02  2.352579E-01
  4.761537E-02  6.931753E-02  2.273474E-01
  4.820104E-02  7.019727E-02  2.192577E-01
  4.879392E-02  7.108885E-02  2.109888E-01
  4.939408E-02  7.199245E-02  2.025408E-01
  5.000163E-02  7.290826E-02  1.939140E-01
  5.061665E-02  7.383648E-02  1.851087E-01
  5.123923E-02  7.477728E-02  1.761253E-01
  5.186948E-02  7.573089E-02  1.669646E-01
  5.250747E-02  7.669749E-02  1.576272E-01
  5.315331E-02  7.767729E-02  1.481140E-01
  5.380710E-02  7.867051E-02  1.384262E-01
  5.446892E-02  7.967735E-02  1.285650E-01
  5.513889E-02  8.069805E-02  1.185316E-01
  5.581710E-02  8.173283E-02  1.083277E-01
  5.650365E-02  8.278190E-02  9.795483E-02
  5.719865E-02  8.384552E-02  8.741498E-02
  5.790219E-02  8.492391E-02  7.671015E-02
  5.861439E-02  8.601733E-02  6.584255E-02
  5.933534E-02  8.712602E-02  5.481457E-02
  6.006517E-02  8.825024E-02  4.362880E-02
  6.080397E-02  8.939024E-02  3.228801E-02
  6.155186E-02  9.054630E-02  2.079516E-02
  6.230895E-02  9.171869E-02  9.153420E-03
  6.307535E-02  9.290768E-02 -2.633850E-03
  6.385117E-02  9.411357E-02 -1.456308E-02
  6.463654E-02  9.533663E-02 -2.663049E-02
  6.543157E-02  9.657718E-02 -3.883208E-02
  6.623638E-02  9.783551E-02 -5.116366E-02
  6.705109E-02  9.911194E-02 -6.362079E-02
  6.787582E-02  1.004068E-01 -7.619884E-02
  6.871069E-02  1.017204E-01 -8.889291E-02
  6.955583E-02  1.030530E-01 -1.016979E-01
  7.041137E-02  1.044051E-01 -1.146085E-01
  7.127743E-02  1.057770E-01 -1.276192E-01
  7.215414E-02  1.071690E-01 -1.407241E-01
  7.304163E-02  1.085814E-01 -1.539172E-01
  7.394005E-02  1.100148E-01 -1.671922E-01
  7.484951E-02  1.114694E-01 -1.805425E-01
  7.577016E-02  1.129457E-01 -1.939616E-01
  7.670213E-02  1.144440E-01 -2.074422E-01
  7.764557E-02  1.159648E-01 -2.209772E-01
  7.860061E-02  1.175084E-01 -2.345591E-01
  7.956740E-02  1.190755E-01 -2.481800E-01
  8.054607E-02  1.206663E-01 -2.618321E-01
  8.153679E-02  1.222813E-01 -2.755070E-01
  8.253969E-02  1.239210E-01 -2.891962E-01
  8.355493E-02  1.255860E-01 -3.028910E-01
  8.458266E-02  1.272766E-01 -3.165824E-01
  8.562302E-02  1.289934E-01 -3.302612E-01
  8.667619E-02  1.307369E-01 -3.439178E-01
  8.774230E-02  1.325076E-01 -3.575425E-01
  8.882153E-02  1.343061E-01 -3.711253E-01
  8.991404E-02  1.361330E-01 -3.846560E-01
  9.101998E-02  1.379888E-01 -3.981242E-01
  9.213953E-02  1.398742E-01 -4.115191E-01
  9.327284E-02  1.417897E-01 -4.248299E-01
  9.442010E-02  1.437359E-01 -4.380453E-01
  9.558147E-02  1.457135E-01 -4.511540E-01
  9.675712E-02  1.477232E-01 -4.641445E-01
  9.794723E-02  1.497655E-01 -4.770049E-01
  9.915198E-02  1.518414E-01 -4.897233E-01
  1.003716E-01  1.539513E-01 -5.022873E-01
  1.016061E-01  1.560962E-01 -5.146848E-01
  1.028559E-01  1.582766E-01 -5.269030E-01
  1.041210E-01  1.604935E-01 -5.389293E-01
  1.054017E-01  1.627476E-01 -5.507508E-01
  1.066981E-01  1.650396E-01 -5.623543E-01
  1.080105E-01  1.673706E-01 -5.737268E-01
  1.093391E-01  1.697412E-01 -5.848549E-01
  1.106839E-01  1.721525E-01 -5.957251E-01
  1.120453E-01  1.746053E-01 -6.063238E-01
  1.134235E-01  1.771006E-01 -6.166374E-01
  1.148186E-01  1.796393E-01 -6.266522E-01
  1.162309E-01  1.822224E-01 -6.363543E-01
  1.176605E-01  1.848510E-01 -6.457299E-01
  1.191077E-01  1.875261E-01 -6.547650E-01
  1.205728E-01  1.902488E-01 -6.634457E-01
  1.220558E-01  1.930202E-01 -6.717580E-01
  1.235571E-01  1.958414E-01 -6.796880E-01
  1.250768E-01  1.987136E-01 -6.872217E-01
  1.266153E-01  2.016381E-01 -6.943452E-01
  1.281727E-01  2.046161E-01 -7.010447E-01
  1.297492E-01  2.076488E-01 -7.073064E-01
  1.313451E-01  2.107377E-01 -7.131166E-01
  1.329606E-01  2.138839E-01 -7.184618E-01
  1.345961E-01  2.170890E-01 -7.233284E-01
  1.362516E-01  2.203544E-01 -7.277033E-01
  1.379275E-01  2.236815E-01 -7.315733E-01
  1.396240E-01  2.270718E-01 -7.349254E-01
  1.413414E-01  2.305270E-01 -7.377469E-01
  1.430799E-01  2.340487E-01 -7.400255E-01
  1.448397E-01  2.376384E-01 -7.417487E-01
  1.466213E-01  2.412979E-01 -7.429047E-01
  1.484247E-01  2.450290E-01 -7.434819E-01
  1.502503E-01  2.488334E-01 -7.434689E-01
  1.520984E-01  2.527130E-01 -7.428546E-01
  1.539692E-01  2.566696E-01 -7.416286E-01
  1.558630E-01  2.607053E-01 -7.397806E-01
  1.577802E-01  2.648220E-01 -7.373008E-01
  1.597209E-01  2.690219E-01 -7.341799E-01
  1.616854E-01  2.733070E-01 -7.304088E-01
  1.636742E-01  2.776794E-01 -7.259793E-01
  1.656874E-01  2.821415E-01 -7.208834E-01
  1.677253E-01  2.866955E-01 -7.151137E-01
  1.697883E-01  2.913439E-01 -7.086635E-01
  1.718767E-01  2.960889E-01 -7.015264E-01
  1.739908E-01  3.009331E-01 -6.936969E-01
  1.761309E-01  3.058791E-01 -6.851700E-01
  1.782973E-01  3.109294E-01 -6.759412E-01
  1.804904E-01  3.160867E-01 -6.660069E-01
  1.827104E-01  3.213539E-01 -6.553641E-01
  1.849577E-01  3.267336E-01 -6.440106E-01
  1.872327E-01  3.322287E-01 -6.319446E-01
  1.895357E-01  3.378423E-01 -6.191655E-01
  1.918670E-01  3.435774E-01 -6.056731E-01
  1.942269E-01  3.494369E-01 -5.914683E-01
  1.966159E-01  3.554241E-01 -5.765526E-01
  1.990343E-01  3.615423E-01 -5.609283E-01
  2.014824E-01  3.677946E-01 -5.445987E-01
  2.039606E-01  3.741844E-01 -5.275678E-01
  2.064694E-01  3.807153E-01 -5.098406E-01
  2.090089E-01  3.873906E-01 -4.914229E-01
  2.115797E-01  3.942140E-01 -4.723214E-01
  2.141822E-01  4.011890E-01 -4.525436E-01
  2.168166E-01  4.083193E-01 -4.320981E-01
  2.194835E-01  4.156088E-01 -4.109944E-01
  2.221831E-01  4.230611E-01 -3.892427E-01
  2.249160E-01  4.306801E-01 -3.668543E-01
  2.276824E-01  4.384697E-01 -3.438415E-01
  2.304829E-01  4.464338E-01 -3.202173E-01
  2.333179E-01  4.545765E-01 -2.959959E-01
  2.361877E-01  4.629017E-01 -2.711922E-01
  2.390928E-01  4.714135E-01 -2.458222E-01
  2.420336E-01  4.801160E-01 -2.199027E-01
  2.450106E-01  4.890131E-01 -1.934515E-01
  2.480243E-01  4.981090E-01 -1.664871E-01
  2.510750E-01  5.074078E-01 -1.390292E-01
  2.541632E-01  5.169135E-01 -1.110982E-01
  2.572894E-01  5.266302E-01 -8.271540E-02
  2.604541E-01  5.365618E-01 -5.390289E-02
  2.636576E-01  5.467123E-01 -2.468365E-02
  2.669006E-01  5.570855E-01  4.918528E-03
  2.701835E-01  5.676853E-01  3.487910E-02
  2.735068E-01  5.785154E-01  6.517276E-02
  2.768709E-01  5.895793E-01  9.577345E-02
  2.802764E-01  6.008805E-01  1.266544E-01
  2.837238E-01  6.124223E-01  1.577883E-01
  2.872136E-01  6.242077E-01  1.891470E-01
  2.907463E-01  6.362398E-01  2.207019E-01
  2.943225E-01  6.485211E-01  2.524238E-01
  2.979427E-01  6.610540E-01  2.842829E-01
  3.016074E-01  6.738407E-01  3.162491E-01
  3.053171E-01  6.868830E-01  3.482916E-01
  3.090725E-01  7.001822E-01  3.803794E-01
  3.128741E-01  7.137396E-01  4.124810E-01
  3.167225E-01  7.275556E-01  4.445648E-01
  3.206182E-01  7.416304E-01  4.765986E-01
  3.245618E-01  7.559636E-01  5.085502E-01
  3.285539E-01  7.705544E-01  5.403871E-01
  3.325951E-01  7.854012E-01  5.720766E-01
  3.366860E-01  8.005018E-01  6.035861E-01
  3.408273E-01  8.158533E-01  6.348826E-01
  3.450194E-01  8.314521E-01  6.659332E-01
  3.492632E-01  8.472938E-01  6.967052E-01
  3.535591E-01  8.633730E-01  7.271656E-01
  3.579079E-01  8.796834E-01  7.572818E-01
  3.623102E-01  8.962179E-01  7.870212E-01
  3.667666E-01  9.129682E-01  8.163515E-01
  3.712778E-01  9.299248E-01  8.452406E-01
  3.758445E-01  9.470772E-01  8.736568E-01
  3.804674E-01  9.644137E-01  9.015688E-01
  3.851472E-01  9.819210E-01  9.289460E-01
  3.898845E-01  9.995847E-01  9.557579E-01
  3.946800E-01  1.017389E+00  9.819750E-01
  3.995346E-01  1.035316E+00  1.007568E+00
  4.044489E-01  1.053348E+00  1.032510E+00
  4.094236E-01  1.071463E+00  1.056772E+00
  4.144595E-01  1.089640E+00  1.080329E+00
  4.195574E-01  1.107854E+00  1.103154E+00
  4.247179E-01  1.126081E+00  1.125223E+00
  4.299420E-01  1.144291E+00  1.146513E+00
  4.352302E-01  1.162457E+00  1.167001E+00
  4.405836E-01  1.180547E+00  1.186666E+00
  4.460028E-01  1.198528E+00  1.205488E+00
  4.514886E-01  1.216365E+00  1.223447E+00
  4.570419E-01  1.234022E+00  1.240525E+00
  4.626635E-01  1.251460E+00  1.256708E+00
  4.683543E-01  1.268638E+00  1.271978E+00
  4.741150E-01  1.285515E+00  1.286323E+00
  4.799466E-01  1.302047E+00  1.299730E+00
  4.858500E-01  1.318188E+00  1.312188E+00
  4.918259E-01  1.333892E+00  1.323687E+00
  4.978754E-01  1.349110E+00  1.334219E+00
  5.039993E-01  1.363793E+00  1.343778E+00
  5.101985E-01  1.377891E+00  1.352359E+00
  5.164739E-01  1.391350E+00  1.359956E+00
  5.228265E-01  1.404120E+00  1.366569E+00
  5.292573E-01  1.416148E+00  1.372197E+00
  5.357672E-01  1.427379E+00  1.376839E+00
  5.423571E-01  1.437761E+00  1.380499E+00
  5.490281E-01  1.447239E+00  1.383180E+00
  5.557811E-01  1.455762E+00  1.384887E+00
  5.626172E-01  1.463275E+00  1.385627E+00
  5.695374E-01  1.469727E+00  1.385407E+00
  5.765427E-01  1.475066E+00  1.384237E+00
  5.836342E-01  1.479244E+00  1.382128E+00
  5.908129E-01  1.482211E+00  1.379091E+00
  5.980799E-01  1.483922E+00  1.375141E+00
  6.054363E-01  1.484334E+00  1.370291E+00
  6.128832E-01  1.483404E+00  1.364558E+00
  6.204216E-01  1.481097E+00  1.357958E+00
  6.280528E-01  1.477378E+00  1.350509E+00
  6.357779E-01  1.472218E+00  1.342232E+00
  6.435979E-01  1.465593E+00  1.333146E+00
  6.515142E-01  1.457483E+00  1.323272E+00
  6.595278E-01  1.447875E+00  1.312633E+00
  6.676400E-01  1.436760E+00  1.301251E+00
  6.758520E-01  1.424138E+00  1.289151E+00
  6.841650E-01  1.410014E+00  1.276358E+00
  6.925802E-01  1.394400E+00  1.262895E+00
  7.010989E-01  1.377315E+00  1.248791E+00
  7.097224E-01  1.358786E+00  1.234071E+00
  7.184520E-01  1.338846E+00  1.218763E+00
  7.272890E-01  1.317537E+00  1.202893E+00
  7.362346E-01  1.294905E+00  1.186491E+00
  7.452903E-01  1.271008E+00  1.169584E+00
  7.544574E-01  1.245905E+00  1.152202E+00
  7.637372E-01  1.219666E+00  1.134373E+00
  7.731312E-01  1.192364E+00  1.116126E+00
  7.826407E-01  1.164081E+00  1.097491E+00
  7.922672E-01  1.134900E+00  1.078497E+00
  8.020121E-01  1.104912E+00  1.059172E+00
  8.118768E-01  1.074211E+00  1.039547E+00
  8.218629E-01  1.042894E+00  1.019651E+00
  8.319718E-01  1.011060E+00  9.995117E-01
  8.422051E-01  9.788123E-01  9.791586E-01
  8.525642E-01  9.462521E-01  9.586201E-01
  8.630507E-01  9.134831E-01  9.379243E-01
  8.736663E-01  8.806076E-01  9.170990E-01
  8.844124E-01  8.477270E-01  8.961715E-01
  8.952906E-01  8.149405E-01  8.751688E-01
  9.063027E-01  7.823443E-01  8.541173E-01
  9.174502E-01  7.500313E-01  8.330428E-01
  9.287349E-01  7.180902E-01  8.119707E-01
  9.401583E-01  6.866048E-01  7.909256E-01
  9.517223E-01  6.556535E-01  7.699316E-01
  9.634284E-01  6.253091E-01  7.490119E-01
  9.752786E-01  5.956379E-01  7.281894E-01
  9.872745E-01  5.666999E-01  7.074858E-01
  9.994180E-01  5.385483E-01  6.869223E-01
  1.011711E+00  5.112294E-01  6.665193E-01
  1.024155E+00  4.847826E-01  6.462963E-01
  1.036752E+00  4.592401E-01  6.262721E-01
  1.049504E+00  4.346277E-01  6.064644E-01
  1.062413E+00  4.109641E-01  5.868904E-01
  1.075481E+00  3.882619E-01  5.675661E-01
  1.088709E+00  3.665273E-01  5.485068E-01
  1.102100E+00  3.457609E-01  5.297269E-01
  1.115656E+00  3.259577E-01  5.112399E-01
  1.129379E+00  3.071076E-01  4.930583E-01
  1.143270E+00  2.891963E-01  4.751938E-01
  1.157332E+00  2.722050E-01  4.576573E-01
  1.171567E+00  2.561114E-01  4.404585E-01
  1.185978E+00  2.408901E-01  4.236066E-01
  1.200565E+00  2.265130E-01  4.071097E-01
  1.215332E+00  2.129497E-01  3.909750E-01
  1.230281E+00  2.001682E-01  3.752088E-01
  1.245413E+00  1.881349E-01  3.598169E-01
  1.260732E+00  1.768154E-01  3.448038E-01
  1.276239E+00  1.661745E-01  3.301736E-01
  1.291936E+00  1.561769E-01  3.159293E-01
  1.307827E+00  1.467868E-01  3.020732E-01
  1.323914E+00  1.379688E-01  2.886070E-01
  1.340198E+00  1.296877E-01  2.755314E-01
  1.356682E+00  1.219086E-01  2.628467E-01
  1.373369E+00  1.145976E-01  2.505523E-01
  1.390262E+00  1.077216E-01  2.386469E-01
  1.407362E+00  1.012490E-01  2.271288E-01
  1.424672E+00  9.514948E-02  2.159955E-01
  1.442196E+00  8.939475E-02  2.052438E-01
  1.459935E+00  8.395831E-02  1.948703E-01
  1.477892E+00  7.881577E-02  1.848709E-01
  1.496070E+00  7.394485E-02  1.752408E-01
  1.514472E+00  6.932541E-02  1.659751E-01
  1.533100E+00  6.493940E-02  1.570682E-01
  1.551957E+00  6.077088E-02  1.485143E-01
  1.571046E+00  5.680592E-02  1.403070E-01
  1.590370E+00  5.303253E-02  1.324396E-01
  1.609932E+00  4.944055E-02  1.249053E-01
  1.629734E+00  4.602153E-02  1.176967E-01
  1.649779E+00  4.276857E-02  1.108065E-01
  1.670072E+00  3.967611E-02  1.042267E-01
  1.690614E+00  3.673969E-02  9.794963E-02
  1.711408E+00  3.395579E-02  9.196706E-02
  1.732458E+00  3.132150E-02  8.627076E-02
  1.753768E+00  2.883430E-02  8.085237E-02
  1.775339E+00  2.649184E-02  7.570346E-02
  1.797176E+00  2.429175E-02  7.081549E-02
  1.819281E+00  2.223141E-02  6.617990E-02
  1.841658E+00  2.030786E-02  6.178812E-02
  1.864311E+00  1.851767E-02  5.763157E-02
  1.887242E+00  1.685688E-02  5.370170E-02
  1.910455E+00  1.532098E-02  4.998999E-02
  1.933953E+00  1.390493E-02  4.648801E-02
  1.957741E+00  1.260315E-02  4.318738E-02
  1.981821E+00  1.140964E-02  4.007985E-02
  2.006197E+00  1.031805E-02  3.715725E-02
  2.030874E+00  9.321771E-03  3.441156E-02
  2.055853E+00  8.414059E-03  3.183490E-02
  2.081140E+00  7.588156E-03  2.941953E-02
  2.106738E+00  6.837411E-03  2.715787E-02
  2.132651E+00  6.155399E-03  2.504253E-02
  2.158883E+00  5.536033E-03  2.306629E-02
  2.185437E+00  4.973660E-03  2.122213E-02
  2.212318E+00  4.463122E-03  1.950321E-02
  2.239530E+00  3.999801E-03  1.790292E-02
  2.267076E+00  3.579608E-03  1.641482E-02
  2.294961E+00  3.198940E-03  1.503270E-02
  2.323189E+00  2.854554E-03  1.375058E-02
  2.351764E+00  2.543455E-03  1.256267E-02
  2.380691E+00  2.262849E-03  1.146341E-02
  2.409973E+00  2.010135E-03  1.044745E-02
  2.439616E+00  1.782892E-03  9.509666E-03
  2.469623E+00  1.578873E-03  8.645148E-03
  2.500000E+00  1.395994E-03  7.849199E-03
  2.530750E+00  1.232327E-03  7.117338E-03
  2.561878E+00  1.086091E-03  6.445292E-03
  2.593389E+00  9.556440E-04  5.828994E-03
  2.625288E+00  8.394734E-04  5.264584E-03
  2.657579E+00  7.361904E-04  4.748397E-03
  2.690267E+00  6.445210E-04  4.276965E-03
  2.723357E+00  5.632991E-04  3.847007E-03
  2.756854E+00  4.914587E-04  3.455429E-03
  2.790764E+00  4.280279E-04  3.099312E-03
  2.825090E+00  3.721219E-04  2.775914E-03
  2.859839E+00  3.229364E-04  2.482657E-03
  2.895015E+00  2.797424E-04  2.217124E-03
  2.930623E+00  2.418799E-04  1.977053E-03
  2.966670E+00  2.087524E-04  1.760330E-03
  3.003160E+00  1.798226E-04  1.564984E-03
  3.040099E+00  1.546066E-04  1.389179E-03
  3.077492E+00  1.326701E-04  1.231206E-03
  3.115345E+00  1.136239E-04  1.089481E-03
  3.153664E+00  9.711967E-05  9.625366E-04
  3.192454E+00  8.284681E-05  8.490150E-04
  3.231721E+00  7.052857E-05  7.476631E-04
  3.271472E+00  5.991901E-05  6.573257E-04
  3.311711E+00  5.080001E-05  5.769407E-04
  3.352445E+00  4.297858E-05  5.055326E-04
  3.393680E+00  3.628428E-05  4.422074E-04
  3.435422E+00  3.056696E-05  3.861475E-04
  3.477678E+00  2.569463E-05  3.366061E-04
  3.520453E+00  2.155149E-05  2.929028E-04
  3.563755E+00  1.803624E-05  2.544186E-04
  3.607589E+00  1.506042E-05  2.205917E-04
  3.651962E+00  1.254696E-05  1.909127E-04
  3.696881E+00  1.042891E-05  1.649215E-04
  3.742353E+00  8.648216E-06  1.422022E-04
  3.788384E+00  7.154657E-06  1.223807E-04
  3.834981E+00  5.904917E-06  1.051205E-04
  3.882151E+00  4.861710E-06  9.011980E-05
  3.929902E+00  3.993025E-06  7.710827E-05
  3.978240E+00  3.271448E-06  6.584454E-05
  4.027172E+00  2.673561E-06  5.611339E-05
  4.076706E+00  2.179412E-06  4.772334E-05
  4.126850E+00  1.772043E-06  4.050440E-05
  4.177610E+00  1.437083E-06  3.430599E-05
  4.228994E+00  1.162380E-06  2.899502E-05
  4.281011E+00  9.376900E-07  2.445410E-05
  4.333668E+00  7.543998E-07  2.057991E-05
  4.386972E+00  6.052861E-07  1.728174E-05
  4.440931E+00  4.843088E-07  1.448013E-05
  4.495555E+00  3.864309E-07  1.210561E-05
  4.550850E+00  3.074642E-07  1.009761E-05
  4.606826E+00  2.439358E-07  8.403420E-06
  4.663490E+00  1.929743E-07  6.977294E-06
  4.720851E+00  1.522127E-07  5.779620E-06
  4.778917E+00  1.197057E-07  4.776176E-06
  4.837698E+00  9.385872E-08  3.937473E-06
  4.897201E+00  7.336938E-08  3.238160E-06
  4.957437E+00  5.717671E-08  2.656498E-06
  5.018413E+00  4.441924E-08  2.173892E-06
  5.080140E+00  3.439966E-08  1.774478E-06
  5.142626E+00  2.655530E-08  1.444753E-06
  5.205880E+00  2.043363E-08  1.173258E-06
  5.269912E+00  1.567182E-08  9.502912E-07
  5.334732E+00  1.197998E-08  7.676598E-07
  5.400349E+00  9.127185E-09  6.184659E-07
  5.466774E+00  6.930178E-09  4.969162E-07
  5.534015E+00  5.243973E-09  3.981590E-07
  5.602083E+00  3.954271E-09  3.181421E-07
  5.670989E+00  2.971282E-09  2.534907E-07
  5.740742E+00  2.224713E-09  2.014022E-07
  5.811353E+00  1.659730E-09  1.595557E-07
  5.882833E+00  1.233716E-09  1.260349E-07
  5.955192E+00  9.136656E-10  9.926228E-08
  6.028441E+00  6.741154E-10  7.794292E-08
  6.102590E+00  4.954913E-10  6.101718E-08
  6.177652E+00  3.628042E-10  4.762055E-08
  6.253637E+00  2.646199E-10  3.704990E-08
  6.330557E+00  1.922497E-10  2.873515E-08
  6.408423E+00  1.391173E-10  2.221554E-08
  6.487247E+00  1.002646E-10  1.711987E-08
  6.567040E+00  7.196865E-11  1.315004E-08
  6.647814E+00  5.144541E-11  1.006743E-08
  6.729582E+00  3.662143E-11  7.681722E-09
  6.812356E+00  2.595896E-11  5.841555E-09
  6.896148E+00  1.832229E-11  4.427009E-09
  6.980971E+00  1.287626E-11  3.343384E-09
  7.066837E+00  9.009372E-12  2.516156E-09
  7.153759E+00  6.275818E-12  1.886886E-09
  7.241750E+00  4.352047E-12  1.409910E-09
  7.330824E+00  3.004278E-12  1.049679E-09
  7.420993E+00  2.064362E-12  7.786111E-10
  7.512271E+00  1.411907E-12  5.753933E-10
  7.604672E+00  9.611159E-13  4.236129E-10
  7.698209E+00  6.511333E-13  3.106802E-10
  7.792897E+00  4.389983E-13  2.269749E-10
  7.888750E+00  2.945296E-13  1.651739E-10
  7.985782E+00  1.966264E-13  1.197247E-10
  8.084007E+00  1.306096E-13  8.643375E-11
  8.183440E+00  8.631808E-14  6.214688E-11
  8.284096E+00  5.675380E-14  4.450103E-11
  8.385991E+00  3.712163E-14  3.173318E-11
  8.489138E+00  2.415295E-14  2.253347E-11
  8.593555E+00  1.563134E-14  1.593276E-11
  8.699256E+00  1.006182E-14  1.121708E-11
  8.806256E+00  6.441429E-15  7.862702E-12
  8.914573E+00  4.100946E-15  5.487108E-12
  9.024223E+00  2.596285E-15  3.812164E-12
  9.135221E+00  1.634395E-15  2.636527E-12
  9.247584E+00  1.022982E-15  1.815103E-12
  9.361329E+00  6.365813E-16  1.243812E-12
  9.476473E+00  3.938074E-16  8.483352E-13
  9.593034E+00  2.421733E-16  5.758572E-13
  9.711028E+00  1.480298E-16  3.890195E-13
  9.830474E+00  8.993313E-17  2.615239E-13
  9.951389E+00  5.430071E-17  1.749481E-13
  1.007379E+01  3.258165E-17  1.164497E-13
  1.019770E+01  1.942624E-17  7.712094E-14
  1.032313E+01  1.150849E-17  5.081408E-14
  1.045010E+01  6.773719E-18  3.330783E-14
  1.057864E+01  3.960777E-18  2.171858E-14
  1.070876E+01  2.300606E-18  1.408678E-14
  1.084048E+01  1.327324E-18  9.087788E-15
  1.097381E+01  7.605848E-19  5.830995E-15
  1.110879E+01  4.328304E-19  3.720796E-15
  1.124543E+01  2.445962E-19  2.361066E-15
  1.138375E+01  1.372479E-19  1.489807E-15
  1.152377E+01  7.646222E-20  9.346964E-16
  1.166551E+01  4.228969E-20  5.830410E-16
  1.180900E+01  2.321821E-20  3.615628E-16
  1.195425E+01  1.265284E-20  2.228892E-16
  1.210128E+01  6.843390E-21  1.365789E-16
  1.225013E+01  3.672956E-21  1.368734E-16
  1.240081E+01  1.956073E-21  3.031144E-17
  1.255334E+01  0.000000E+00  1.812859E-17
  1.270774E+01  0.000000E+00  0.000000E+00
  1.286405E+01  0.000000E+00  0.000000E+00
  1.302228E+01  0.000000E+00  0.000000E+00
  1.318245E+01  0.000000E+00  0.000000E+00
  1.334459E+01  0.000000E+00  0.000000E+00
  1.350873E+01  0.000000E+00  0.000000E+00
  1.367489E+01  0.000000E+00  0.000000E+00
  1.384309E+01  0.000000E+00  0.000000E+00
  1.401336E+01  0.000000E+00  0.000000E+00
  1.418573E+01  0.000000E+00  0.000000E+00
  1.436021E+01  0.000000E+00  0.000000E+00
  1.453684E+01  0.000000E+00  0.000000E+00
  1.471564E+01  0.000000E+00  0.000000E+00
  1.489665E+01  0.000000E+00  0.000000E+00
  1.507988E+01  0.000000E+00  0.000000E+00
  1.526536E+01  0.000000E+00  0.000000E+00
  1.545312E+01  0.000000E+00  0.000000E+00
  1.564320E+01  0.000000E+00  0.000000E+00
  1.583561E+01  0.000000E+00  0.000000E+00
  1.603038E+01  0.000000E+00  0.000000E+00
  1.622756E+01  0.000000E+00  0.000000E+00
  1.642716E+01  0.000000E+00  0.000000E+00
  1.662921E+01  0.000000E+00  0.000000E+00
  1.683375E+01  0.000000E+00  0.000000E+00
  1.704081E+01  0.000000E+00  0.000000E+00
  1.725041E+01  0.000000E+00  0.000000E+00
  1.746259E+01  0.000000E+00  0.000000E+00
  1.767738E+01  0.000000E+00  0.000000E+00
  1.789481E+01  0.000000E+00  0.000000E+00
  1.811492E+01  0.000000E+00  0.000000E+00
  1.833773E+01  0.000000E+00  0.000000E+00
  1.856328E+01  0.000000E+00  0.000000E+00
  1.879161E+01  0.000000E+00  0.000000E+00
  1.902275E+01  0.000000E+00  0.000000E+00
  1.925673E+01  0.000000E+00  0.000000E+00
  1.949359E+01  0.000000E+00  0.000000E+00
  1.973336E+01  0.000000E+00  0.000000E+00
  1.997608E+01  0.000000E+00  0.000000E+00
  2.022178E+01  0.000000E+00  0.000000E+00
  2.047051E+01  0.000000E+00  0.000000E+00
  2.072230E+01  0.000000E+00  0.000000E+00
  2.097718E+01  0.000000E+00  0.000000E+00
  2.123520E+01  0.000000E+00  0.000000E+00
  2.149639E+01  0.000000E+00  0.000000E+00
  2.176080E+01  0.000000E+00  0.000000E+00
  2.202846E+01  0.000000E+00  0.000000E+00
  2.229941E+01  0.000000E+00  0.000000E+00
  2.257369E+01  0.000000E+00  0.000000E+00
  2.285135E+01  0.000000E+00  0.000000E+00
  2.313242E+01  0.000000E+00  0.000000E+00
  2.341695E+01  0.000000E+00  0.000000E+00
  2.370498E+01  0.000000E+00  0.000000E+00
  2.399655E+01  0.000000E+00  0.000000E+00
  2.429170E+01  0.000000E+00  0.000000E+00
  2.459049E+01  0.000000E+00  0.000000E+00
  2.489296E+01  0.000000E+00  0.000000E+00
  2.519914E+01  0.000000E+00  0.000000E+00
  2.550909E+01  0.000000E+00  0.000000E+00
  2.582285E+01  0.000000E+00  0.000000E+00
  2.614047E+01  0.000000E+00  0.000000E+00
  2.646200E+01  0.000000E+00  0.000000E+00
  2.678748E+01  0.000000E+00  0.000000E+00
  2.711697E+01  0.000000E+00  0.000000E+00
  2.745051E+01  0.000000E+00  0.000000E+00
  2.778815E+01  0.000000E+00  0.000000E+00
  2.812994E+01  0.000000E+00  0.000000E+00
  2.847594E+01  0.000000E+00  0.000000E+00
  2.882619E+01  0.000000E+00  0.000000E+00
  2.918076E+01  0.000000E+00  0.000000E+00
  2.953968E+01  0.000000E+00  0.000000E+00
  2.990302E+01  0.000000E+00  0.000000E+00
  3.027082E+01  0.000000E+00  0.000000E+00
  3.064316E+01  0.000000E+00  0.000000E+00
  3.102007E+01  0.000000E+00  0.000000E+00
  3.140161E+01  0.000000E+00  0.000000E+00
  3.178785E+01  0.000000E+00  0.000000E+00
  3.217884E+01  0.000000E+00  0.000000E+00
  3.257464E+01  0.000000E+00  0.000000E+00
  3.297531E+01  0.000000E+00  0.000000E+00
  3.338091E+01  0.000000E+00  0.000000E+00
  3.379149E+01  0.000000E+00  0.000000E+00
  3.420713E+01  0.000000E+00  0.000000E+00
  3.462788E+01  0.000000E+00  0.000000E+00
  3.505380E+01  0.000000E+00  0.000000E+00
  3.548496E+01  0.000000E+00  0.000000E+00
  3.592143E+01  0.000000E+00  0.000000E+00
  3.636326E+01  0.000000E+00  0.000000E+00
  3.681053E+01  0.000000E+00  0.000000E+00
  3.726330E+01  0.000000E+00  0.000000E+00
  3.772164E+01  0.000000E+00  0.000000E+00
  3.818561E+01  0.000000E+00  0.000000E+00
  3.865529E+01  0.000000E+00  0.000000E+00
  3.913075E+01  0.000000E+00  0.000000E+00
  3.961206E+01  0.000000E+00  0.000000E+00
  4.009929E+01  0.000000E+00  0.000000E+00
  4.059251E+01  0.000000E+00  0.000000E+00
  4.109180E+01  0.000000E+00  0.000000E+00
  4.159723E+01  0.000000E+00  0.000000E+00
  4.210888E+01  0.000000E+00  0.000000E+00
  4.262681E+01  0.000000E+00  0.000000E+00
  4.315112E+01  0.000000E+00  0.000000E+00
  4.368188E+01  0.000000E+00  0.000000E+00
  4.421917E+01  0.000000E+00  0.000000E+00
  4.476307E+01  0.000000E+00  0.000000E+00
  4.531365E+01  0.000000E+00  0.000000E+00
  4.587101E+01  0.000000E+00  0.000000E+00
  4.643522E+01  0.000000E+00  0.000000E+00
  4.700638E+01  0.000000E+00  0.000000E+00
  4.758456E+01  0.000000E+00  0.000000E+00
  4.816985E+01  0.000000E+00  0.000000E+00
  4.876233E+01  0.000000E+00  0.000000E+00
  4.936211E+01  0.000000E+00  0.000000E+00
  4.996927E+01  0.000000E+00  0.000000E+00
  5.058389E+01  0.000000E+00  0.000000E+00
  5.120607E+01  0.000000E+00  0.000000E+00
  5.183590E+01  0.000000E+00  0.000000E+00
  5.247349E+01  0.000000E+00  0.000000E+00
  5.311891E+01  0.000000E+00  0.000000E+00
  5.377227E+01  0.000000E+00  0.000000E+00
  5.443367E+01  0.000000E+00  0.000000E+00
  5.510320E+01  0.000000E+00  0.000000E+00
  5.578097E+01  0.000000E+00  0.000000E+00
  5.646708E+01  0.000000E+00  0.000000E+00
  5.716163E+01  0.000000E+00  0.000000E+00
  5.786471E+01  0.000000E+00  0.000000E+00
  5.857645E+01  0.000000E+00  0.000000E+00
  5.929694E+01  0.000000E+00  0.000000E+00
  6.002629E+01  0.000000E+00  0.000000E+00
  6.076462E+01  0.000000E+00  0.000000E+00
  6.151202E+01  0.000000E+00  0.000000E+00
  6.226862E+01  0.000000E+00  0.000000E+00
  6.303452E+01  0.000000E+00  0.000000E+00
  6.380985E+01  0.000000E+00  0.000000E+00
  6.459471E+01  0.000000E+00  0.000000E+00
  6.538922E+01  0.000000E+00  0.000000E+00
  6.619351E+01  0.000000E+00  0.000000E+00
  6.700769E+01  0.000000E+00  0.000000E+00
  6.783188E+01  0.000000E+00  0.000000E+00
  6.866622E+01  0.000000E+00  0.000000E+00
  6.951081E+01  0.000000E+00  0.000000E+00
  7.036579E+01  0.000000E+00  0.000000E+00
  7.123129E+01  0.000000E+00  0.000000E+00
  7.210744E+01  0.000000E+00  0.000000E+00
  7.299436E+01  0.000000E+00  0.000000E+00
  7.389219E+01  0.000000E+00  0.000000E+00
  7.480106E+01  0.000000E+00  0.000000E+00
  7.572112E+01  0.000000E+00  0.000000E+00
  7.665249E+01  0.000000E+00  0.000000E+00
  7.759531E+01  0.000000E+00  0.000000E+00
  7.854974E+01  0.000000E+00  0.000000E+00
  7.951590E+01  0.000000E+00  0.000000E+00
