     2.0161290E-04    -1.5398146E+05
     2.0409274E-04    -1.5210882E+05
     2.0660308E-04    -1.5025887E+05
     2.0914430E-04    -1.4843133E+05
     2.1171678E-04    -1.4662595E+05
     2.1432089E-04    -1.4484244E+05
     2.1695704E-04    -1.4308054E+05
     2.1962561E-04    -1.4133998E+05
     2.2232701E-04    -1.3962052E+05
     2.2506163E-04    -1.3792189E+05
     2.2782989E-04    -1.3624385E+05
     2.3063219E-04    -1.3458615E+05
     2.3346897E-04    -1.3294854E+05
     2.3634064E-04    -1.3133078E+05
     2.3924763E-04    -1.2973264E+05
     2.4219037E-04    -1.2815388E+05
     2.4516931E-04    -1.2659426E+05
     2.4818490E-04    -1.2505355E+05
     2.5123757E-04    -1.2353153E+05
     2.5432779E-04    -1.2202798E+05
     2.5745603E-04    -1.2054266E+05
     2.6062273E-04    -1.1907536E+05
     2.6382839E-04    -1.1762587E+05
     2.6707348E-04    -1.1619396E+05
     2.7035849E-04    -1.1477943E+05
     2.7368390E-04    -1.1338207E+05
     2.7705021E-04    -1.1200167E+05
     2.8045793E-04    -1.1063803E+05
     2.8390756E-04    -1.0929094E+05
     2.8739962E-04    -1.0796020E+05
     2.9093464E-04    -1.0664563E+05
     2.9451313E-04    -1.0534702E+05
     2.9813564E-04    -1.0406417E+05
     3.0180271E-04    -1.0279691E+05
     3.0551489E-04    -1.0154505E+05
     3.0927272E-04    -1.0030839E+05
     3.1307677E-04    -9.9086752E+04
     3.1692762E-04    -9.7879958E+04
     3.2082583E-04    -9.6687828E+04
     3.2477199E-04    -9.5510185E+04
     3.2876668E-04    -9.4346853E+04
     3.3281051E-04    -9.3197659E+04
     3.3690408E-04    -9.2062433E+04
     3.4104800E-04    -9.0941007E+04
     3.4524289E-04    -8.9833213E+04
     3.4948938E-04    -8.8738887E+04
     3.5378810E-04    -8.7657865E+04
     3.5813969E-04    -8.6589988E+04
     3.6254481E-04    -8.5535095E+04
     3.6700411E-04    -8.4493031E+04
     3.7151826E-04    -8.3463640E+04
     3.7608794E-04    -8.2446768E+04
     3.8071382E-04    -8.1442264E+04
     3.8539660E-04    -8.0449978E+04
     3.9013698E-04    -7.9469762E+04
     3.9493566E-04    -7.8501471E+04
     3.9979337E-04    -7.7544960E+04
     4.0471083E-04    -7.6600086E+04
     4.0968877E-04    -7.5666708E+04
     4.1472794E-04    -7.4744686E+04
     4.1982910E-04    -7.3833884E+04
     4.2499299E-04    -7.2934165E+04
     4.3022041E-04    -7.2045395E+04
     4.3551212E-04    -7.1167441E+04
     4.4086892E-04    -7.0300172E+04
     4.4629161E-04    -6.9443458E+04
     4.5178099E-04    -6.8597171E+04
     4.5733790E-04    -6.7761185E+04
     4.6296316E-04    -6.6935375E+04
     4.6865760E-04    -6.6119617E+04
     4.7442209E-04    -6.5313789E+04
     4.8025748E-04    -6.4517771E+04
     4.8616465E-04    -6.3731443E+04
     4.9214447E-04    -6.2954688E+04
     4.9819785E-04    -6.2187390E+04
     5.0432569E-04    -6.1429433E+04
     5.1052889E-04    -6.0680705E+04
     5.1680840E-04    -5.9941092E+04
     5.2316514E-04    -5.9210485E+04
     5.2960007E-04    -5.8488774E+04
     5.3611415E-04    -5.7775850E+04
     5.4270836E-04    -5.7071608E+04
     5.4938367E-04    -5.6375940E+04
     5.5614109E-04    -5.5688744E+04
     5.6298162E-04    -5.5009916E+04
     5.6990630E-04    -5.4339354E+04
     5.7691614E-04    -5.3676958E+04
     5.8401221E-04    -5.3022629E+04
     5.9119556E-04    -5.2376267E+04
     5.9846727E-04    -5.1737777E+04
     6.0582842E-04    -5.1107063E+04
     6.1328011E-04    -5.0484029E+04
     6.2082345E-04    -4.9868583E+04
     6.2845958E-04    -4.9260632E+04
     6.3618963E-04    -4.8660085E+04
     6.4401476E-04    -4.8066852E+04
     6.5193615E-04    -4.7480843E+04
     6.5995496E-04    -4.6901971E+04
     6.6807241E-04    -4.6330149E+04
     6.7628970E-04    -4.5765291E+04
     6.8460806E-04    -4.5207312E+04
     6.9302874E-04    -4.4656129E+04
     7.0155299E-04    -4.4111658E+04
     7.1018210E-04    -4.3573818E+04
     7.1891734E-04    -4.3042529E+04
     7.2776002E-04    -4.2517709E+04
     7.3671147E-04    -4.1999281E+04
     7.4577302E-04    -4.1487167E+04
     7.5494603E-04    -4.0981289E+04
     7.6423186E-04    -4.0481572E+04
     7.7363191E-04    -3.9987941E+04
     7.8314759E-04    -3.9500321E+04
     7.9278030E-04    -3.9018640E+04
     8.0253150E-04    -3.8542824E+04
     8.1240264E-04    -3.8072802E+04
     8.2239519E-04    -3.7608505E+04
     8.3251065E-04    -3.7149861E+04
     8.4275053E-04    -3.6696803E+04
     8.5311636E-04    -3.6249261E+04
     8.6360969E-04    -3.5807169E+04
     8.7423209E-04    -3.5370460E+04
     8.8498515E-04    -3.4939070E+04
     8.9587046E-04    -3.4512932E+04
     9.0688967E-04    -3.4091982E+04
     9.1804441E-04    -3.3676159E+04
     9.2933636E-04    -3.3265398E+04
     9.4076720E-04    -3.2859639E+04
     9.5233863E-04    -3.2458820E+04
     9.6405240E-04    -3.2062881E+04
     9.7591024E-04    -3.1671763E+04
     9.8791394E-04    -3.1285407E+04
     1.0000653E-03    -3.0903754E+04
     1.0123661E-03    -3.0526748E+04
     1.0248182E-03    -3.0154332E+04
     1.0374235E-03    -2.9786450E+04
     1.0501838E-03    -2.9423046E+04
     1.0631010E-03    -2.9064066E+04
     1.0761772E-03    -2.8709456E+04
     1.0894141E-03    -2.8359163E+04
     1.1028139E-03    -2.8013134E+04
     1.1163785E-03    -2.7671318E+04
     1.1301100E-03    -2.7333662E+04
     1.1440104E-03    -2.7000115E+04
     1.1580817E-03    -2.6670629E+04
     1.1723261E-03    -2.6345154E+04
     1.1867457E-03    -2.6023640E+04
     1.2013427E-03    -2.5706039E+04
     1.2161192E-03    -2.5392303E+04
     1.2310775E-03    -2.5082386E+04
     1.2462197E-03    -2.4776241E+04
     1.2615482E-03    -2.4473822E+04
     1.2770653E-03    -2.4175083E+04
     1.2927732E-03    -2.3879980E+04
     1.3086743E-03    -2.3588468E+04
     1.3247710E-03    -2.3300503E+04
     1.3410656E-03    -2.3016043E+04
     1.3575607E-03    -2.2735045E+04
     1.3742587E-03    -2.2457465E+04
     1.3911621E-03    -2.2183264E+04
     1.4082734E-03    -2.1912398E+04
     1.4255952E-03    -2.1644829E+04
     1.4431300E-03    -2.1380515E+04
     1.4608805E-03    -2.1119418E+04
     1.4788493E-03    -2.0861497E+04
     1.4970392E-03    -2.0606714E+04
     1.5154528E-03    -2.0355031E+04
     1.5340928E-03    -2.0106410E+04
     1.5529622E-03    -1.9860814E+04
     1.5720636E-03    -1.9618205E+04
     1.5914000E-03    -1.9378549E+04
     1.6109742E-03    -1.9141807E+04
     1.6307892E-03    -1.8907946E+04
     1.6508479E-03    -1.8676930E+04
     1.6711533E-03    -1.8448723E+04
     1.6917085E-03    -1.8223293E+04
     1.7125165E-03    -1.8000605E+04
     1.7335805E-03    -1.7780626E+04
     1.7549035E-03    -1.7563323E+04
     1.7764888E-03    -1.7348663E+04
     1.7983396E-03    -1.7136613E+04
     1.8204592E-03    -1.6927143E+04
     1.8428509E-03    -1.6720221E+04
     1.8655179E-03    -1.6515816E+04
     1.8884638E-03    -1.6313896E+04
     1.9116919E-03    -1.6114433E+04
     1.9352057E-03    -1.5917395E+04
     1.9590088E-03    -1.5722754E+04
     1.9831046E-03    -1.5530480E+04
     2.0074968E-03    -1.5340544E+04
     2.0321890E-03    -1.5152918E+04
     2.0571849E-03    -1.4967574E+04
     2.0824883E-03    -1.4784484E+04
     2.1081029E-03    -1.4603620E+04
     2.1340325E-03    -1.4424956E+04
     2.1602811E-03    -1.4248464E+04
     2.1868526E-03    -1.4074119E+04
     2.2137509E-03    -1.3901894E+04
     2.2409800E-03    -1.3731763E+04
     2.2685441E-03    -1.3563700E+04
     2.2964472E-03    -1.3397682E+04
     2.3246935E-03    -1.3233682E+04
     2.3532872E-03    -1.3071676E+04
     2.3822326E-03    -1.2911640E+04
     2.4115341E-03    -1.2753549E+04
     2.4411959E-03    -1.2597381E+04
     2.4712227E-03    -1.2443112E+04
     2.5016187E-03    -1.2290719E+04
     2.5323886E-03    -1.2140178E+04
     2.5635370E-03    -1.1991468E+04
     2.5950685E-03    -1.1844565E+04
     2.6269878E-03    -1.1699449E+04
     2.6592998E-03    -1.1556097E+04
     2.6920092E-03    -1.1414488E+04
     2.7251209E-03    -1.1274601E+04
     2.7586399E-03    -1.1136414E+04
     2.7925711E-03    -1.0999907E+04
     2.8269198E-03    -1.0865060E+04
     2.8616909E-03    -1.0731852E+04
     2.8968897E-03    -1.0600263E+04
     2.9325214E-03    -1.0470274E+04
     2.9685914E-03    -1.0341866E+04
     3.0051051E-03    -1.0215018E+04
     3.0420679E-03    -1.0089713E+04
     3.0794853E-03    -9.9659307E+03
     3.1173630E-03    -9.8436532E+03
     3.1557066E-03    -9.7228622E+03
     3.1945218E-03    -9.6035395E+03
     3.2338144E-03    -9.4856673E+03
     3.2735903E-03    -9.3692280E+03
     3.3138555E-03    -9.2542042E+03
     3.3546159E-03    -9.1405785E+03
     3.3958777E-03    -9.0283341E+03
     3.4376470E-03    -8.9174540E+03
     3.4799300E-03    -8.8079218E+03
     3.5227331E-03    -8.6997211E+03
     3.5660628E-03    -8.5928355E+03
     3.6099253E-03    -8.4872492E+03
     3.6543274E-03    -8.3829464E+03
     3.6992756E-03    -8.2799114E+03
     3.7447767E-03    -8.1781289E+03
     3.7908375E-03    -8.0775835E+03
     3.8374648E-03    -7.9782603E+03
     3.8846656E-03    -7.8801444E+03
     3.9324470E-03    -7.7832211E+03
     3.9808161E-03    -7.6874759E+03
     4.0297801E-03    -7.5928946E+03
     4.0793464E-03    -7.4994628E+03
     4.1295224E-03    -7.4071668E+03
     4.1803155E-03    -7.3159926E+03
     4.2317334E-03    -7.2259267E+03
     4.2837837E-03    -7.1369555E+03
     4.3364743E-03    -7.0490658E+03
     4.3898129E-03    -6.9622444E+03
     4.4438076E-03    -6.8764783E+03
     4.4984664E-03    -6.7917547E+03
     4.5537976E-03    -6.7080609E+03
     4.6098093E-03    -6.6253845E+03
     4.6665099E-03    -6.5437130E+03
     4.7239080E-03    -6.4630343E+03
     4.7820121E-03    -6.3833362E+03
     4.8408308E-03    -6.3046069E+03
     4.9003730E-03    -6.2268345E+03
     4.9606476E-03    -6.1500076E+03
     5.0216636E-03    -6.0741145E+03
     5.0834300E-03    -5.9991439E+03
     5.1459562E-03    -5.9250847E+03
     5.2092515E-03    -5.8519257E+03
     5.2733253E-03    -5.7796560E+03
     5.3381872E-03    -5.7082649E+03
     5.4038469E-03    -5.6377415E+03
     5.4703142E-03    -5.5680755E+03
     5.5375991E-03    -5.4992564E+03
     5.6057115E-03    -5.4312738E+03
     5.6746618E-03    -5.3641177E+03
     5.7444601E-03    -5.2977780E+03
     5.8151170E-03    -5.2322448E+03
     5.8866429E-03    -5.1675082E+03
     5.9590486E-03    -5.1035587E+03
     6.0323449E-03    -5.0403867E+03
     6.1065428E-03    -4.9779826E+03
     6.1816533E-03    -4.9163373E+03
     6.2576876E-03    -4.8554415E+03
     6.3346572E-03    -4.7952860E+03
     6.4125734E-03    -4.7358619E+03
     6.4914481E-03    -4.6771604E+03
     6.5712929E-03    -4.6191726E+03
     6.6521198E-03    -4.5618899E+03
     6.7339409E-03    -4.5053037E+03
     6.8167683E-03    -4.4494057E+03
     6.9006146E-03    -4.3941873E+03
     6.9854922E-03    -4.3396404E+03
     7.0714137E-03    -4.2857568E+03
     7.1583921E-03    -4.2325286E+03
     7.2464403E-03    -4.1799476E+03
     7.3355715E-03    -4.1280062E+03
     7.4257991E-03    -4.0766964E+03
     7.5171364E-03    -4.0260107E+03
     7.6095972E-03    -3.9759415E+03
     7.7031952E-03    -3.9264814E+03
     7.7979445E-03    -3.8776228E+03
     7.8938592E-03    -3.8293586E+03
     7.9909537E-03    -3.7816815E+03
     8.0892424E-03    -3.7345844E+03
     8.1887401E-03    -3.6880602E+03
     8.2894616E-03    -3.6421021E+03
     8.3914220E-03    -3.5967032E+03
     8.4946365E-03    -3.5518566E+03
     8.5991205E-03    -3.5075558E+03
     8.7048897E-03    -3.4637940E+03
     8.8119598E-03    -3.4205648E+03
     8.9203470E-03    -3.3778616E+03
     9.0300672E-03    -3.3356782E+03
     9.1411371E-03    -3.2940082E+03
     9.2535730E-03    -3.2528454E+03
     9.3673920E-03    -3.2121836E+03
     9.4826109E-03    -3.1720169E+03
     9.5992470E-03    -3.1323391E+03
     9.7173178E-03    -3.0931444E+03
     9.8368408E-03    -3.0544269E+03
     9.9578339E-03    -3.0161809E+03
     1.0080315E-02    -2.9784006E+03
     1.0204303E-02    -2.9410804E+03
     1.0329816E-02    -2.9042148E+03
     1.0456873E-02    -2.8677981E+03
     1.0585492E-02    -2.8318251E+03
     1.0715694E-02    -2.7962903E+03
     1.0847497E-02    -2.7611884E+03
     1.0980921E-02    -2.7265142E+03
     1.1115986E-02    -2.6922625E+03
     1.1252713E-02    -2.6584282E+03
     1.1391121E-02    -2.6250063E+03
     1.1531232E-02    -2.5919917E+03
     1.1673066E-02    -2.5593796E+03
     1.1816645E-02    -2.5271650E+03
     1.1961990E-02    -2.4953433E+03
     1.2109122E-02    -2.4639095E+03
     1.2258065E-02    -2.4328591E+03
     1.2408839E-02    -2.4021874E+03
     1.2561467E-02    -2.3718898E+03
     1.2715974E-02    -2.3419618E+03
     1.2872380E-02    -2.3123989E+03
     1.3030710E-02    -2.2831968E+03
     1.3190988E-02    -2.2543510E+03
     1.3353237E-02    -2.2258573E+03
     1.3517482E-02    -2.1977114E+03
     1.3683747E-02    -2.1699091E+03
     1.3852057E-02    -2.1424463E+03
     1.4022437E-02    -2.1153189E+03
     1.4194913E-02    -2.0885228E+03
     1.4369511E-02    -2.0620539E+03
     1.4546256E-02    -2.0359085E+03
     1.4725175E-02    -2.0100825E+03
     1.4906294E-02    -1.9845721E+03
     1.5089642E-02    -1.9593736E+03
     1.5275244E-02    -1.9344830E+03
     1.5463130E-02    -1.9098968E+03
     1.5653326E-02    -1.8856112E+03
     1.5845862E-02    -1.8616227E+03
     1.6040766E-02    -1.8379276E+03
     1.6238068E-02    -1.8145224E+03
     1.6437796E-02    -1.7914036E+03
     1.6639981E-02    -1.7685677E+03
     1.6844653E-02    -1.7460114E+03
     1.7051842E-02    -1.7237312E+03
     1.7261580E-02    -1.7017239E+03
     1.7473897E-02    -1.6799861E+03
     1.7688826E-02    -1.6585146E+03
     1.7906399E-02    -1.6373061E+03
     1.8126647E-02    -1.6163576E+03
     1.8349605E-02    -1.5956659E+03
     1.8575305E-02    -1.5752278E+03
     1.8803781E-02    -1.5550403E+03
     1.9035068E-02    -1.5351004E+03
     1.9269199E-02    -1.5154051E+03
     1.9506210E-02    -1.4959515E+03
     1.9746137E-02    -1.4767365E+03
     1.9989014E-02    -1.4577575E+03
     2.0234879E-02    -1.4390114E+03
     2.0483768E-02    -1.4204955E+03
     2.0735719E-02    -1.4022071E+03
     2.0990768E-02    -1.3841433E+03
     2.1248954E-02    -1.3663014E+03
     2.1510316E-02    -1.3486788E+03
     2.1774893E-02    -1.3312728E+03
     2.2042725E-02    -1.3140809E+03
     2.2313850E-02    -1.2971003E+03
     2.2588310E-02    -1.2803286E+03
     2.2866147E-02    -1.2637632E+03
     2.3147400E-02    -1.2474017E+03
     2.3432113E-02    -1.2312415E+03
     2.3720328E-02    -1.2152803E+03
     2.4012088E-02    -1.1995157E+03
     2.4307437E-02    -1.1839452E+03
     2.4606418E-02    -1.1685665E+03
     2.4909077E-02    -1.1533773E+03
     2.5215459E-02    -1.1383754E+03
     2.5525609E-02    -1.1235584E+03
     2.5839574E-02    -1.1089242E+03
     2.6157401E-02    -1.0944706E+03
     2.6479137E-02    -1.0801954E+03
     2.6804830E-02    -1.0660964E+03
     2.7134530E-02    -1.0521716E+03
     2.7468284E-02    -1.0384190E+03
     2.7806144E-02    -1.0248365E+03
     2.8148160E-02    -1.0114222E+03
     2.8494382E-02    -9.9817398E+02
     2.8844863E-02    -9.8509010E+02
     2.9199655E-02    -9.7216865E+02
     2.9558811E-02    -9.5940784E+02
     2.9922384E-02    -9.4680590E+02
     3.0290429E-02    -9.3436114E+02
     3.0663002E-02    -9.2207191E+02
     3.1040157E-02    -9.0993663E+02
     3.1421951E-02    -8.9795379E+02
     3.1808441E-02    -8.8612195E+02
     3.2199684E-02    -8.7443975E+02
     3.2595741E-02    -8.6290590E+02
     3.2996668E-02    -8.5151922E+02
     3.3402527E-02    -8.4027861E+02
     3.3813378E-02    -8.2918305E+02
     3.4229283E-02    -8.1823163E+02
     3.4650303E-02    -8.0742354E+02
     3.5076502E-02    -7.9675805E+02
     3.5507943E-02    -7.8623453E+02
     3.5944690E-02    -7.7585240E+02
     3.6386810E-02    -7.6561116E+02
     3.6834368E-02    -7.5551033E+02
     3.7287431E-02    -7.4554945E+02
     3.7746066E-02    -7.3572802E+02
     3.8210343E-02    -7.2604546E+02
     3.8680330E-02    -7.1650106E+02
     3.9156098E-02    -7.0709392E+02
     3.9637718E-02    -6.9782291E+02
     4.0125262E-02    -6.8868654E+02
     4.0618803E-02    -6.7968299E+02
     4.1118414E-02    -6.7080997E+02
     4.1624170E-02    -6.6206475E+02
     4.2136148E-02    -6.5344410E+02
     4.2654422E-02    -6.4494431E+02
     4.3179072E-02    -6.3656120E+02
     4.3710174E-02    -6.2829023E+02
     4.4247809E-02    -6.2012652E+02
     4.4792057E-02    -6.1206500E+02
     4.5343000E-02    -6.0410046E+02
     4.5900719E-02    -5.9622772E+02
     4.6465297E-02    -5.8844165E+02
     4.7036821E-02    -5.8073723E+02
     4.7615373E-02    -5.7310963E+02
     4.8201043E-02    -5.6555407E+02
     4.8793915E-02    -5.5806587E+02
     4.9394081E-02    -5.5064033E+02
     5.0001628E-02    -5.4327268E+02
     5.0616648E-02    -5.3595819E+02
     5.1239232E-02    -5.2869237E+02
     5.1869475E-02    -5.2147155E+02
     5.2507470E-02    -5.1429369E+02
     5.3153311E-02    -5.0715959E+02
     5.3807097E-02    -5.0007408E+02
     5.4468925E-02    -4.9304683E+02
     5.5138892E-02    -4.8609205E+02
     5.5817101E-02    -4.7922682E+02
     5.6503651E-02    -4.7246802E+02
     5.7198646E-02    -4.6582889E+02
     5.7902189E-02    -4.5931641E+02
     5.8614386E-02    -4.5293058E+02
     5.9335343E-02    -4.4666551E+02
     6.0065168E-02    -4.4051181E+02
     6.0803969E-02    -4.3445906E+02
     6.1551858E-02    -4.2849771E+02
     6.2308946E-02    -4.2262011E+02
     6.3075346E-02    -4.1682075E+02
     6.3851173E-02    -4.1109605E+02
     6.4636542E-02    -4.0544396E+02
     6.5431572E-02    -3.9986342E+02
     6.6236380E-02    -3.9435404E+02
     6.7051088E-02    -3.8891573E+02
     6.7875816E-02    -3.8354849E+02
     6.8710688E-02    -3.7825226E+02
     6.9555830E-02    -3.7302677E+02
     7.0411367E-02    -3.6787151E+02
     7.1277426E-02    -3.6278566E+02
     7.2154139E-02    -3.5776805E+02
     7.3041635E-02    -3.5281717E+02
     7.3940047E-02    -3.4793121E+02
     7.4849509E-02    -3.4310814E+02
     7.5770158E-02    -3.3834579E+02
     7.6702131E-02    -3.3364206E+02
     7.7645568E-02    -3.2899501E+02
     7.8600608E-02    -3.2440313E+02
     7.9567396E-02    -3.1986541E+02
     8.0546074E-02    -3.1538145E+02
     8.1536791E-02    -3.1095146E+02
     8.2539694E-02    -3.0657619E+02
     8.3554932E-02    -3.0225676E+02
     8.4582658E-02    -2.9799447E+02
     8.5623024E-02    -2.9379059E+02
     8.6676187E-02    -2.8964623E+02
     8.7742305E-02    -2.8556217E+02
     8.8821535E-02    -2.8153882E+02
     8.9914040E-02    -2.7757620E+02
     9.1019983E-02    -2.7367396E+02
     9.2139528E-02    -2.6983144E+02
     9.3272845E-02    -2.6604776E+02
     9.4420100E-02    -2.6232183E+02
     9.5581468E-02    -2.5865249E+02
     9.6757120E-02    -2.5503850E+02
     9.7947232E-02    -2.5147862E+02
     9.9151983E-02    -2.4797161E+02
     1.0037155E-01    -2.4451627E+02
     1.0160612E-01    -2.4111147E+02
     1.0285588E-01    -2.3775612E+02
     1.0412101E-01    -2.3444918E+02
     1.0540169E-01    -2.3118969E+02
     1.0669813E-01    -2.2797675E+02
     1.0801052E-01    -2.2480950E+02
     1.0933905E-01    -2.2168712E+02
     1.1068392E-01    -2.1860886E+02
     1.1204533E-01    -2.1557401E+02
     1.1342349E-01    -2.1258186E+02
     1.1481860E-01    -2.0963176E+02
     1.1623087E-01    -2.0672309E+02
     1.1766051E-01    -2.0385523E+02
     1.1910773E-01    -2.0102761E+02
     1.2057276E-01    -1.9823965E+02
     1.2205580E-01    -1.9549081E+02
     1.2355709E-01    -1.9278054E+02
     1.2507684E-01    -1.9010832E+02
     1.2661529E-01    -1.8747362E+02
     1.2817265E-01    -1.8487595E+02
     1.2974918E-01    -1.8231480E+02
     1.3134509E-01    -1.7978966E+02
     1.3296064E-01    -1.7730006E+02
     1.3459605E-01    -1.7484551E+02
     1.3625159E-01    -1.7242552E+02
     1.3792748E-01    -1.7003962E+02
     1.3962399E-01    -1.6768732E+02
     1.4134136E-01    -1.6536817E+02
     1.4307986E-01    -1.6308168E+02
     1.4483974E-01    -1.6082740E+02
     1.4662127E-01    -1.5860485E+02
     1.4842471E-01    -1.5641359E+02
     1.5025034E-01    -1.5425315E+02
     1.5209842E-01    -1.5212310E+02
     1.5396923E-01    -1.5002298E+02
     1.5586305E-01    -1.4795238E+02
     1.5778017E-01    -1.4591087E+02
     1.5972086E-01    -1.4389807E+02
     1.6168543E-01    -1.4191357E+02
     1.6367416E-01    -1.3995704E+02
     1.6568735E-01    -1.3802813E+02
     1.6772530E-01    -1.3612655E+02
     1.6978833E-01    -1.3425204E+02
     1.7187672E-01    -1.3240442E+02
     1.7399081E-01    -1.3058353E+02
     1.7613089E-01    -1.2878931E+02
     1.7829730E-01    -1.2702180E+02
     1.8049036E-01    -1.2528113E+02
     1.8271039E-01    -1.2356757E+02
     1.8495773E-01    -1.2188155E+02
     1.8723271E-01    -1.2022367E+02
     1.8953567E-01    -1.1859470E+02
     1.9186696E-01    -1.1699566E+02
     1.9422692E-01    -1.1542771E+02
     1.9661592E-01    -1.1389219E+02
     1.9903429E-01    -1.1239048E+02
     2.0148241E-01    -1.1092388E+02
     2.0396065E-01    -1.0949337E+02
     2.0646936E-01    -1.0809924E+02
     2.0900894E-01    -1.0674073E+02
     2.1157975E-01    -1.0541543E+02
     2.1418218E-01    -1.0411873E+02
     2.1681662E-01    -1.0284294E+02
     2.1948346E-01    -1.0157629E+02
     2.2218311E-01    -1.0030129E+02
     2.2491596E-01    -9.8992920E+01
     2.2768243E-01    -9.7618425E+01
     2.3048292E-01    -9.6145624E+01
     2.3331786E-01    -9.4571383E+01
     2.3618767E-01    -9.2966519E+01
     2.3909278E-01    -9.1474814E+01
     2.4203362E-01    -9.0201293E+01
     2.4501063E-01    -8.9108081E+01
     2.4802426E-01    -8.8075636E+01
     2.5107496E-01    -8.7018752E+01
     2.5416318E-01    -8.5914856E+01
     2.5728939E-01    -8.4774999E+01
     2.6045405E-01    -8.3617531E+01
     2.6365764E-01    -8.2457490E+01
     2.6690062E-01    -8.1304797E+01
     2.7018350E-01    -8.0165291E+01
     2.7350676E-01    -7.9042107E+01
     2.7687089E-01    -7.7936750E+01
     2.8027640E-01    -7.6849800E+01
     2.8372380E-01    -7.5781356E+01
     2.8721361E-01    -7.4731292E+01
     2.9074633E-01    -7.3699412E+01
     2.9432251E-01    -7.2685528E+01
     2.9794268E-01    -7.1689499E+01
     3.0160738E-01    -7.0711246E+01
     3.0531715E-01    -6.9750755E+01
     3.0907255E-01    -6.8808065E+01
     3.1287414E-01    -6.7883251E+01
     3.1672249E-01    -6.6976410E+01
     3.2061818E-01    -6.6087632E+01
     3.2456178E-01    -6.5216981E+01
     3.2855389E-01    -6.4364463E+01
     3.3259511E-01    -6.3530000E+01
     3.3668603E-01    -6.2713400E+01
     3.4082726E-01    -6.1914333E+01
     3.4501944E-01    -6.1132307E+01
     3.4926318E-01    -6.0366659E+01
     3.5355911E-01    -5.9616548E+01
     3.5790789E-01    -5.8880974E+01
     3.6231016E-01    -5.8158802E+01
     3.6676657E-01    -5.7448816E+01
     3.7127780E-01    -5.6749773E+01
     3.7584452E-01    -5.6060475E+01
     3.8046741E-01    -5.5379831E+01
     3.8514716E-01    -5.4706923E+01
     3.8988447E-01    -5.4041037E+01
     3.9468005E-01    -5.3381689E+01
     3.9953461E-01    -5.2728620E+01
     4.0444889E-01    -5.2081765E+01
     4.0942361E-01    -5.1441221E+01
     4.1445952E-01    -5.0807190E+01
     4.1955737E-01    -5.0179936E+01
     4.2471793E-01    -4.9559741E+01
     4.2994196E-01    -4.8946867E+01
     4.3523024E-01    -4.8341534E+01
     4.4058357E-01    -4.7743907E+01
     4.4600275E-01    -4.7154091E+01
     4.5148859E-01    -4.6572129E+01
     4.5704190E-01    -4.5998014E+01
     4.6266351E-01    -4.5431691E+01
     4.6835427E-01    -4.4873072E+01
     4.7411503E-01    -4.4322040E+01
     4.7994664E-01    -4.3778462E+01
     4.8584999E-01    -4.3242191E+01
     4.9182594E-01    -4.2713075E+01
     4.9787540E-01    -4.2190962E+01
     5.0399927E-01    -4.1675700E+01
     5.1019846E-01    -4.1167143E+01
     5.1647390E-01    -4.0665149E+01
     5.2282653E-01    -4.0169585E+01
     5.2925730E-01    -3.9680322E+01
     5.3576716E-01    -3.9197241E+01
     5.4235710E-01    -3.8720228E+01
     5.4902809E-01    -3.8249176E+01
     5.5578114E-01    -3.7783983E+01
     5.6261724E-01    -3.7324554E+01
     5.6953744E-01    -3.6870799E+01
     5.7654275E-01    -3.6422630E+01
     5.8363422E-01    -3.5979965E+01
     5.9081292E-01    -3.5542726E+01
     5.9807992E-01    -3.5110835E+01
     6.0543630E-01    -3.4684221E+01
     6.1288317E-01    -3.4262812E+01
     6.2042163E-01    -3.3846539E+01
     6.2805282E-01    -3.3435335E+01
     6.3577787E-01    -3.3029136E+01
     6.4359794E-01    -3.2627877E+01
     6.5151419E-01    -3.2231497E+01
     6.5952782E-01    -3.1839934E+01
     6.6764001E-01    -3.1453128E+01
     6.7585198E-01    -3.1071021E+01
     6.8416496E-01    -3.0693555E+01
     6.9258019E-01    -3.0320672E+01
     7.0109893E-01    -2.9952317E+01
     7.0972244E-01    -2.9588434E+01
     7.1845203E-01    -2.9228969E+01
     7.2728899E-01    -2.8873869E+01
     7.3623464E-01    -2.8523080E+01
     7.4529033E-01    -2.8176549E+01
     7.5445740E-01    -2.7834226E+01
     7.6373723E-01    -2.7496059E+01
     7.7313119E-01    -2.7161998E+01
     7.8264071E-01    -2.6831993E+01
     7.9226719E-01    -2.6505995E+01
     8.0201207E-01    -2.6183955E+01
     8.1187682E-01    -2.5865827E+01
     8.2186291E-01    -2.5551561E+01
     8.3197182E-01    -2.5241112E+01
     8.4220508E-01    -2.4934434E+01
     8.5256420E-01    -2.4631480E+01
     8.6305074E-01    -2.4332206E+01
     8.7366626E-01    -2.4036566E+01
     8.8441236E-01    -2.3744518E+01
     8.9529063E-01    -2.3456017E+01
     9.0630270E-01    -2.3171020E+01
     9.1745023E-01    -2.2889486E+01
     9.2873486E-01    -2.2611371E+01
     9.4015830E-01    -2.2336635E+01
     9.5172225E-01    -2.2065237E+01
     9.6342843E-01    -2.1797136E+01
     9.7527860E-01    -2.1532291E+01
     9.8727453E-01    -2.1270665E+01
     9.9941801E-01    -2.1012217E+01
     1.0117108E+00    -2.0756909E+01
     1.0241549E+00    -2.0504702E+01
     1.0367520E+00    -2.0255560E+01
     1.0495040E+00    -2.0009445E+01
     1.0624129E+00    -1.9766321E+01
     1.0754806E+00    -1.9526150E+01
     1.0887090E+00    -1.9288897E+01
     1.1021002E+00    -1.9054527E+01
     1.1156560E+00    -1.8823004E+01
     1.1293786E+00    -1.8594295E+01
     1.1432699E+00    -1.8368364E+01
     1.1573321E+00    -1.8145179E+01
     1.1715673E+00    -1.7924705E+01
     1.1859776E+00    -1.7706910E+01
     1.2005651E+00    -1.7491762E+01
     1.2153321E+00    -1.7279227E+01
     1.2302807E+00    -1.7069275E+01
     1.2454131E+00    -1.6861875E+01
     1.2607317E+00    -1.6656994E+01
     1.2762387E+00    -1.6454602E+01
     1.2919364E+00    -1.6254670E+01
     1.3078272E+00    -1.6057166E+01
     1.3239135E+00    -1.5862063E+01
     1.3401977E+00    -1.5669330E+01
     1.3566821E+00    -1.5478939E+01
     1.3733693E+00    -1.5290862E+01
     1.3902617E+00    -1.5105070E+01
     1.4073619E+00    -1.4921535E+01
     1.4246725E+00    -1.4740230E+01
     1.4421960E+00    -1.4561128E+01
     1.4599350E+00    -1.4384202E+01
     1.4778922E+00    -1.4209426E+01
     1.4960702E+00    -1.4036774E+01
     1.5144719E+00    -1.3866220E+01
     1.5330999E+00    -1.3697737E+01
     1.5519570E+00    -1.3531302E+01
     1.5710461E+00    -1.3366890E+01
     1.5903700E+00    -1.3204475E+01
     1.6099315E+00    -1.3044033E+01
     1.6297337E+00    -1.2885541E+01
     1.6497794E+00    -1.2728974E+01
     1.6700717E+00    -1.2574310E+01
     1.6906136E+00    -1.2421526E+01
     1.7114081E+00    -1.2270597E+01
     1.7324585E+00    -1.2121503E+01
     1.7537677E+00    -1.1974220E+01
     1.7753390E+00    -1.1828727E+01
     1.7971757E+00    -1.1685001E+01
     1.8192810E+00    -1.1543022E+01
     1.8416581E+00    -1.1402768E+01
     1.8643105E+00    -1.1264218E+01
     1.8872415E+00    -1.1127352E+01
     1.9104546E+00    -1.0992148E+01
     1.9339532E+00    -1.0858587E+01
     1.9577408E+00    -1.0726650E+01
     1.9818210E+00    -1.0596315E+01
     2.0061974E+00    -1.0467564E+01
     2.0308737E+00    -1.0340377E+01
     2.0558534E+00    -1.0214736E+01
     2.0811404E+00    -1.0090621E+01
     2.1067384E+00    -9.9680149E+00
     2.1326513E+00    -9.8468980E+00
     2.1588829E+00    -9.7272528E+00
     2.1854372E+00    -9.6090614E+00
     2.2123181E+00    -9.4923060E+00
     2.2395296E+00    -9.3769693E+00
     2.2670758E+00    -9.2630340E+00
     2.2949608E+00    -9.1504830E+00
     2.3231888E+00    -9.0392996E+00
     2.3517641E+00    -8.9294672E+00
     2.3806908E+00    -8.8209693E+00
     2.4099733E+00    -8.7137896E+00
     2.4396159E+00    -8.6079123E+00
     2.4696232E+00    -8.5033215E+00
     2.4999996E+00    -8.4000014E+00
     2.5307496E+00    -8.2979368E+00
     2.5618778E+00    -8.1971123E+00
     2.5933889E+00    -8.0975129E+00
     2.6252876E+00    -7.9991237E+00
     2.6575786E+00    -7.9019300E+00
     2.6902668E+00    -7.8059172E+00
     2.7233571E+00    -7.7110710E+00
     2.7568544E+00    -7.6173773E+00
     2.7907637E+00    -7.5248220E+00
     2.8250901E+00    -7.4333913E+00
     2.8598387E+00    -7.3430715E+00
     2.8950147E+00    -7.2538491E+00
     2.9306234E+00    -7.1657109E+00
     2.9666701E+00    -7.0786436E+00
     3.0031601E+00    -6.9926342E+00
     3.0400990E+00    -6.9076698E+00
     3.0774922E+00    -6.8237379E+00
     3.1153453E+00    -6.7408257E+00
     3.1536641E+00    -6.6589210E+00
     3.1924542E+00    -6.5780114E+00
     3.2317214E+00    -6.4980850E+00
     3.2714715E+00    -6.4191297E+00
     3.3117106E+00    -6.3411337E+00
     3.3524447E+00    -6.2640855E+00
     3.3936797E+00    -6.1879734E+00
     3.4354220E+00    -6.1127862E+00
     3.4776777E+00    -6.0385125E+00
     3.5204531E+00    -5.9651412E+00
     3.5637547E+00    -5.8926615E+00
     3.6075889E+00    -5.8210624E+00
     3.6519622E+00    -5.7503333E+00
     3.6968814E+00    -5.6804636E+00
     3.7423530E+00    -5.6114429E+00
     3.7883839E+00    -5.5432608E+00
     3.8349811E+00    -5.4759071E+00
     3.8821513E+00    -5.4093718E+00
     3.9299018E+00    -5.3436450E+00
     3.9782396E+00    -5.2787168E+00
     4.0271719E+00    -5.2145775E+00
     4.0767061E+00    -5.1512175E+00
     4.1268496E+00    -5.0886274E+00
     4.1776099E+00    -5.0267978E+00
     4.2289945E+00    -4.9657194E+00
     4.2810111E+00    -4.9053832E+00
     4.3336675E+00    -4.8457801E+00
     4.3869717E+00    -4.7869012E+00
     4.4409314E+00    -4.7287377E+00
     4.4955549E+00    -4.6712810E+00
     4.5508502E+00    -4.6145224E+00
     4.6068256E+00    -4.5584534E+00
     4.6634896E+00    -4.5030657E+00
     4.7208505E+00    -4.4483510E+00
     4.7789170E+00    -4.3943011E+00
     4.8376977E+00    -4.3409079E+00
     4.8972013E+00    -4.2881635E+00
     4.9574369E+00    -4.2360599E+00
     5.0184134E+00    -4.1845895E+00
     5.0801399E+00    -4.1337444E+00
     5.1426256E+00    -4.0835172E+00
     5.2058799E+00    -4.0339002E+00
     5.2699122E+00    -3.9848861E+00
     5.3347321E+00    -3.9364676E+00
     5.4003493E+00    -3.8886373E+00
     5.4667736E+00    -3.8413882E+00
     5.5340150E+00    -3.7947133E+00
     5.6020833E+00    -3.7486054E+00
     5.6709890E+00    -3.7030578E+00
     5.7407421E+00    -3.6580636E+00
     5.8113533E+00    -3.6136161E+00
     5.8828329E+00    -3.5697087E+00
     5.9551918E+00    -3.5263348E+00
     6.0284406E+00    -3.4834879E+00
     6.1025904E+00    -3.4411616E+00
     6.1776523E+00    -3.3993496E+00
     6.2536374E+00    -3.3580457E+00
     6.3305572E+00    -3.3172436E+00
     6.4084230E+00    -3.2769372E+00
     6.4872466E+00    -3.2371207E+00
     6.5670397E+00    -3.1977879E+00
     6.6478143E+00    -3.1589330E+00
     6.7295825E+00    -3.1205502E+00
     6.8123563E+00    -3.0826338E+00
     6.8961483E+00    -3.0451781E+00
     6.9809709E+00    -3.0081775E+00
     7.0668369E+00    -2.9716265E+00
     7.1537590E+00    -2.9355197E+00
     7.2417502E+00    -2.8998515E+00
     7.3308237E+00    -2.8646167E+00
     7.4209929E+00    -2.8298100E+00
     7.5122711E+00    -2.7954263E+00
     7.6046720E+00    -2.7614603E+00
     7.6982095E+00    -2.7279071E+00
     7.7928974E+00    -2.6947615E+00
     7.8887501E+00    -2.6620187E+00
     7.9857817E+00    -2.6296737E+00
     8.0840068E+00    -2.5977217E+00
     8.1834401E+00    -2.5661580E+00
     8.2840964E+00    -2.5349777E+00
     8.3859908E+00    -2.5041764E+00
     8.4891385E+00    -2.4737493E+00
     8.5935549E+00    -2.4436918E+00
     8.6992556E+00    -2.4139996E+00
     8.8062565E+00    -2.3846682E+00
     8.9145734E+00    -2.3556932E+00
     9.0242227E+00    -2.3270702E+00
     9.1352206E+00    -2.2987951E+00
     9.2475838E+00    -2.2708634E+00
     9.3613291E+00    -2.2432712E+00
     9.4764735E+00    -2.2160142E+00
     9.5930341E+00    -2.1890884E+00
     9.7110284E+00    -2.1624898E+00
     9.8304740E+00    -2.1362144E+00
     9.9513889E+00    -2.1102582E+00
     1.0073791E+01    -2.0846174E+00
     1.0197699E+01    -2.0592882E+00
     1.0323130E+01    -2.0342667E+00
     1.0450105E+01    -2.0095492E+00
     1.0578641E+01    -1.9851321E+00
     1.0708758E+01    -1.9610117E+00
     1.0840476E+01    -1.9371843E+00
     1.0973814E+01    -1.9136464E+00
     1.1108792E+01    -1.8903946E+00
     1.1245430E+01    -1.8674253E+00
     1.1383749E+01    -1.8447350E+00
     1.1523769E+01    -1.8223205E+00
     1.1665511E+01    -1.8001783E+00
     1.1808997E+01    -1.7783051E+00
     1.1954248E+01    -1.7566977E+00
     1.2101285E+01    -1.7353529E+00
     1.2250131E+01    -1.7142674E+00
     1.2400807E+01    -1.6934381E+00
     1.2553337E+01    -1.6728619E+00
     1.2707743E+01    -1.6525357E+00
     1.2864049E+01    -1.6324565E+00
     1.3022276E+01    -1.6126213E+00
     1.3182450E+01    -1.5930270E+00
     1.3344595E+01    -1.5736709E+00
     1.3508733E+01    -1.5545499E+00
     1.3674890E+01    -1.5356613E+00
     1.3843092E+01    -1.5170022E+00
     1.4013362E+01    -1.4985698E+00
     1.4185726E+01    -1.4803613E+00
     1.4360210E+01    -1.4623741E+00
     1.4536841E+01    -1.4446055E+00
     1.4715644E+01    -1.4270527E+00
     1.4896647E+01    -1.4097132E+00
     1.5079875E+01    -1.3925845E+00
     1.5265358E+01    -1.3756638E+00
     1.5453122E+01    -1.3589487E+00
     1.5643195E+01    -1.3424368E+00
     1.5835606E+01    -1.3261254E+00
     1.6030384E+01    -1.3100123E+00
     1.6227558E+01    -1.2940949E+00
     1.6427157E+01    -1.2783709E+00
     1.6629211E+01    -1.2628380E+00
     1.6833750E+01    -1.2474938E+00
     1.7040805E+01    -1.2323361E+00
     1.7250407E+01    -1.2173626E+00
     1.7462587E+01    -1.2025709E+00
     1.7677377E+01    -1.1879590E+00
     1.7894809E+01    -1.1735247E+00
     1.8114915E+01    -1.1592657E+00
     1.8337729E+01    -1.1451800E+00
     1.8563283E+01    -1.1312654E+00
     1.8791611E+01    -1.1175199E+00
     1.9022748E+01    -1.1039415E+00
     1.9256728E+01    -1.0905280E+00
     1.9493585E+01    -1.0772775E+00
     1.9733356E+01    -1.0641879E+00
     1.9976077E+01    -1.0512575E+00
     2.0221782E+01    -1.0384841E+00
     2.0470510E+01    -1.0258660E+00
     2.0722298E+01    -1.0134011E+00
     2.0977182E+01    -1.0010878E+00
     2.1235201E+01    -9.8892399E-01
     2.1496394E+01    -9.7690802E-01
     2.1760800E+01    -9.6503805E-01
     2.2028458E+01    -9.5331231E-01
     2.2299408E+01    -9.4172904E-01
     2.2573691E+01    -9.3028652E-01
     2.2851347E+01    -9.1898303E-01
     2.3132418E+01    -9.0781688E-01
     2.3416947E+01    -8.9678641E-01
     2.3704976E+01    -8.8588996E-01
     2.3996547E+01    -8.7512591E-01
     2.4291704E+01    -8.6449265E-01
     2.4590492E+01    -8.5398859E-01
     2.4892955E+01    -8.4361216E-01
     2.5199139E+01    -8.3336181E-01
     2.5509088E+01    -8.2323601E-01
     2.5822850E+01    -8.1323324E-01
     2.6140471E+01    -8.0335201E-01
     2.6461999E+01    -7.9359085E-01
     2.6787481E+01    -7.8394828E-01
     2.7116967E+01    -7.7442288E-01
     2.7450506E+01    -7.6501322E-01
     2.7788147E+01    -7.5571789E-01
     2.8129942E+01    -7.4653550E-01
     2.8475940E+01    -7.3746469E-01
     2.8826194E+01    -7.2850408E-01
     2.9180756E+01    -7.1965236E-01
     2.9539679E+01    -7.1090819E-01
     2.9903017E+01    -7.0227027E-01
     3.0270825E+01    -6.9373730E-01
     3.0643156E+01    -6.8530801E-01
     3.1020067E+01    -6.7698114E-01
     3.1401613E+01    -6.6875545E-01
     3.1787853E+01    -6.6062970E-01
     3.2178844E+01    -6.5260269E-01
     3.2574644E+01    -6.4467321E-01
     3.2975312E+01    -6.3684008E-01
     3.3380908E+01    -6.2910212E-01
     3.3791493E+01    -6.2145818E-01
     3.4207129E+01    -6.1390713E-01
     3.4627876E+01    -6.0644782E-01
     3.5053799E+01    -5.9907915E-01
     3.5484961E+01    -5.9180001E-01
     3.5921426E+01    -5.8460931E-01
     3.6363259E+01    -5.7750599E-01
     3.6810527E+01    -5.7048897E-01
     3.7263297E+01    -5.6355722E-01
     3.7721635E+01    -5.5670969E-01
     3.8185612E+01    -5.4994536E-01
     3.8655295E+01    -5.4326322E-01
     3.9130755E+01    -5.3666228E-01
     3.9612063E+01    -5.3014154E-01
     4.0099291E+01    -5.2370003E-01
     4.0592513E+01    -5.1733678E-01
     4.1091801E+01    -5.1105086E-01
     4.1597230E+01    -5.0484131E-01
     4.2108876E+01    -4.9870721E-01
     4.2626815E+01    -4.9264765E-01
     4.3151125E+01    -4.8666171E-01
     4.3681884E+01    -4.8074850E-01
     4.4219171E+01    -4.7490714E-01
     4.4763066E+01    -4.6913676E-01
     4.5313652E+01    -4.6343649E-01
     4.5871010E+01    -4.5780548E-01
     4.6435224E+01    -4.5224290E-01
     4.7006377E+01    -4.4674790E-01
     4.7584555E+01    -4.4131967E-01
     4.8169845E+01    -4.3595739E-01
     4.8762334E+01    -4.3066027E-01
     4.9362111E+01    -4.2542751E-01
     4.9969265E+01    -4.2025833E-01
     5.0583887E+01    -4.1515196E-01
     5.1206069E+01    -4.1010764E-01
     5.1835903E+01    -4.0512461E-01
     5.2473485E+01    -4.0020212E-01
     5.3118909E+01    -3.9533945E-01
     5.3772271E+01    -3.9053585E-01
     5.4433670E+01    -3.8579063E-01
     5.5103205E+01    -3.8110306E-01
     5.5780974E+01    -3.7647245E-01
     5.6467080E+01    -3.7189810E-01
     5.7161625E+01    -3.6737934E-01
     5.7864713E+01    -3.6291548E-01
     5.8576449E+01    -3.5850586E-01
     5.9296939E+01    -3.5414981E-01
     6.0026292E+01    -3.4984670E-01
     6.0764615E+01    -3.4559587E-01
     6.1512020E+01    -3.4139669E-01
     6.2268618E+01    -3.3724853E-01
     6.3034522E+01    -3.3315078E-01
     6.3809846E+01    -3.2910281E-01
     6.4594707E+01    -3.2510403E-01
     6.5389222E+01    -3.2115384E-01
     6.6193510E+01    -3.1725165E-01
     6.7007690E+01    -3.1339687E-01
     6.7831885E+01    -3.0958892E-01
     6.8666217E+01    -3.0582725E-01
     6.9510811E+01    -3.0211128E-01
     7.0365794E+01    -2.9844046E-01
     7.1231293E+01    -2.9481425E-01
     7.2107438E+01    -2.9123209E-01
     7.2994360E+01    -2.8769346E-01
     7.3892190E+01    -2.8419783E-01
     7.4801064E+01    -2.8074467E-01
     7.5721117E+01    -2.7733347E-01
     7.6652487E+01    -2.7396371E-01
     7.7595313E+01    -2.7063490E-01
     7.8549735E+01    -2.6734654E-01
     7.9515897E+01    -2.6409813E-01
