  2.232143E-04  3.158364E-05  2.303769E-03
  2.259598E-04  3.197212E-05  2.331325E-03
  2.287391E-04  3.236538E-05  2.359208E-03
  2.315526E-04  3.276347E-05  2.387422E-03
  2.344007E-04  3.316647E-05  2.415971E-03
  2.372838E-04  3.357441E-05  2.444859E-03
  2.402024E-04  3.398738E-05  2.474090E-03
  2.431569E-04  3.440542E-05  2.503668E-03
  2.461478E-04  3.482861E-05  2.533597E-03
  2.491754E-04  3.525700E-05  2.563880E-03
  2.522402E-04  3.569066E-05  2.594523E-03
  2.553428E-04  3.612966E-05  2.625529E-03
  2.584835E-04  3.657405E-05  2.656902E-03
  2.616628E-04  3.702391E-05  2.688647E-03
  2.648813E-04  3.747931E-05  2.720768E-03
  2.681393E-04  3.794030E-05  2.753270E-03
  2.714375E-04  3.840697E-05  2.786157E-03
  2.747761E-04  3.887938E-05  2.819433E-03
  2.781559E-04  3.935759E-05  2.853104E-03
  2.815772E-04  3.984169E-05  2.887172E-03
  2.850406E-04  4.033174E-05  2.921644E-03
  2.885466E-04  4.082783E-05  2.956524E-03
  2.920957E-04  4.133001E-05  2.991817E-03
  2.956885E-04  4.183837E-05  3.027527E-03
  2.993255E-04  4.235298E-05  3.063659E-03
  3.030072E-04  4.287392E-05  3.100218E-03
  3.067342E-04  4.340127E-05  3.137210E-03
  3.105070E-04  4.393511E-05  3.174638E-03
  3.143262E-04  4.447551E-05  3.212509E-03
  3.181924E-04  4.502256E-05  3.250827E-03
  3.221062E-04  4.557634E-05  3.289598E-03
  3.260681E-04  4.613693E-05  3.328826E-03
  3.300787E-04  4.670441E-05  3.368517E-03
  3.341387E-04  4.727888E-05  3.408677E-03
  3.382486E-04  4.786041E-05  3.449310E-03
  3.424091E-04  4.844909E-05  3.490423E-03
  3.466207E-04  4.904502E-05  3.532021E-03
  3.508841E-04  4.964827E-05  3.574108E-03
  3.552000E-04  5.025895E-05  3.616692E-03
  3.595690E-04  5.087713E-05  3.659778E-03
  3.639917E-04  5.150292E-05  3.703371E-03
  3.684688E-04  5.213641E-05  3.747477E-03
  3.730009E-04  5.277769E-05  3.792103E-03
  3.775889E-04  5.342686E-05  3.837254E-03
  3.822332E-04  5.408401E-05  3.882936E-03
  3.869347E-04  5.474924E-05  3.929156E-03
  3.916940E-04  5.542266E-05  3.975919E-03
  3.965118E-04  5.610436E-05  4.023232E-03
  4.013889E-04  5.679445E-05  4.071100E-03
  4.063260E-04  5.749302E-05  4.119532E-03
  4.113238E-04  5.820019E-05  4.168532E-03
  4.163831E-04  5.891605E-05  4.218107E-03
  4.215046E-04  5.964072E-05  4.268265E-03
  4.266891E-04  6.037430E-05  4.319011E-03
  4.319374E-04  6.111691E-05  4.370352E-03
  4.372502E-04  6.186865E-05  4.422295E-03
  4.426284E-04  6.262964E-05  4.474848E-03
  4.480727E-04  6.339998E-05  4.528016E-03
  4.535840E-04  6.417981E-05  4.581807E-03
  4.591631E-04  6.496922E-05  4.636228E-03
  4.648108E-04  6.576835E-05  4.691286E-03
  4.705280E-04  6.657730E-05  4.746988E-03
  4.763155E-04  6.739620E-05  4.803343E-03
  4.821741E-04  6.822518E-05  4.860356E-03
  4.881049E-04  6.906435E-05  4.918036E-03
  4.941086E-04  6.991385E-05  4.976389E-03
  5.001861E-04  7.077379E-05  5.035425E-03
  5.063384E-04  7.164431E-05  5.095150E-03
  5.125664E-04  7.252554E-05  5.155572E-03
  5.188709E-04  7.341761E-05  5.216699E-03
  5.252530E-04  7.432065E-05  5.278539E-03
  5.317136E-04  7.523480E-05  5.341100E-03
  5.382537E-04  7.616019E-05  5.404390E-03
  5.448742E-04  7.709697E-05  5.468418E-03
  5.515762E-04  7.804527E-05  5.533191E-03
  5.583606E-04  7.900523E-05  5.598718E-03
  5.652284E-04  7.997700E-05  5.665008E-03
  5.721807E-04  8.096072E-05  5.732068E-03
  5.792185E-04  8.195654E-05  5.799908E-03
  5.863429E-04  8.296462E-05  5.868537E-03
  5.935550E-04  8.398509E-05  5.937962E-03
  6.008557E-04  8.501811E-05  6.008194E-03
  6.082462E-04  8.606384E-05  6.079240E-03
  6.157276E-04  8.712243E-05  6.151111E-03
  6.233011E-04  8.819405E-05  6.223815E-03
  6.309677E-04  8.927884E-05  6.297361E-03
  6.387286E-04  9.037698E-05  6.371759E-03
  6.465850E-04  9.148863E-05  6.447019E-03
  6.545379E-04  9.261394E-05  6.523149E-03
  6.625888E-04  9.375311E-05  6.600159E-03
  6.707386E-04  9.490628E-05  6.678060E-03
  6.789887E-04  9.607364E-05  6.756861E-03
  6.873402E-04  9.725535E-05  6.836572E-03
  6.957945E-04  9.845160E-05  6.917202E-03
  7.043528E-04  9.966257E-05  6.998763E-03
  7.130163E-04  1.008884E-04  7.081264E-03
  7.217864E-04  1.021294E-04  7.164715E-03
  7.306644E-04  1.033856E-04  7.249128E-03
  7.396516E-04  1.046572E-04  7.334512E-03
  7.487493E-04  1.059445E-04  7.420878E-03
  7.579589E-04  1.072477E-04  7.508237E-03
  7.672818E-04  1.085668E-04  7.596599E-03
  7.767194E-04  1.099022E-04  7.685976E-03
  7.862730E-04  1.112540E-04  7.776379E-03
  7.959442E-04  1.126225E-04  7.867819E-03
  8.057343E-04  1.140077E-04  7.960306E-03
  8.156448E-04  1.154100E-04  8.053853E-03
  8.256773E-04  1.168296E-04  8.148470E-03
  8.358331E-04  1.182666E-04  8.244170E-03
  8.461138E-04  1.197213E-04  8.340964E-03
  8.565210E-04  1.211939E-04  8.438863E-03
  8.670563E-04  1.226846E-04  8.537881E-03
  8.777210E-04  1.241937E-04  8.638027E-03
  8.885170E-04  1.257213E-04  8.739316E-03
  8.994458E-04  1.272677E-04  8.841758E-03
  9.105090E-04  1.288331E-04  8.945367E-03
  9.217082E-04  1.304178E-04  9.050154E-03
  9.330452E-04  1.320219E-04  9.156132E-03
  9.445217E-04  1.336458E-04  9.263314E-03
  9.561393E-04  1.352897E-04  9.371713E-03
  9.678998E-04  1.369538E-04  9.481341E-03
  9.798050E-04  1.386384E-04  9.592212E-03
  9.918566E-04  1.403436E-04  9.704338E-03
  1.004056E-03  1.420699E-04  9.817732E-03
  1.016406E-03  1.438174E-04  9.932409E-03
  1.028908E-03  1.455864E-04  1.004838E-02
  1.041564E-03  1.473771E-04  1.016566E-02
  1.054375E-03  1.491899E-04  1.028427E-02
  1.067344E-03  1.510250E-04  1.040421E-02
  1.080472E-03  1.528826E-04  1.052550E-02
  1.093762E-03  1.547631E-04  1.064815E-02
  1.107215E-03  1.566668E-04  1.077219E-02
  1.120834E-03  1.585938E-04  1.089761E-02
  1.134620E-03  1.605446E-04  1.102445E-02
  1.148576E-03  1.625193E-04  1.115270E-02
  1.162703E-03  1.645184E-04  1.128239E-02
  1.177005E-03  1.665420E-04  1.141354E-02
  1.191482E-03  1.685905E-04  1.154614E-02
  1.206137E-03  1.706642E-04  1.168023E-02
  1.220973E-03  1.727635E-04  1.181582E-02
  1.235991E-03  1.748885E-04  1.195291E-02
  1.251193E-03  1.770397E-04  1.209153E-02
  1.266583E-03  1.792174E-04  1.223169E-02
  1.282162E-03  1.814218E-04  1.237341E-02
  1.297932E-03  1.836534E-04  1.251671E-02
  1.313897E-03  1.859124E-04  1.266159E-02
  1.330058E-03  1.881992E-04  1.280807E-02
  1.346418E-03  1.905141E-04  1.295617E-02
  1.362979E-03  1.928575E-04  1.310592E-02
  1.379743E-03  1.952298E-04  1.325731E-02
  1.396714E-03  1.976312E-04  1.341037E-02
  1.413894E-03  2.000621E-04  1.356512E-02
  1.431285E-03  2.025230E-04  1.372157E-02
  1.448889E-03  2.050141E-04  1.387973E-02
  1.466711E-03  2.075359E-04  1.403963E-02
  1.484751E-03  2.100887E-04  1.420129E-02
  1.503014E-03  2.126729E-04  1.436471E-02
  1.521501E-03  2.152889E-04  1.452992E-02
  1.540215E-03  2.179371E-04  1.469693E-02
  1.559160E-03  2.206178E-04  1.486576E-02
  1.578338E-03  2.233316E-04  1.503643E-02
  1.597751E-03  2.260787E-04  1.520895E-02
  1.617403E-03  2.288596E-04  1.538335E-02
  1.637297E-03  2.316747E-04  1.555964E-02
  1.657436E-03  2.345245E-04  1.573784E-02
  1.677823E-03  2.374093E-04  1.591796E-02
  1.698460E-03  2.403296E-04  1.610002E-02
  1.719351E-03  2.432858E-04  1.628405E-02
  1.740499E-03  2.462784E-04  1.647006E-02
  1.761907E-03  2.493078E-04  1.665807E-02
  1.783579E-03  2.523745E-04  1.684809E-02
  1.805517E-03  2.554789E-04  1.704015E-02
  1.827724E-03  2.586215E-04  1.723426E-02
  1.850205E-03  2.618027E-04  1.743044E-02
  1.872963E-03  2.650231E-04  1.762872E-02
  1.896000E-03  2.682831E-04  1.782911E-02
  1.919321E-03  2.715833E-04  1.803162E-02
  1.942929E-03  2.749240E-04  1.823628E-02
  1.966827E-03  2.783058E-04  1.844311E-02
  1.991019E-03  2.817292E-04  1.865212E-02
  2.015508E-03  2.851948E-04  1.886334E-02
  2.040299E-03  2.887029E-04  1.907678E-02
  2.065395E-03  2.922543E-04  1.929247E-02
  2.090799E-03  2.958493E-04  1.951042E-02
  2.116516E-03  2.994886E-04  1.973065E-02
  2.142549E-03  3.031726E-04  1.995318E-02
  2.168903E-03  3.069020E-04  2.017803E-02
  2.195580E-03  3.106772E-04  2.040522E-02
  2.222586E-03  3.144989E-04  2.063477E-02
  2.249923E-03  3.183677E-04  2.086670E-02
  2.277598E-03  3.222840E-04  2.110102E-02
  2.305612E-03  3.262485E-04  2.133777E-02
  2.333971E-03  3.302618E-04  2.157695E-02
  2.362679E-03  3.343244E-04  2.181859E-02
  2.391740E-03  3.384371E-04  2.206271E-02
  2.421158E-03  3.426003E-04  2.230933E-02
  2.450938E-03  3.468148E-04  2.255846E-02
  2.481085E-03  3.510811E-04  2.281013E-02
  2.511602E-03  3.554000E-04  2.306435E-02
  2.542495E-03  3.597719E-04  2.332115E-02
  2.573768E-03  3.641977E-04  2.358054E-02
  2.605425E-03  3.686779E-04  2.384255E-02
  2.637472E-03  3.732133E-04  2.410719E-02
  2.669913E-03  3.778044E-04  2.437449E-02
  2.702753E-03  3.824521E-04  2.464446E-02
  2.735997E-03  3.871570E-04  2.491712E-02
  2.769649E-03  3.919197E-04  2.519249E-02
  2.803716E-03  3.967410E-04  2.547060E-02
  2.838202E-03  4.016217E-04  2.575146E-02
  2.873112E-03  4.065625E-04  2.603508E-02
  2.908451E-03  4.115640E-04  2.632150E-02
  2.944225E-03  4.166271E-04  2.661072E-02
  2.980439E-03  4.217525E-04  2.690277E-02
  3.017098E-03  4.269410E-04  2.719767E-02
  3.054208E-03  4.321933E-04  2.749543E-02
  3.091775E-03  4.375103E-04  2.779607E-02
  3.129804E-03  4.428927E-04  2.809962E-02
  3.168301E-03  4.483414E-04  2.840608E-02
  3.207271E-03  4.538571E-04  2.871549E-02
  3.246720E-03  4.594407E-04  2.902784E-02
  3.286655E-03  4.650930E-04  2.934318E-02
  3.327081E-03  4.708149E-04  2.966150E-02
  3.368004E-03  4.766072E-04  2.998283E-02
  3.409430E-03  4.824708E-04  3.030719E-02
  3.451366E-03  4.884066E-04  3.063458E-02
  3.493818E-03  4.944154E-04  3.096504E-02
  3.536792E-03  5.004982E-04  3.129858E-02
  3.580294E-03  5.066559E-04  3.163520E-02
  3.624332E-03  5.128894E-04  3.197494E-02
  3.668911E-03  5.191996E-04  3.231780E-02
  3.714039E-03  5.255874E-04  3.266379E-02
  3.759722E-03  5.320540E-04  3.301295E-02
  3.805966E-03  5.386001E-04  3.336527E-02
  3.852780E-03  5.452268E-04  3.372077E-02
  3.900169E-03  5.519351E-04  3.407947E-02
  3.948141E-03  5.587260E-04  3.444138E-02
  3.996703E-03  5.656005E-04  3.480652E-02
  4.045863E-03  5.725596E-04  3.517490E-02
  4.095627E-03  5.796044E-04  3.554652E-02
  4.146003E-03  5.867359E-04  3.592141E-02
  4.196999E-03  5.939553E-04  3.629957E-02
  4.248622E-03  6.012635E-04  3.668102E-02
  4.300880E-03  6.086618E-04  3.706576E-02
  4.353781E-03  6.161511E-04  3.745381E-02
  4.407332E-03  6.237327E-04  3.784518E-02
  4.461542E-03  6.314076E-04  3.823987E-02
  4.516419E-03  6.391770E-04  3.863789E-02
  4.571971E-03  6.470421E-04  3.903926E-02
  4.628206E-03  6.550041E-04  3.944397E-02
  4.685133E-03  6.630641E-04  3.985204E-02
  4.742761E-03  6.712235E-04  4.026348E-02
  4.801096E-03  6.794833E-04  4.067828E-02
  4.860150E-03  6.878448E-04  4.109645E-02
  4.919930E-03  6.963093E-04  4.151801E-02
  4.980445E-03  7.048781E-04  4.194294E-02
  5.041704E-03  7.135525E-04  4.237125E-02
  5.103717E-03  7.223337E-04  4.280295E-02
  5.166493E-03  7.312231E-04  4.323804E-02
  5.230041E-03  7.402220E-04  4.367651E-02
  5.294370E-03  7.493318E-04  4.411837E-02
  5.359491E-03  7.585538E-04  4.456361E-02
  5.425413E-03  7.678895E-04  4.501224E-02
  5.492146E-03  7.773401E-04  4.546424E-02
  5.559699E-03  7.869073E-04  4.591962E-02
  5.628083E-03  7.965923E-04  4.637837E-02
  5.697309E-03  8.063967E-04  4.684049E-02
  5.767386E-03  8.163219E-04  4.730595E-02
  5.838324E-03  8.263695E-04  4.777477E-02
  5.910136E-03  8.365409E-04  4.824693E-02
  5.982830E-03  8.468377E-04  4.872241E-02
  6.056419E-03  8.572614E-04  4.920121E-02
  6.130913E-03  8.678136E-04  4.968331E-02
  6.206323E-03  8.784958E-04  5.016870E-02
  6.282661E-03  8.893098E-04  5.065736E-02
  6.359938E-03  9.002572E-04  5.114929E-02
  6.438165E-03  9.113395E-04  5.164445E-02
  6.517355E-03  9.225584E-04  5.214282E-02
  6.597518E-03  9.339157E-04  5.264440E-02
  6.678668E-03  9.454131E-04  5.314915E-02
  6.760815E-03  9.570523E-04  5.365706E-02
  6.843973E-03  9.688351E-04  5.416809E-02
  6.928154E-03  9.807632E-04  5.468222E-02
  7.013370E-03  9.928384E-04  5.519943E-02
  7.099635E-03  1.005063E-03  5.571967E-02
  7.186960E-03  1.017438E-03  5.624292E-02
  7.275360E-03  1.029965E-03  5.676915E-02
  7.364847E-03  1.042648E-03  5.729832E-02
  7.455435E-03  1.055487E-03  5.783039E-02
  7.547136E-03  1.068484E-03  5.836533E-02
  7.639966E-03  1.081642E-03  5.890309E-02
  7.733938E-03  1.094962E-03  5.944362E-02
  7.829065E-03  1.108447E-03  5.998690E-02
  7.925363E-03  1.122098E-03  6.053286E-02
  8.022845E-03  1.135917E-03  6.108146E-02
  8.121526E-03  1.149908E-03  6.163265E-02
  8.221420E-03  1.164071E-03  6.218638E-02
  8.322544E-03  1.178409E-03  6.274258E-02
  8.424911E-03  1.192924E-03  6.330121E-02
  8.528538E-03  1.207619E-03  6.386219E-02
  8.633439E-03  1.222495E-03  6.442548E-02
  8.739630E-03  1.237555E-03  6.499099E-02
  8.847127E-03  1.252801E-03  6.555868E-02
  8.955947E-03  1.268235E-03  6.612846E-02
  9.066105E-03  1.283860E-03  6.670026E-02
  9.177618E-03  1.299679E-03  6.727401E-02
  9.290503E-03  1.315693E-03  6.784963E-02
  9.404776E-03  1.331905E-03  6.842704E-02
  9.520455E-03  1.348318E-03  6.900615E-02
  9.637556E-03  1.364933E-03  6.958688E-02
  9.756098E-03  1.381754E-03  7.016914E-02
  9.876098E-03  1.398784E-03  7.075284E-02
  9.997574E-03  1.416024E-03  7.133788E-02
  1.012054E-02  1.433477E-03  7.192416E-02
  1.024503E-02  1.451147E-03  7.251158E-02
  1.037104E-02  1.469035E-03  7.310004E-02
  1.049860E-02  1.487145E-03  7.368942E-02
  1.062774E-02  1.505479E-03  7.427962E-02
  1.075846E-02  1.524041E-03  7.487052E-02
  1.089079E-02  1.542832E-03  7.546200E-02
  1.102474E-02  1.561856E-03  7.605394E-02
  1.116035E-02  1.581116E-03  7.664622E-02
  1.129762E-02  1.600615E-03  7.723870E-02
  1.143658E-02  1.620355E-03  7.783125E-02
  1.157725E-02  1.640341E-03  7.842374E-02
  1.171965E-02  1.660574E-03  7.901601E-02
  1.186380E-02  1.681058E-03  7.960794E-02
  1.200973E-02  1.701797E-03  8.019937E-02
  1.215745E-02  1.722793E-03  8.079014E-02
  1.230699E-02  1.744049E-03  8.138011E-02
  1.245836E-02  1.765570E-03  8.196910E-02
  1.261160E-02  1.787358E-03  8.255696E-02
  1.276672E-02  1.809417E-03  8.314351E-02
  1.292375E-02  1.831750E-03  8.372858E-02
  1.308271E-02  1.854360E-03  8.431199E-02
  1.324363E-02  1.877252E-03  8.489356E-02
  1.340653E-02  1.900428E-03  8.547311E-02
  1.357143E-02  1.923893E-03  8.605043E-02
  1.373836E-02  1.947650E-03  8.662533E-02
  1.390734E-02  1.971703E-03  8.719762E-02
  1.407840E-02  1.996055E-03  8.776708E-02
  1.425156E-02  2.020710E-03  8.833350E-02
  1.442686E-02  2.045673E-03  8.889667E-02
  1.460431E-02  2.070947E-03  8.945636E-02
  1.478394E-02  2.096536E-03  9.001236E-02
  1.496578E-02  2.122444E-03  9.056442E-02
  1.514986E-02  2.148676E-03  9.111232E-02
  1.533621E-02  2.175235E-03  9.165580E-02
  1.552484E-02  2.202126E-03  9.219463E-02
  1.571580E-02  2.229352E-03  9.272855E-02
  1.590910E-02  2.256919E-03  9.325731E-02
  1.610478E-02  2.284830E-03  9.378063E-02
  1.630287E-02  2.313091E-03  9.429825E-02
  1.650340E-02  2.341705E-03  9.480991E-02
  1.670639E-02  2.370677E-03  9.531531E-02
  1.691188E-02  2.400012E-03  9.581417E-02
  1.711989E-02  2.429714E-03  9.630621E-02
  1.733047E-02  2.459789E-03  9.679112E-02
  1.754363E-02  2.490241E-03  9.726861E-02
  1.775942E-02  2.521075E-03  9.773836E-02
  1.797786E-02  2.552295E-03  9.820007E-02
  1.819899E-02  2.583908E-03  9.865340E-02
  1.842284E-02  2.615918E-03  9.909805E-02
  1.864944E-02  2.648331E-03  9.953367E-02
  1.887883E-02  2.681151E-03  9.995993E-02
  1.911103E-02  2.714384E-03  1.003765E-01
  1.934610E-02  2.748035E-03  1.007830E-01
  1.958406E-02  2.782110E-03  1.011791E-01
  1.982494E-02  2.816615E-03  1.015644E-01
  2.006879E-02  2.851555E-03  1.019386E-01
  2.031563E-02  2.886936E-03  1.023013E-01
  2.056552E-02  2.922763E-03  1.026521E-01
  2.081847E-02  2.959043E-03  1.029907E-01
  2.107454E-02  2.995782E-03  1.033165E-01
  2.133376E-02  3.032986E-03  1.036294E-01
  2.159616E-02  3.070660E-03  1.039288E-01
  2.186179E-02  3.108812E-03  1.042143E-01
  2.213069E-02  3.147447E-03  1.044855E-01
  2.240290E-02  3.186573E-03  1.047421E-01
  2.267846E-02  3.226195E-03  1.049835E-01
  2.295740E-02  3.266320E-03  1.052094E-01
  2.323978E-02  3.306956E-03  1.054193E-01
  2.352563E-02  3.348109E-03  1.056127E-01
  2.381499E-02  3.389785E-03  1.057894E-01
  2.410792E-02  3.431993E-03  1.059487E-01
  2.440445E-02  3.474739E-03  1.060902E-01
  2.470462E-02  3.518030E-03  1.062134E-01
  2.500849E-02  3.561875E-03  1.063180E-01
  2.531609E-02  3.606280E-03  1.064034E-01
  2.562748E-02  3.651253E-03  1.064692E-01
  2.594270E-02  3.696803E-03  1.065148E-01
  2.626179E-02  3.742936E-03  1.065398E-01
  2.658481E-02  3.789662E-03  1.065437E-01
  2.691181E-02  3.836988E-03  1.065261E-01
  2.724282E-02  3.884922E-03  1.064863E-01
  2.757791E-02  3.933473E-03  1.064239E-01
  2.791712E-02  3.982650E-03  1.063384E-01
  2.826050E-02  4.032460E-03  1.062294E-01
  2.860810E-02  4.082914E-03  1.060962E-01
  2.895998E-02  4.134021E-03  1.059384E-01
  2.931619E-02  4.185788E-03  1.057554E-01
  2.967678E-02  4.238226E-03  1.055468E-01
  3.004180E-02  4.291344E-03  1.053120E-01
  3.041131E-02  4.345152E-03  1.050505E-01
  3.078537E-02  4.399660E-03  1.047618E-01
  3.116403E-02  4.454877E-03  1.044453E-01
  3.154735E-02  4.510813E-03  1.041005E-01
  3.193538E-02  4.567480E-03  1.037270E-01
  3.232819E-02  4.624887E-03  1.033241E-01
  3.272583E-02  4.683045E-03  1.028913E-01
  3.312835E-02  4.741966E-03  1.024282E-01
  3.353583E-02  4.801659E-03  1.019341E-01
  3.394832E-02  4.862137E-03  1.014086E-01
  3.436589E-02  4.923410E-03  1.008512E-01
  3.478859E-02  4.985492E-03  1.002613E-01
  3.521649E-02  5.048392E-03  9.963834E-02
  3.564965E-02  5.112124E-03  9.898191E-02
  3.608814E-02  5.176700E-03  9.829145E-02
  3.653203E-02  5.242133E-03  9.756647E-02
  3.698137E-02  5.308434E-03  9.680646E-02
  3.743624E-02  5.375618E-03  9.601092E-02
  3.789671E-02  5.443697E-03  9.517935E-02
  3.836284E-02  5.512686E-03  9.431128E-02
  3.883470E-02  5.582597E-03  9.340621E-02
  3.931237E-02  5.653445E-03  9.246369E-02
  3.979591E-02  5.725245E-03  9.148324E-02
  4.028540E-02  5.798010E-03  9.046441E-02
  4.078091E-02  5.871756E-03  8.940675E-02
  4.128251E-02  5.946498E-03  8.830982E-02
  4.179029E-02  6.022252E-03  8.717320E-02
  4.230431E-02  6.099033E-03  8.599648E-02
  4.282465E-02  6.176857E-03  8.477925E-02
  4.335139E-02  6.255742E-03  8.352111E-02
  4.388462E-02  6.335703E-03  8.222169E-02
  4.442440E-02  6.416758E-03  8.088064E-02
  4.497082E-02  6.498924E-03  7.949759E-02
  4.552396E-02  6.582220E-03  7.807222E-02
  4.608390E-02  6.666663E-03  7.660421E-02
  4.665073E-02  6.752273E-03  7.509326E-02
  4.722454E-02  6.839067E-03  7.353910E-02
  4.780540E-02  6.927067E-03  7.194146E-02
  4.839341E-02  7.016291E-03  7.030009E-02
  4.898865E-02  7.106759E-03  6.861479E-02
  4.959121E-02  7.198494E-03  6.688535E-02
  5.020118E-02  7.291515E-03  6.511159E-02
  5.081865E-02  7.385845E-03  6.329337E-02
  5.144372E-02  7.481506E-03  6.143055E-02
  5.207648E-02  7.578520E-03  5.952304E-02
  5.271702E-02  7.676911E-03  5.757075E-02
  5.336544E-02  7.776702E-03  5.557365E-02
  5.402183E-02  7.877918E-03  5.353171E-02
  5.468630E-02  7.980583E-03  5.144494E-02
  5.535894E-02  8.084723E-03  4.931338E-02
  5.603986E-02  8.190364E-03  4.713711E-02
  5.672915E-02  8.297533E-03  4.491624E-02
  5.742692E-02  8.406257E-03  4.265089E-02
  5.813327E-02  8.516564E-03  4.034125E-02
  5.884831E-02  8.628482E-03  3.798753E-02
  5.957214E-02  8.742041E-03  3.558997E-02
  6.030488E-02  8.857271E-03  3.314886E-02
  6.104663E-02  8.974202E-03  3.066451E-02
  6.179750E-02  9.092867E-03  2.813731E-02
  6.255761E-02  9.213297E-03  2.556765E-02
  6.332707E-02  9.335526E-03  2.295597E-02
  6.410600E-02  9.459588E-03  2.030278E-02
  6.489450E-02  9.585517E-03  1.760860E-02
  6.569270E-02  9.713350E-03  1.487401E-02
  6.650072E-02  9.843123E-03  1.209966E-02
  6.731868E-02  9.974873E-03  9.286194E-03
  6.814670E-02  1.010864E-02  6.434354E-03
  6.898490E-02  1.024446E-02  3.544908E-03
  6.983342E-02  1.038238E-02  6.186797E-04
  7.069237E-02  1.052244E-02 -2.343457E-03
  7.156189E-02  1.066468E-02 -5.340576E-03
  7.244210E-02  1.080914E-02 -8.371695E-03
  7.333314E-02  1.095588E-02 -1.143578E-02
  7.423513E-02  1.110493E-02 -1.453175E-02
  7.514822E-02  1.125635E-02 -1.765844E-02
  7.607255E-02  1.141018E-02 -2.081467E-02
  7.700824E-02  1.156648E-02 -2.399917E-02
  7.795544E-02  1.172529E-02 -2.721063E-02
  7.891429E-02  1.188667E-02 -3.044766E-02
  7.988494E-02  1.205068E-02 -3.370884E-02
  8.086752E-02  1.221736E-02 -3.699266E-02
  8.186219E-02  1.238679E-02 -4.029758E-02
  8.286910E-02  1.255902E-02 -4.362197E-02
  8.388839E-02  1.273410E-02 -4.696415E-02
  8.492022E-02  1.291211E-02 -5.032238E-02
  8.596474E-02  1.309310E-02 -5.369487E-02
  8.702210E-02  1.327715E-02 -5.707973E-02
  8.809247E-02  1.346433E-02 -6.047504E-02
  8.917601E-02  1.365470E-02 -6.387881E-02
  9.027288E-02  1.384833E-02 -6.728898E-02
  9.138323E-02  1.404531E-02 -7.070343E-02
  9.250725E-02  1.424571E-02 -7.411997E-02
  9.364509E-02  1.444961E-02 -7.753635E-02
  9.479692E-02  1.465709E-02 -8.095027E-02
  9.596292E-02  1.486823E-02 -8.435934E-02
  9.714327E-02  1.508313E-02 -8.776114E-02
  9.833813E-02  1.530187E-02 -9.115315E-02
  9.954769E-02  1.552455E-02 -9.453282E-02
  1.007721E-01  1.575126E-02 -9.789753E-02
  1.020116E-01  1.598210E-02 -1.012446E-01
  1.032664E-01  1.621717E-02 -1.045712E-01
  1.045365E-01  1.645657E-02 -1.078747E-01
  1.058223E-01  1.670042E-02 -1.111521E-01
  1.071240E-01  1.694882E-02 -1.144005E-01
  1.084416E-01  1.720189E-02 -1.176170E-01
  1.097754E-01  1.745975E-02 -1.207985E-01
  1.111256E-01  1.772252E-02 -1.239419E-01
  1.124925E-01  1.799032E-02 -1.270442E-01
  1.138762E-01  1.826329E-02 -1.301021E-01
  1.152768E-01  1.854155E-02 -1.331124E-01
  1.166947E-01  1.882525E-02 -1.360719E-01
  1.181301E-01  1.911453E-02 -1.389772E-01
  1.195831E-01  1.940954E-02 -1.418250E-01
  1.210539E-01  1.971043E-02 -1.446120E-01
  1.225429E-01  2.001734E-02 -1.473346E-01
  1.240502E-01  2.033046E-02 -1.499895E-01
  1.255760E-01  2.064994E-02 -1.525731E-01
  1.271206E-01  2.097596E-02 -1.550820E-01
  1.286842E-01  2.130868E-02 -1.575127E-01
  1.302670E-01  2.164831E-02 -1.598615E-01
  1.318693E-01  2.199502E-02 -1.621250E-01
  1.334913E-01  2.234902E-02 -1.642996E-01
  1.351332E-01  2.271050E-02 -1.663817E-01
  1.367953E-01  2.307967E-02 -1.683677E-01
  1.384779E-01  2.345675E-02 -1.702540E-01
  1.401812E-01  2.384196E-02 -1.720371E-01
  1.419054E-01  2.423554E-02 -1.737135E-01
  1.436509E-01  2.463770E-02 -1.752795E-01
  1.454178E-01  2.504871E-02 -1.767317E-01
  1.472064E-01  2.546882E-02 -1.780665E-01
  1.490171E-01  2.589827E-02 -1.792805E-01
  1.508500E-01  2.633736E-02 -1.803703E-01
  1.527054E-01  2.678634E-02 -1.813324E-01
  1.545837E-01  2.724551E-02 -1.821635E-01
  1.564851E-01  2.771516E-02 -1.828603E-01
  1.584098E-01  2.819560E-02 -1.834196E-01
  1.603583E-01  2.868714E-02 -1.838381E-01
  1.623307E-01  2.919011E-02 -1.841128E-01
  1.643274E-01  2.970484E-02 -1.842406E-01
  1.663486E-01  3.023168E-02 -1.842186E-01
  1.683947E-01  3.077099E-02 -1.840439E-01
  1.704659E-01  3.132312E-02 -1.837136E-01
  1.725627E-01  3.188847E-02 -1.832252E-01
  1.746852E-01  3.246742E-02 -1.825761E-01
  1.768338E-01  3.306037E-02 -1.817637E-01
  1.790089E-01  3.366774E-02 -1.807857E-01
  1.812107E-01  3.428995E-02 -1.796400E-01
  1.834396E-01  3.492745E-02 -1.783243E-01
  1.856959E-01  3.558069E-02 -1.768368E-01
  1.879799E-01  3.625013E-02 -1.751756E-01
  1.902921E-01  3.693625E-02 -1.733391E-01
  1.926327E-01  3.763955E-02 -1.713257E-01
  1.950021E-01  3.836054E-02 -1.691340E-01
  1.974006E-01  3.909973E-02 -1.667630E-01
  1.998286E-01  3.985766E-02 -1.642116E-01
  2.022865E-01  4.063489E-02 -1.614790E-01
  2.047746E-01  4.143197E-02 -1.585645E-01
  2.072934E-01  4.224949E-02 -1.554676E-01
  2.098431E-01  4.308804E-02 -1.521883E-01
  2.124241E-01  4.394823E-02 -1.487263E-01
  2.150370E-01  4.483068E-02 -1.450819E-01
  2.176819E-01  4.573604E-02 -1.412554E-01
  2.203594E-01  4.666496E-02 -1.372475E-01
  2.230698E-01  4.761810E-02 -1.330590E-01
  2.258136E-01  4.859614E-02 -1.286909E-01
  2.285911E-01  4.959979E-02 -1.241446E-01
  2.314028E-01  5.062975E-02 -1.194216E-01
  2.342490E-01  5.168674E-02 -1.145237E-01
  2.371303E-01  5.277151E-02 -1.094528E-01
  2.400470E-01  5.388479E-02 -1.042114E-01
  2.429995E-01  5.502734E-02 -9.880187E-02
  2.459884E-01  5.619993E-02 -9.322710E-02
  2.490141E-01  5.740334E-02 -8.749013E-02
  2.520770E-01  5.863835E-02 -8.159427E-02
  2.551775E-01  5.990575E-02 -7.554312E-02
  2.583162E-01  6.120634E-02 -6.934053E-02
  2.614935E-01  6.254091E-02 -6.299062E-02
  2.647099E-01  6.391026E-02 -5.649779E-02
  2.679658E-01  6.531520E-02 -4.986670E-02
  2.712618E-01  6.675652E-02 -4.310228E-02
  2.745983E-01  6.823500E-02 -3.620971E-02
  2.779759E-01  6.975143E-02 -2.919448E-02
  2.813950E-01  7.130656E-02 -2.206229E-02
  2.848561E-01  7.290116E-02 -1.481915E-02
  2.883598E-01  7.453595E-02 -7.471308E-03
  2.919067E-01  7.621165E-02 -2.526445E-05
  2.954971E-01  7.792891E-02  7.512217E-03
  2.991317E-01  7.968840E-02  1.513413E-02
  3.028111E-01  8.149071E-02  2.283321E-02
  3.065356E-01  8.333639E-02  3.060199E-02
  3.103060E-01  8.522597E-02  3.843272E-02
  3.141228E-01  8.715987E-02  4.631747E-02
  3.179865E-01  8.913849E-02  5.424807E-02
  3.218977E-01  9.116211E-02  6.221614E-02
  3.258571E-01  9.323098E-02  7.021311E-02
  3.298651E-01  9.534520E-02  7.823020E-02
  3.339225E-01  9.750482E-02  8.625847E-02
  3.380297E-01  9.970973E-02  9.428879E-02
  3.421875E-01  1.019597E-01  1.023119E-01
  3.463964E-01  1.042545E-01  1.103183E-01
  3.506570E-01  1.065934E-01  1.182984E-01
  3.549701E-01  1.089760E-01  1.262426E-01
  3.593363E-01  1.114013E-01  1.341411E-01
  3.637561E-01  1.138682E-01  1.419838E-01
  3.682303E-01  1.163757E-01  1.497607E-01
  3.727595E-01  1.189222E-01  1.574618E-01
  3.773445E-01  1.215060E-01  1.650768E-01
  3.819858E-01  1.241253E-01  1.725955E-01
  3.866842E-01  1.267777E-01  1.800076E-01
  3.914404E-01  1.294607E-01  1.873026E-01
  3.962552E-01  1.321716E-01  1.944703E-01
  4.011291E-01  1.349073E-01  2.015000E-01
  4.060630E-01  1.376642E-01  2.083815E-01
  4.110576E-01  1.404385E-01  2.151042E-01
  4.161136E-01  1.432259E-01  2.216577E-01
  4.212318E-01  1.460220E-01  2.280316E-01
  4.264129E-01  1.488216E-01  2.342155E-01
  4.316578E-01  1.516193E-01  2.401993E-01
  4.369672E-01  1.544093E-01  2.459726E-01
  4.423419E-01  1.571850E-01  2.515255E-01
  4.477827E-01  1.599398E-01  2.568480E-01
  4.532904E-01  1.626664E-01  2.619304E-01
  4.588659E-01  1.653568E-01  2.667631E-01
  4.645099E-01  1.680029E-01  2.713367E-01
  4.702234E-01  1.705959E-01  2.756422E-01
  4.760072E-01  1.731264E-01  2.796707E-01
  4.818621E-01  1.755847E-01  2.834134E-01
  4.877890E-01  1.779605E-01  2.868622E-01
  4.937888E-01  1.802431E-01  2.900088E-01
  4.998624E-01  1.824213E-01  2.928455E-01
  5.060107E-01  1.844833E-01  2.953650E-01
  5.122346E-01  1.864171E-01  2.975602E-01
  5.185351E-01  1.882103E-01  2.994242E-01
  5.249131E-01  1.898501E-01  3.009507E-01
  5.313695E-01  1.913233E-01  3.021338E-01
  5.379053E-01  1.926167E-01  3.029677E-01
  5.445216E-01  1.937166E-01  3.034474E-01
  5.512192E-01  1.946095E-01  3.035679E-01
  5.579992E-01  1.952815E-01  3.033250E-01
  5.648626E-01  1.957189E-01  3.027147E-01
  5.718104E-01  1.959082E-01  3.017335E-01
  5.788437E-01  1.958359E-01  3.003785E-01
  5.859634E-01  1.954888E-01  2.986469E-01
  5.931708E-01  1.948540E-01  2.965367E-01
  6.004668E-01  1.939193E-01  2.940463E-01
  6.078525E-01  1.926726E-01  2.911746E-01
  6.153291E-01  1.911027E-01  2.879207E-01
  6.228977E-01  1.891990E-01  2.842846E-01
  6.305593E-01  1.869516E-01  2.802666E-01
  6.383152E-01  1.843515E-01  2.758673E-01
  6.461665E-01  1.813905E-01  2.710882E-01
  6.541143E-01  1.780617E-01  2.659308E-01
  6.621599E-01  1.743591E-01  2.603976E-01
  6.703045E-01  1.702779E-01  2.544910E-01
  6.785492E-01  1.658148E-01  2.482144E-01
  6.868954E-01  1.609679E-01  2.415713E-01
  6.953442E-01  1.557367E-01  2.345659E-01
  7.038969E-01  1.501223E-01  2.272027E-01
  7.125549E-01  1.441275E-01  2.194868E-01
  7.213193E-01  1.377568E-01  2.114235E-01
  7.301915E-01  1.310162E-01  2.030188E-01
  7.391729E-01  1.239136E-01  1.942789E-01
  7.482647E-01  1.164583E-01  1.852106E-01
  7.574683E-01  1.086612E-01  1.758210E-01
  7.667852E-01  1.005348E-01  1.661175E-01
  7.762167E-01  9.209296E-02  1.561081E-01
  7.857641E-01  8.335065E-02  1.458009E-01
  7.954290E-01  7.432408E-02  1.352045E-01
  8.052128E-01  6.503034E-02  1.243279E-01
  8.151169E-01  5.548733E-02  1.131803E-01
  8.251429E-01  4.571348E-02  1.017714E-01
  8.352921E-01  3.572759E-02  9.011080E-02
  8.455662E-01  2.554859E-02  7.820881E-02
  8.559667E-01  1.519532E-02  6.607579E-02
  8.664951E-01  4.686281E-03  5.372240E-02
  8.771530E-01 -5.960587E-03  4.115954E-02
  8.879419E-01 -1.672815E-02  2.839832E-02
  8.988636E-01 -2.760030E-02  1.545006E-02
  9.099196E-01 -3.856219E-02  2.326278E-03
  9.211117E-01 -4.960043E-02 -1.096133E-02
  9.324413E-01 -6.070326E-02 -2.440092E-02
  9.439104E-01 -7.186077E-02 -3.798049E-02
  9.555205E-01 -8.306498E-02 -5.168792E-02
  9.672734E-01 -9.431002E-02 -6.551097E-02
  9.791708E-01 -1.055922E-01 -7.943731E-02
  9.912146E-01 -1.169100E-01 -9.345452E-02
  1.003407E+00 -1.282641E-01 -1.075501E-01
  1.015748E+00 -1.396577E-01 -1.217116E-01
  1.028242E+00 -1.510958E-01 -1.359263E-01
  1.040890E+00 -1.625857E-01 -1.501817E-01
  1.053692E+00 -1.741365E-01 -1.644652E-01
  1.066653E+00 -1.857592E-01 -1.787643E-01
  1.079773E+00 -1.974664E-01 -1.930662E-01
  1.093054E+00 -2.092716E-01 -2.073587E-01
  1.106499E+00 -2.211897E-01 -2.216290E-01
  1.120108E+00 -2.332360E-01 -2.358649E-01
  1.133886E+00 -2.454261E-01 -2.500541E-01
  1.147833E+00 -2.577753E-01 -2.641842E-01
  1.161951E+00 -2.702983E-01 -2.782432E-01
  1.176243E+00 -2.830087E-01 -2.922190E-01
  1.190711E+00 -2.959183E-01 -3.060999E-01
  1.205356E+00 -3.090367E-01 -3.198740E-01
  1.220182E+00 -3.223707E-01 -3.335298E-01
  1.235191E+00 -3.359235E-01 -3.470559E-01
  1.250383E+00 -3.496946E-01 -3.604410E-01
  1.265763E+00 -3.636786E-01 -3.736741E-01
  1.281332E+00 -3.778651E-01 -3.867444E-01
  1.297092E+00 -3.922379E-01 -3.996412E-01
  1.313047E+00 -4.067746E-01 -4.123541E-01
  1.329197E+00 -4.214461E-01 -4.248728E-01
  1.345546E+00 -4.362165E-01 -4.371876E-01
  1.362096E+00 -4.510428E-01 -4.492885E-01
  1.378850E+00 -4.658748E-01 -4.611662E-01
  1.395810E+00 -4.806556E-01 -4.728114E-01
  1.412979E+00 -4.953217E-01 -4.842153E-01
  1.430358E+00 -5.098042E-01 -4.953691E-01
  1.447952E+00 -5.240296E-01 -5.062644E-01
  1.465761E+00 -5.379210E-01 -5.168932E-01
  1.483790E+00 -5.514000E-01 -5.272476E-01
  1.502041E+00 -5.643883E-01 -5.373202E-01
  1.520516E+00 -5.768098E-01 -5.471036E-01
  1.539218E+00 -5.885928E-01 -5.565910E-01
  1.558151E+00 -5.996722E-01 -5.657757E-01
  1.577316E+00 -6.099919E-01 -5.746515E-01
  1.596717E+00 -6.195067E-01 -5.832123E-01
  1.616357E+00 -6.281842E-01 -5.914525E-01
  1.636238E+00 -6.360066E-01 -5.993667E-01
  1.656363E+00 -6.429716E-01 -6.069498E-01
  1.676737E+00 -6.490931E-01 -6.141970E-01
  1.697361E+00 -6.544011E-01 -6.211039E-01
  1.718238E+00 -6.589411E-01 -6.276665E-01
  1.739372E+00 -6.627728E-01 -6.338807E-01
  1.760767E+00 -6.659678E-01 -6.397431E-01
  1.782424E+00 -6.686075E-01 -6.452505E-01
  1.804348E+00 -6.707791E-01 -6.503999E-01
  1.826541E+00 -6.725728E-01 -6.551887E-01
  1.849008E+00 -6.740772E-01 -6.596145E-01
  1.871751E+00 -6.753752E-01 -6.636754E-01
  1.894773E+00 -6.765398E-01 -6.673695E-01
  1.918079E+00 -6.776304E-01 -6.706955E-01
  1.941671E+00 -6.786890E-01 -6.736522E-01
  1.965554E+00 -6.797377E-01 -6.762388E-01
  1.989730E+00 -6.807774E-01 -6.784547E-01
  2.014204E+00 -6.817876E-01 -6.802999E-01
  2.038979E+00 -6.827288E-01 -6.817744E-01
  2.064058E+00 -6.835464E-01 -6.828786E-01
  2.089446E+00 -6.841775E-01 -6.836134E-01
  2.115146E+00 -6.845585E-01 -6.839798E-01
  2.141162E+00 -6.846343E-01 -6.839793E-01
  2.167499E+00 -6.843660E-01 -6.836137E-01
  2.194159E+00 -6.837348E-01 -6.828850E-01
  2.221147E+00 -6.827383E-01 -6.817959E-01
  2.248467E+00 -6.813800E-01 -6.803491E-01
  2.276123E+00 -6.796627E-01 -6.785479E-01
  2.304120E+00 -6.775897E-01 -6.763958E-01
  2.332460E+00 -6.751650E-01 -6.738967E-01
  2.361150E+00 -6.723929E-01 -6.710549E-01
  2.390192E+00 -6.692781E-01 -6.678751E-01
  2.419591E+00 -6.658258E-01 -6.643624E-01
  2.449352E+00 -6.620414E-01 -6.605220E-01
  2.479479E+00 -6.579307E-01 -6.563598E-01
  2.509977E+00 -6.535000E-01 -6.518819E-01
  2.540849E+00 -6.487558E-01 -6.470946E-01
  2.572102E+00 -6.437051E-01 -6.420050E-01
  2.603739E+00 -6.383552E-01 -6.366201E-01
  2.635765E+00 -6.327137E-01 -6.309474E-01
  2.668185E+00 -6.267886E-01 -6.249948E-01
  2.701003E+00 -6.205882E-01 -6.187705E-01
  2.734226E+00 -6.141211E-01 -6.122829E-01
  2.767857E+00 -6.073963E-01 -6.055410E-01
  2.801901E+00 -6.004229E-01 -5.985538E-01
  2.836365E+00 -5.932107E-01 -5.913306E-01
  2.871252E+00 -5.857692E-01 -5.838812E-01
  2.906568E+00 -5.781086E-01 -5.762155E-01
  2.942319E+00 -5.702391E-01 -5.683436E-01
  2.978510E+00 -5.621712E-01 -5.602759E-01
  3.015145E+00 -5.539157E-01 -5.520230E-01
  3.052232E+00 -5.454834E-01 -5.435957E-01
  3.089774E+00 -5.368852E-01 -5.350049E-01
  3.127778E+00 -5.281325E-01 -5.262615E-01
  3.166250E+00 -5.192364E-01 -5.173769E-01
  3.205195E+00 -5.102082E-01 -5.083621E-01
  3.244619E+00 -5.010595E-01 -4.992287E-01
  3.284528E+00 -4.918015E-01 -4.899877E-01
  3.324927E+00 -4.824458E-01 -4.806507E-01
  3.365824E+00 -4.730038E-01 -4.712289E-01
  3.407224E+00 -4.634867E-01 -4.617335E-01
  3.449132E+00 -4.539059E-01 -4.521758E-01
  3.491557E+00 -4.442725E-01 -4.425667E-01
  3.534503E+00 -4.345975E-01 -4.329173E-01
  3.577977E+00 -4.248919E-01 -4.232383E-01
  3.621986E+00 -4.151661E-01 -4.135402E-01
  3.666537E+00 -4.054308E-01 -4.038336E-01
  3.711635E+00 -3.956962E-01 -3.941284E-01
  3.757288E+00 -3.859722E-01 -3.844347E-01
  3.803503E+00 -3.762686E-01 -3.747620E-01
  3.850286E+00 -3.665949E-01 -3.651198E-01
  3.897645E+00 -3.569601E-01 -3.555171E-01
  3.945586E+00 -3.473732E-01 -3.459628E-01
  3.994116E+00 -3.378427E-01 -3.364652E-01
  4.043244E+00 -3.283769E-01 -3.270325E-01
  4.092976E+00 -3.189835E-01 -3.176727E-01
  4.143319E+00 -3.096703E-01 -3.083931E-01
  4.194282E+00 -3.004444E-01 -2.992009E-01
  4.245872E+00 -2.913128E-01 -2.901031E-01
  4.298096E+00 -2.822820E-01 -2.811061E-01
  4.350963E+00 -2.733584E-01 -2.722162E-01
  4.404480E+00 -2.645478E-01 -2.634393E-01
  4.458655E+00 -2.558560E-01 -2.547809E-01
  4.513496E+00 -2.472882E-01 -2.462463E-01
  4.569012E+00 -2.388495E-01 -2.378405E-01
  4.625211E+00 -2.305445E-01 -2.295683E-01
  4.682101E+00 -2.223777E-01 -2.214338E-01
  4.739691E+00 -2.143533E-01 -2.134414E-01
  4.797989E+00 -2.064750E-01 -2.055947E-01
  4.857004E+00 -1.987465E-01 -1.978974E-01
  4.916745E+00 -1.911711E-01 -1.903526E-01
  4.977221E+00 -1.837517E-01 -1.829634E-01
  5.038441E+00 -1.764912E-01 -1.757326E-01
  5.100414E+00 -1.693920E-01 -1.686626E-01
  5.163149E+00 -1.624563E-01 -1.617556E-01
  5.226656E+00 -1.556862E-01 -1.550136E-01
  5.290944E+00 -1.490834E-01 -1.484382E-01
  5.356022E+00 -1.426492E-01 -1.420309E-01
  5.421901E+00 -1.363849E-01 -1.357929E-01
  5.488591E+00 -1.302914E-01 -1.297251E-01
  5.556101E+00 -1.243694E-01 -1.238281E-01
  5.624441E+00 -1.186193E-01 -1.181024E-01
  5.693621E+00 -1.130412E-01 -1.125480E-01
  5.763653E+00 -1.076350E-01 -1.071649E-01
  5.834546E+00 -1.024004E-01 -1.019527E-01
  5.906311E+00 -9.733682E-02 -9.691080E-02
  5.978958E+00 -9.244329E-02 -9.203834E-02
  6.052499E+00 -8.771876E-02 -8.733420E-02
  6.126945E+00 -8.316190E-02 -8.279706E-02
  6.202307E+00 -7.877112E-02 -7.842533E-02
  6.278595E+00 -7.454463E-02 -7.421721E-02
  6.355822E+00 -7.048041E-02 -7.017070E-02
  6.433998E+00 -6.657623E-02 -6.628357E-02
  6.513136E+00 -6.282967E-02 -6.255340E-02
  6.593248E+00 -5.923810E-02 -5.897758E-02
  6.674345E+00 -5.579874E-02 -5.555332E-02
  6.756439E+00 -5.250861E-02 -5.227766E-02
  6.839544E+00 -4.936461E-02 -4.914750E-02
  6.923670E+00 -4.636347E-02 -4.615960E-02
  7.008831E+00 -4.350181E-02 -4.331056E-02
  7.095040E+00 -4.077610E-02 -4.059690E-02
  7.182309E+00 -3.818276E-02 -3.801502E-02
  7.270651E+00 -3.571807E-02 -3.556124E-02
  7.360080E+00 -3.337826E-02 -3.323179E-02
  7.450609E+00 -3.115949E-02 -3.102286E-02
  7.542252E+00 -2.905788E-02 -2.893056E-02
  7.635021E+00 -2.706950E-02 -2.695099E-02
  7.728932E+00 -2.519039E-02 -2.508021E-02
  7.823998E+00 -2.341660E-02 -2.331428E-02
  7.920233E+00 -2.174416E-02 -2.164925E-02
  8.017652E+00 -2.016911E-02 -2.008118E-02
  8.116269E+00 -1.868754E-02 -1.860617E-02
  8.216099E+00 -1.729553E-02 -1.722033E-02
  8.317157E+00 -1.598924E-02 -1.591981E-02
  8.419458E+00 -1.476485E-02 -1.470083E-02
  8.523018E+00 -1.361861E-02 -1.355965E-02
  8.627851E+00 -1.254684E-02 -1.249261E-02
  8.733973E+00 -1.154592E-02 -1.149610E-02
  8.841401E+00 -1.061234E-02 -1.056663E-02
  8.950150E+00 -9.742631E-03 -9.700745E-03
  9.060237E+00 -8.933451E-03 -8.895118E-03
  9.171678E+00 -8.181535E-03 -8.146498E-03
  9.284490E+00 -7.483720E-03 -7.451737E-03
  9.398689E+00 -6.836945E-03 -6.807788E-03
  9.514293E+00 -6.238252E-03 -6.211706E-03
  9.631319E+00 -5.684790E-03 -5.660654E-03
  9.749784E+00 -5.173815E-03 -5.151900E-03
  9.869706E+00 -4.702693E-03 -4.682820E-03
  9.991104E+00 -4.268896E-03 -4.250900E-03
  1.011399E+01 -3.870007E-03 -3.853734E-03
  1.023840E+01 -3.503718E-03 -3.489023E-03
  1.036433E+01 -3.167827E-03 -3.154576E-03
  1.049181E+01 -2.860239E-03 -2.848307E-03
  1.062086E+01 -2.578965E-03 -2.568237E-03
  1.075150E+01 -2.322117E-03 -2.312485E-03
  1.088374E+01 -2.087911E-03 -2.079275E-03
  1.101761E+01 -1.874657E-03 -1.866926E-03
  1.115313E+01 -1.680766E-03 -1.673855E-03
  1.129031E+01 -1.504738E-03 -1.498570E-03
  1.142918E+01 -1.345165E-03 -1.339669E-03
  1.156976E+01 -1.200728E-03 -1.195838E-03
  1.171207E+01 -1.070188E-03 -1.065844E-03
  1.185613E+01 -9.523906E-04 -9.485375E-04
  1.200196E+01 -8.462557E-04 -8.428437E-04
  1.214958E+01 -7.507790E-04 -7.477624E-04
  1.229902E+01 -6.650262E-04 -6.623636E-04
  1.245030E+01 -5.881304E-04 -5.857842E-04
  1.260344E+01 -5.192885E-04 -5.172245E-04
  1.275846E+01 -4.577578E-04 -4.559452E-04
  1.291539E+01 -4.028529E-04 -4.012637E-04
  1.307425E+01 -3.539424E-04 -3.525515E-04
  1.323506E+01 -3.104454E-04 -3.092303E-04
  1.339785E+01 -2.718292E-04 -2.707695E-04
  1.356264E+01 -2.376053E-04 -2.366828E-04
  1.372947E+01 -2.073273E-04 -2.065257E-04
  1.389834E+01 -1.805877E-04 -1.798924E-04
  1.406929E+01 -1.570152E-04 -1.564133E-04
  1.424234E+01 -1.362725E-04 -1.357524E-04
  1.441752E+01 -1.180533E-04 -1.176047E-04
  1.459486E+01 -1.020802E-04 -1.016941E-04
  1.477437E+01 -8.810267E-05 -8.777096E-05
  1.495610E+01 -7.589458E-05 -7.561017E-05
  1.514006E+01 -6.525243E-05 -6.500907E-05
  1.532628E+01 -5.599338E-05 -5.578556E-05
  1.551479E+01 -4.795352E-05 -4.777642E-05
  1.570563E+01 -4.098621E-05 -4.083560E-05
  1.589880E+01 -3.496052E-05 -3.483271E-05
  1.609436E+01 -2.975982E-05 -2.965159E-05
  1.629232E+01 -2.528041E-05 -2.518896E-05
  1.649272E+01 -2.143031E-05 -2.135321E-05
  1.669558E+01 -1.812810E-05 -1.806323E-05
  1.690093E+01 -1.530186E-05 -1.524741E-05
  1.710881E+01 -1.288821E-05 -1.284261E-05
  1.731925E+01 -1.083145E-05 -1.079335E-05
  1.753228E+01 -9.082676E-06 -9.050914E-06
  1.774793E+01 -7.599112E-06 -7.572697E-06
  1.796622E+01 -6.343392E-06 -6.321476E-06
  1.818721E+01 -5.282965E-06 -5.264826E-06
  1.841091E+01 -4.389541E-06 -4.374565E-06
  1.863737E+01 -3.638590E-06 -3.626256E-06
  1.886661E+01 -3.008895E-06 -2.998763E-06
  1.909867E+01 -2.482150E-06 -2.473847E-06
  1.933358E+01 -2.042598E-06 -2.035812E-06
  1.957138E+01 -1.676716E-06 -1.671185E-06
  1.981211E+01 -1.372918E-06 -1.368421E-06
  2.005580E+01 -1.121307E-06 -1.117661E-06
  2.030249E+01 -9.134528E-07 -9.105039E-07
  2.055221E+01 -7.421902E-07 -7.398121E-07
  2.080500E+01 -6.014478E-07 -5.995354E-07
  2.106090E+01 -4.860940E-07 -4.845604E-07
  2.131995E+01 -3.918030E-07 -3.905768E-07
  2.158218E+01 -3.149388E-07 -3.139611E-07
  2.184764E+01 -2.524531E-07 -2.516759E-07
  2.211637E+01 -2.017979E-07 -2.011818E-07
  2.238840E+01 -1.608491E-07 -1.603623E-07
  2.266378E+01 -1.278415E-07 -1.274580E-07
  2.294254E+01 -1.013120E-07 -1.010108E-07
  2.322474E+01 -8.005164E-08 -7.981584E-08
  2.351040E+01 -6.306434E-08 -6.288032E-08
  2.379958E+01 -4.953200E-08 -4.938885E-08
  2.409231E+01 -3.878468E-08 -3.867369E-08
  2.438865E+01 -3.027544E-08 -3.018966E-08
  2.468863E+01 -2.355918E-08 -2.349311E-08
  2.499230E+01 -1.827479E-08 -1.822408E-08
  2.529971E+01 -1.413026E-08 -1.409147E-08
  2.561089E+01 -1.089022E-08 -1.086065E-08
  2.592591E+01 -8.365541E-09 -8.343080E-09
  2.624479E+01 -6.404790E-09 -6.387790E-09
  2.656761E+01 -4.887102E-09 -4.874283E-09
  2.689439E+01 -3.716341E-09 -3.706709E-09
  2.722519E+01 -2.816300E-09 -2.809091E-09
  2.756006E+01 -2.126783E-09 -2.121407E-09
  2.789905E+01 -1.600403E-09 -1.596410E-09
  2.824220E+01 -1.199994E-09 -1.197039E-09
  2.858958E+01 -8.965041E-10 -8.943270E-10
  2.894124E+01 -6.673139E-10 -6.657160E-10
  2.929721E+01 -4.948720E-10 -4.937040E-10
  2.965757E+01 -3.656121E-10 -3.647618E-10
  3.002236E+01 -2.690872E-10 -2.684708E-10
  3.039163E+01 -1.972830E-10 -1.968381E-10
  3.076545E+01 -1.440755E-10 -1.437558E-10
  3.114386E+01 -1.048029E-10 -1.045741E-10
  3.152693E+01 -7.593078E-11 -7.576784E-11
  3.191471E+01 -5.479017E-11 -5.467464E-11
  3.230727E+01 -3.937366E-11 -3.929212E-11
  3.270465E+01 -2.817768E-11 -2.812041E-11
  3.310691E+01 -2.008070E-11 -2.004066E-11
  3.351413E+01 -1.424965E-11 -1.422179E-11
  3.392635E+01 -1.006834E-11 -1.004906E-11
  3.434365E+01 -7.083005E-12 -7.069723E-12
  3.476607E+01 -4.960887E-12 -4.951786E-12
  3.519369E+01 -3.459072E-12 -3.452868E-12
  3.562658E+01 -2.401013E-12 -2.396806E-12
  3.606478E+01 -1.658974E-12 -1.656137E-12
  3.650838E+01 -1.140960E-12 -1.139057E-12
  3.695743E+01 -7.810192E-13 -7.797506E-13
  3.741201E+01 -5.320943E-13 -5.312533E-13
  3.787218E+01 -3.607659E-13 -3.602117E-13
  3.833801E+01 -2.434145E-13 -2.430514E-13
  3.880956E+01 -1.634276E-13 -1.631912E-13
  3.928692E+01 -1.091781E-13 -1.090252E-13
  3.977015E+01 -7.256889E-14 -7.247062E-14
  4.025932E+01 -4.798910E-14 -4.792637E-14
  4.075451E+01 -3.157072E-14 -3.153095E-14
  4.125579E+01 -2.066086E-14 -2.063582E-14
  4.176324E+01 -1.344949E-14 -1.343385E-14
  4.227693E+01 -8.708196E-15 -8.698498E-15
  4.279693E+01 -5.607725E-15 -5.601759E-15
  4.332334E+01 -3.591302E-15 -3.587663E-15
  4.385621E+01 -2.287147E-15 -2.284946E-15
  4.439564E+01 -1.448382E-15 -1.447064E-15
  4.494171E+01 -9.119869E-16 -9.112045E-16
  4.549449E+01 -5.709258E-16 -5.704663E-16
  4.605408E+01 -3.553244E-16 -3.550575E-16
  4.662054E+01 -2.198334E-16 -2.196802E-16
  4.719397E+01 -1.351923E-16 -1.351055E-16
  4.777446E+01 -8.263826E-17 -8.258963E-17
  4.836209E+01  0.000000E+00 -5.837819E-17
  4.895694E+01  0.000000E+00 -3.792437E-13
  4.955911E+01  0.000000E+00 -2.532572E-13
  5.016869E+01  0.000000E+00 -1.682482E-13
  5.078576E+01  0.000000E+00 -1.111877E-13
  5.141043E+01  0.000000E+00 -7.308898E-14
  5.204277E+01  0.000000E+00 -4.778678E-14
  5.268290E+01  0.000000E+00 -3.107385E-14
  5.333090E+01  0.000000E+00 -2.009485E-14
  5.398687E+01  0.000000E+00 -1.292250E-14
  5.465091E+01  0.000000E+00 -8.263251E-15
  5.532311E+01  0.000000E+00 -5.253722E-15
  5.600359E+01  0.000000E+00 -3.320964E-15
  5.669243E+01  0.000000E+00 -2.086945E-15
  5.738975E+01  0.000000E+00 -1.303696E-15
  5.809564E+01  0.000000E+00 -8.095213E-16
  5.881022E+01  0.000000E+00 -4.996172E-16
  5.953359E+01  0.000000E+00 -3.064597E-16
  6.026585E+01  0.000000E+00 -1.868239E-16
  6.100712E+01  0.000000E+00  0.000000E+00
  6.175751E+01  0.000000E+00  0.000000E+00
  6.251712E+01  0.000000E+00  0.000000E+00
  6.328608E+01  0.000000E+00  0.000000E+00
  6.406450E+01  0.000000E+00  0.000000E+00
  6.485250E+01  0.000000E+00  0.000000E+00
  6.565018E+01  0.000000E+00  0.000000E+00
  6.645768E+01  0.000000E+00  0.000000E+00
  6.727511E+01  0.000000E+00  0.000000E+00
  6.810259E+01  0.000000E+00  0.000000E+00
  6.894026E+01  0.000000E+00  0.000000E+00
  6.978822E+01  0.000000E+00  0.000000E+00
  7.064662E+01  0.000000E+00  0.000000E+00
  7.151557E+01  0.000000E+00  0.000000E+00
  7.239521E+01  0.000000E+00  0.000000E+00
  7.328567E+01  0.000000E+00  0.000000E+00
  7.418709E+01  0.000000E+00  0.000000E+00
  7.509959E+01  0.000000E+00  0.000000E+00
  7.602331E+01  0.000000E+00  0.000000E+00
  7.695840E+01  0.000000E+00  0.000000E+00
  7.790499E+01  0.000000E+00  0.000000E+00
  7.886322E+01  0.000000E+00  0.000000E+00
  7.983324E+01  0.000000E+00  0.000000E+00
