  2.232143E-04  1.375036E-08  4.621832E-06
  2.259598E-04  1.409069E-08  4.715798E-06
  2.287391E-04  1.443946E-08  4.811669E-06
  2.315526E-04  1.479685E-08  4.909484E-06
  2.344007E-04  1.516309E-08  5.009393E-06
  2.372838E-04  1.553840E-08  5.111670E-06
  2.402024E-04  1.592300E-08  5.216306E-06
  2.431569E-04  1.631711E-08  5.323362E-06
  2.461478E-04  1.672098E-08  5.432890E-06
  2.491754E-04  1.713485E-08  5.544942E-06
  2.522402E-04  1.755896E-08  5.659573E-06
  2.553428E-04  1.799356E-08  5.776838E-06
  2.584835E-04  1.843893E-08  5.896793E-06
  2.616628E-04  1.889531E-08  6.019496E-06
  2.648813E-04  1.936300E-08  6.145008E-06
  2.681393E-04  1.984226E-08  6.273387E-06
  2.714375E-04  2.033338E-08  6.404697E-06
  2.747761E-04  2.083666E-08  6.539000E-06
  2.781559E-04  2.135239E-08  6.676363E-06
  2.815772E-04  2.188089E-08  6.816851E-06
  2.850406E-04  2.242247E-08  6.960532E-06
  2.885466E-04  2.297745E-08  7.107477E-06
  2.920957E-04  2.354618E-08  7.257756E-06
  2.956885E-04  2.412897E-08  7.411442E-06
  2.993255E-04  2.472620E-08  7.568610E-06
  3.030072E-04  2.533820E-08  7.729337E-06
  3.067342E-04  2.596536E-08  7.893701E-06
  3.105070E-04  2.660803E-08  8.061781E-06
  3.143262E-04  2.726662E-08  8.233660E-06
  3.181924E-04  2.794150E-08  8.409421E-06
  3.221062E-04  2.863309E-08  8.589150E-06
  3.260681E-04  2.934180E-08  8.772935E-06
  3.300787E-04  3.006804E-08  8.960865E-06
  3.341387E-04  3.081227E-08  9.153033E-06
  3.382486E-04  3.157491E-08  9.349532E-06
  3.424091E-04  3.235643E-08  9.550458E-06
  3.466207E-04  3.315729E-08  9.755910E-06
  3.508841E-04  3.397798E-08  9.965988E-06
  3.552000E-04  3.481898E-08  1.018080E-05
  3.595690E-04  3.568080E-08  1.040044E-05
  3.639917E-04  3.656394E-08  1.062502E-05
  3.684688E-04  3.746895E-08  1.085466E-05
  3.730009E-04  3.839635E-08  1.108947E-05
  3.775889E-04  3.934671E-08  1.132955E-05
  3.822332E-04  4.032060E-08  1.157504E-05
  3.869347E-04  4.131858E-08  1.182604E-05
  3.916940E-04  4.234127E-08  1.208269E-05
  3.965118E-04  4.338927E-08  1.234512E-05
  4.013889E-04  4.446322E-08  1.261344E-05
  4.063260E-04  4.556374E-08  1.288779E-05
  4.113238E-04  4.669150E-08  1.316831E-05
  4.163831E-04  4.784718E-08  1.345514E-05
  4.215046E-04  4.903146E-08  1.374842E-05
  4.266891E-04  5.024505E-08  1.404830E-05
  4.319374E-04  5.148868E-08  1.435492E-05
  4.372502E-04  5.276309E-08  1.466843E-05
  4.426284E-04  5.406905E-08  1.498899E-05
  4.480727E-04  5.540733E-08  1.531677E-05
  4.535840E-04  5.677874E-08  1.565192E-05
  4.591631E-04  5.818408E-08  1.599460E-05
  4.648108E-04  5.962422E-08  1.634500E-05
  4.705280E-04  6.110000E-08  1.670329E-05
  4.763155E-04  6.261230E-08  1.706963E-05
  4.821741E-04  6.416204E-08  1.744423E-05
  4.881049E-04  6.575013E-08  1.782726E-05
  4.941086E-04  6.737754E-08  1.821891E-05
  5.001861E-04  6.904522E-08  1.861938E-05
  5.063384E-04  7.075418E-08  1.902888E-05
  5.125664E-04  7.250544E-08  1.944760E-05
  5.188709E-04  7.430005E-08  1.987576E-05
  5.252530E-04  7.613907E-08  2.031357E-05
  5.317136E-04  7.802361E-08  2.076124E-05
  5.382537E-04  7.995480E-08  2.121902E-05
  5.448742E-04  8.193379E-08  2.168712E-05
  5.515762E-04  8.396176E-08  2.216578E-05
  5.583606E-04  8.603993E-08  2.265524E-05
  5.652284E-04  8.816953E-08  2.315575E-05
  5.721807E-04  9.035184E-08  2.366756E-05
  5.792185E-04  9.258817E-08  2.419092E-05
  5.863429E-04  9.487985E-08  2.472611E-05
  5.935550E-04  9.722826E-08  2.527339E-05
  6.008557E-04  9.963479E-08  2.583304E-05
  6.082462E-04  1.021009E-07  2.640535E-05
  6.157276E-04  1.046280E-07  2.699059E-05
  6.233011E-04  1.072177E-07  2.758907E-05
  6.309677E-04  1.098715E-07  2.820109E-05
  6.387286E-04  1.125910E-07  2.882697E-05
  6.465850E-04  1.153777E-07  2.946701E-05
  6.545379E-04  1.182335E-07  3.012154E-05
  6.625888E-04  1.211599E-07  3.079091E-05
  6.707386E-04  1.241588E-07  3.147543E-05
  6.789887E-04  1.272319E-07  3.217548E-05
  6.873402E-04  1.303811E-07  3.289139E-05
  6.957945E-04  1.336082E-07  3.362354E-05
  7.043528E-04  1.369151E-07  3.437230E-05
  7.130163E-04  1.403040E-07  3.513804E-05
  7.217864E-04  1.437767E-07  3.592117E-05
  7.306644E-04  1.473354E-07  3.672208E-05
  7.396516E-04  1.509821E-07  3.754119E-05
  7.487493E-04  1.547191E-07  3.837890E-05
  7.579589E-04  1.585486E-07  3.923564E-05
  7.672818E-04  1.624729E-07  4.011187E-05
  7.767194E-04  1.664944E-07  4.100802E-05
  7.862730E-04  1.706153E-07  4.192455E-05
  7.959442E-04  1.748383E-07  4.286194E-05
  8.057343E-04  1.791658E-07  4.382066E-05
  8.156448E-04  1.836004E-07  4.480121E-05
  8.256773E-04  1.881448E-07  4.580410E-05
  8.358331E-04  1.928016E-07  4.682983E-05
  8.461138E-04  1.975737E-07  4.787893E-05
  8.565210E-04  2.024639E-07  4.895195E-05
  8.670563E-04  2.074752E-07  5.004944E-05
  8.777210E-04  2.126105E-07  5.117196E-05
  8.885170E-04  2.178729E-07  5.232009E-05
  8.994458E-04  2.232656E-07  5.349442E-05
  9.105090E-04  2.287917E-07  5.469556E-05
  9.217082E-04  2.344546E-07  5.592414E-05
  9.330452E-04  2.402577E-07  5.718077E-05
  9.445217E-04  2.462044E-07  5.846613E-05
  9.561393E-04  2.522983E-07  5.978086E-05
  9.678998E-04  2.585431E-07  6.112565E-05
  9.798050E-04  2.649424E-07  6.250119E-05
  9.918566E-04  2.715001E-07  6.390820E-05
  1.004056E-03  2.782201E-07  6.534742E-05
  1.016406E-03  2.851065E-07  6.681957E-05
  1.028908E-03  2.921633E-07  6.832543E-05
  1.041564E-03  2.993947E-07  6.986578E-05
  1.054375E-03  3.068052E-07  7.144141E-05
  1.067344E-03  3.143991E-07  7.305316E-05
  1.080472E-03  3.221809E-07  7.470184E-05
  1.093762E-03  3.301553E-07  7.638833E-05
  1.107215E-03  3.383272E-07  7.811350E-05
  1.120834E-03  3.467013E-07  7.987824E-05
  1.134620E-03  3.552826E-07  8.168348E-05
  1.148576E-03  3.640764E-07  8.353015E-05
  1.162703E-03  3.730878E-07  8.541922E-05
  1.177005E-03  3.823223E-07  8.735168E-05
  1.191482E-03  3.917854E-07  8.932852E-05
  1.206137E-03  4.014826E-07  9.135078E-05
  1.220973E-03  4.114199E-07  9.341952E-05
  1.235991E-03  4.216032E-07  9.553581E-05
  1.251193E-03  4.320385E-07  9.770076E-05
  1.266583E-03  4.427321E-07  9.991551E-05
  1.282162E-03  4.536904E-07  1.021812E-04
  1.297932E-03  4.649200E-07  1.044990E-04
  1.313897E-03  4.764275E-07  1.068702E-04
  1.330058E-03  4.882198E-07  1.092959E-04
  1.346418E-03  5.003040E-07  1.117776E-04
  1.362979E-03  5.126873E-07  1.143163E-04
  1.379743E-03  5.253771E-07  1.169136E-04
  1.396714E-03  5.383810E-07  1.195706E-04
  1.413894E-03  5.517068E-07  1.222890E-04
  1.431285E-03  5.653624E-07  1.250699E-04
  1.448889E-03  5.793560E-07  1.279150E-04
  1.466711E-03  5.936960E-07  1.308257E-04
  1.484751E-03  6.083909E-07  1.338035E-04
  1.503014E-03  6.234496E-07  1.368501E-04
  1.521501E-03  6.388810E-07  1.399669E-04
  1.540215E-03  6.546943E-07  1.431556E-04
  1.559160E-03  6.708991E-07  1.464179E-04
  1.578338E-03  6.875050E-07  1.497556E-04
  1.597751E-03  7.045218E-07  1.531703E-04
  1.617403E-03  7.219599E-07  1.566638E-04
  1.637297E-03  7.398297E-07  1.602380E-04
  1.657436E-03  7.581417E-07  1.638948E-04
  1.677823E-03  7.769070E-07  1.676361E-04
  1.698460E-03  7.961368E-07  1.714639E-04
  1.719351E-03  8.158425E-07  1.753801E-04
  1.740499E-03  8.360360E-07  1.793868E-04
  1.761907E-03  8.567294E-07  1.834861E-04
  1.783579E-03  8.779349E-07  1.876802E-04
  1.805517E-03  8.996653E-07  1.919713E-04
  1.827724E-03  9.219337E-07  1.963616E-04
  1.850205E-03  9.447532E-07  2.008534E-04
  1.872963E-03  9.681375E-07  2.054492E-04
  1.896000E-03  9.921007E-07  2.101512E-04
  1.919321E-03  1.016657E-06  2.149620E-04
  1.942929E-03  1.041821E-06  2.198842E-04
  1.966827E-03  1.067608E-06  2.249202E-04
  1.991019E-03  1.094033E-06  2.300727E-04
  2.015508E-03  1.121113E-06  2.353445E-04
  2.040299E-03  1.148862E-06  2.407384E-04
  2.065395E-03  1.177299E-06  2.462570E-04
  2.090799E-03  1.206439E-06  2.519034E-04
  2.116516E-03  1.236301E-06  2.576805E-04
  2.142549E-03  1.266902E-06  2.635913E-04
  2.168903E-03  1.298260E-06  2.696390E-04
  2.195580E-03  1.330395E-06  2.758267E-04
  2.222586E-03  1.363325E-06  2.821576E-04
  2.249923E-03  1.397070E-06  2.886352E-04
  2.277598E-03  1.431650E-06  2.952627E-04
  2.305612E-03  1.467086E-06  3.020436E-04
  2.333971E-03  1.503400E-06  3.089816E-04
  2.362679E-03  1.540612E-06  3.160801E-04
  2.391740E-03  1.578746E-06  3.233431E-04
  2.421158E-03  1.617823E-06  3.307742E-04
  2.450938E-03  1.657868E-06  3.383774E-04
  2.481085E-03  1.698903E-06  3.461566E-04
  2.511602E-03  1.740955E-06  3.541159E-04
  2.542495E-03  1.784047E-06  3.622594E-04
  2.573768E-03  1.828207E-06  3.705915E-04
  2.605425E-03  1.873459E-06  3.791165E-04
  2.637472E-03  1.919831E-06  3.878388E-04
  2.669913E-03  1.967352E-06  3.967630E-04
  2.702753E-03  2.016048E-06  4.058938E-04
  2.735997E-03  2.065950E-06  4.152358E-04
  2.769649E-03  2.117087E-06  4.247941E-04
  2.803716E-03  2.169491E-06  4.345735E-04
  2.838202E-03  2.223191E-06  4.445792E-04
  2.873112E-03  2.278220E-06  4.548163E-04
  2.908451E-03  2.334612E-06  4.652903E-04
  2.944225E-03  2.392400E-06  4.760065E-04
  2.980439E-03  2.451618E-06  4.869706E-04
  3.017098E-03  2.512302E-06  4.981881E-04
  3.054208E-03  2.574488E-06  5.096651E-04
  3.091775E-03  2.638213E-06  5.214073E-04
  3.129804E-03  2.703516E-06  5.334209E-04
  3.168301E-03  2.770436E-06  5.457122E-04
  3.207271E-03  2.839012E-06  5.582875E-04
  3.246720E-03  2.909285E-06  5.711533E-04
  3.286655E-03  2.981298E-06  5.843162E-04
  3.327081E-03  3.055094E-06  5.977831E-04
  3.368004E-03  3.130717E-06  6.115609E-04
  3.409430E-03  3.208211E-06  6.256568E-04
  3.451366E-03  3.287624E-06  6.400780E-04
  3.493818E-03  3.369003E-06  6.548319E-04
  3.536792E-03  3.452396E-06  6.699262E-04
  3.580294E-03  3.537854E-06  6.853685E-04
  3.624332E-03  3.625427E-06  7.011670E-04
  3.668911E-03  3.715168E-06  7.173295E-04
  3.714039E-03  3.807131E-06  7.338646E-04
  3.759722E-03  3.901370E-06  7.507806E-04
  3.805966E-03  3.997942E-06  7.680861E-04
  3.852780E-03  4.096905E-06  7.857902E-04
  3.900169E-03  4.198318E-06  8.039017E-04
  3.948141E-03  4.302242E-06  8.224300E-04
  3.996703E-03  4.408738E-06  8.413845E-04
  4.045863E-03  4.517870E-06  8.607749E-04
  4.095627E-03  4.629704E-06  8.806110E-04
  4.146003E-03  4.744307E-06  9.009030E-04
  4.196999E-03  4.861747E-06  9.216611E-04
  4.248622E-03  4.982094E-06  9.428959E-04
  4.300880E-03  5.105421E-06  9.646181E-04
  4.353781E-03  5.231801E-06  9.868387E-04
  4.407332E-03  5.361310E-06  1.009569E-03
  4.461542E-03  5.494025E-06  1.032821E-03
  4.516419E-03  5.630025E-06  1.056605E-03
  4.571971E-03  5.769393E-06  1.080934E-03
  4.628206E-03  5.912211E-06  1.105820E-03
  4.685133E-03  6.058565E-06  1.131276E-03
  4.742761E-03  6.208542E-06  1.157315E-03
  4.801096E-03  6.362233E-06  1.183948E-03
  4.860150E-03  6.519728E-06  1.211191E-03
  4.919930E-03  6.681123E-06  1.239055E-03
  4.980445E-03  6.846514E-06  1.267556E-03
  5.041704E-03  7.016000E-06  1.296708E-03
  5.103717E-03  7.189681E-06  1.326524E-03
  5.166493E-03  7.367664E-06  1.357020E-03
  5.230041E-03  7.550052E-06  1.388211E-03
  5.294370E-03  7.736957E-06  1.420113E-03
  5.359491E-03  7.928490E-06  1.452740E-03
  5.425413E-03  8.124764E-06  1.486109E-03
  5.492146E-03  8.325899E-06  1.520238E-03
  5.559699E-03  8.532014E-06  1.555141E-03
  5.628083E-03  8.743232E-06  1.590837E-03
  5.697309E-03  8.959680E-06  1.627343E-03
  5.767386E-03  9.181488E-06  1.664677E-03
  5.838324E-03  9.408788E-06  1.702856E-03
  5.910136E-03  9.641716E-06  1.741901E-03
  5.982830E-03  9.880412E-06  1.781829E-03
  6.056419E-03  1.012502E-05  1.822660E-03
  6.130913E-03  1.037568E-05  1.864414E-03
  6.206323E-03  1.063255E-05  1.907110E-03
  6.282661E-03  1.089578E-05  1.950771E-03
  6.359938E-03  1.116553E-05  1.995416E-03
  6.438165E-03  1.144196E-05  2.041066E-03
  6.517355E-03  1.172524E-05  2.087745E-03
  6.597518E-03  1.201553E-05  2.135474E-03
  6.678668E-03  1.231301E-05  2.184275E-03
  6.760815E-03  1.261786E-05  2.234173E-03
  6.843973E-03  1.293025E-05  2.285191E-03
  6.928154E-03  1.325039E-05  2.337353E-03
  7.013370E-03  1.357845E-05  2.390683E-03
  7.099635E-03  1.391463E-05  2.445207E-03
  7.186960E-03  1.425915E-05  2.500951E-03
  7.275360E-03  1.461219E-05  2.557940E-03
  7.364847E-03  1.497398E-05  2.616202E-03
  7.455435E-03  1.534473E-05  2.675762E-03
  7.547136E-03  1.572466E-05  2.736650E-03
  7.639966E-03  1.611401E-05  2.798893E-03
  7.733938E-03  1.651299E-05  2.862521E-03
  7.829065E-03  1.692186E-05  2.927562E-03
  7.925363E-03  1.734086E-05  2.994046E-03
  8.022845E-03  1.777024E-05  3.062004E-03
  8.121526E-03  1.821025E-05  3.131468E-03
  8.221420E-03  1.866116E-05  3.202468E-03
  8.322544E-03  1.912324E-05  3.275036E-03
  8.424911E-03  1.959677E-05  3.349207E-03
  8.528538E-03  2.008203E-05  3.425013E-03
  8.633439E-03  2.057932E-05  3.502489E-03
  8.739630E-03  2.108892E-05  3.581669E-03
  8.847127E-03  2.161115E-05  3.662588E-03
  8.955947E-03  2.214631E-05  3.745284E-03
  9.066105E-03  2.269474E-05  3.829791E-03
  9.177618E-03  2.325675E-05  3.916149E-03
  9.290503E-03  2.383269E-05  4.004395E-03
  9.404776E-03  2.442290E-05  4.094567E-03
  9.520455E-03  2.502773E-05  4.186706E-03
  9.637556E-03  2.564756E-05  4.280851E-03
  9.756098E-03  2.628274E-05  4.377043E-03
  9.876098E-03  2.693366E-05  4.475325E-03
  9.997574E-03  2.760071E-05  4.575738E-03
  1.012054E-02  2.828430E-05  4.678325E-03
  1.024503E-02  2.898482E-05  4.783131E-03
  1.037104E-02  2.970271E-05  4.890199E-03
  1.049860E-02  3.043839E-05  4.999576E-03
  1.062774E-02  3.119231E-05  5.111308E-03
  1.075846E-02  3.196491E-05  5.225441E-03
  1.089079E-02  3.275667E-05  5.342024E-03
  1.102474E-02  3.356805E-05  5.461104E-03
  1.116035E-02  3.439954E-05  5.582732E-03
  1.129762E-02  3.525165E-05  5.706958E-03
  1.143658E-02  3.612489E-05  5.833831E-03
  1.157725E-02  3.701977E-05  5.963406E-03
  1.171965E-02  3.793684E-05  6.095733E-03
  1.186380E-02  3.887665E-05  6.230867E-03
  1.200973E-02  3.983976E-05  6.368862E-03
  1.215745E-02  4.082676E-05  6.509774E-03
  1.230699E-02  4.183823E-05  6.653658E-03
  1.245836E-02  4.287479E-05  6.800571E-03
  1.261160E-02  4.393705E-05  6.950572E-03
  1.276672E-02  4.502566E-05  7.103719E-03
  1.292375E-02  4.614127E-05  7.260072E-03
  1.308271E-02  4.728456E-05  7.419691E-03
  1.324363E-02  4.845620E-05  7.582638E-03
  1.340653E-02  4.965691E-05  7.748976E-03
  1.357143E-02  5.088741E-05  7.918766E-03
  1.373836E-02  5.214843E-05  8.092075E-03
  1.390734E-02  5.344075E-05  8.268966E-03
  1.407840E-02  5.476513E-05  8.449506E-03
  1.425156E-02  5.612237E-05  8.633762E-03
  1.442686E-02  5.751330E-05  8.821801E-03
  1.460431E-02  5.893875E-05  9.013692E-03
  1.478394E-02  6.039958E-05  9.209506E-03
  1.496578E-02  6.189667E-05  9.409312E-03
  1.514986E-02  6.343092E-05  9.613181E-03
  1.533621E-02  6.500326E-05  9.821187E-03
  1.552484E-02  6.661463E-05  1.003340E-02
  1.571580E-02  6.826601E-05  1.024990E-02
  1.590910E-02  6.995840E-05  1.047076E-02
  1.610478E-02  7.169282E-05  1.069605E-02
  1.630287E-02  7.347031E-05  1.092586E-02
  1.650340E-02  7.529195E-05  1.116025E-02
  1.670639E-02  7.715883E-05  1.139932E-02
  1.691188E-02  7.907209E-05  1.164313E-02
  1.711989E-02  8.103288E-05  1.189177E-02
  1.733047E-02  8.304239E-05  1.214532E-02
  1.754363E-02  8.510183E-05  1.240385E-02
  1.775942E-02  8.721245E-05  1.266747E-02
  1.797786E-02  8.937553E-05  1.293624E-02
  1.819899E-02  9.159237E-05  1.321025E-02
  1.842284E-02  9.386431E-05  1.348959E-02
  1.864944E-02  9.619274E-05  1.377434E-02
  1.887883E-02  9.857906E-05  1.406460E-02
  1.911103E-02  1.010247E-04  1.436044E-02
  1.934610E-02  1.035312E-04  1.466195E-02
  1.958406E-02  1.061000E-04  1.496923E-02
  1.982494E-02  1.087327E-04  1.528236E-02
  2.006879E-02  1.114309E-04  1.560144E-02
  2.031563E-02  1.141963E-04  1.592655E-02
  2.056552E-02  1.170304E-04  1.625778E-02
  2.081847E-02  1.199351E-04  1.659523E-02
  2.107454E-02  1.229121E-04  1.693899E-02
  2.133376E-02  1.259632E-04  1.728915E-02
  2.159616E-02  1.290902E-04  1.764580E-02
  2.186179E-02  1.322951E-04  1.800904E-02
  2.213069E-02  1.355799E-04  1.837896E-02
  2.240290E-02  1.389464E-04  1.875566E-02
  2.267846E-02  1.423968E-04  1.913922E-02
  2.295740E-02  1.459332E-04  1.952974E-02
  2.323978E-02  1.495577E-04  1.992733E-02
  2.352563E-02  1.532725E-04  2.033206E-02
  2.381499E-02  1.570799E-04  2.074404E-02
  2.410792E-02  1.609823E-04  2.116336E-02
  2.440445E-02  1.649819E-04  2.159011E-02
  2.470462E-02  1.690813E-04  2.202440E-02
  2.500849E-02  1.732830E-04  2.246630E-02
  2.531609E-02  1.775894E-04  2.291592E-02
  2.562748E-02  1.820034E-04  2.337335E-02
  2.594270E-02  1.865275E-04  2.383869E-02
  2.626179E-02  1.911645E-04  2.431202E-02
  2.658481E-02  1.959173E-04  2.479343E-02
  2.691181E-02  2.007888E-04  2.528302E-02
  2.724282E-02  2.057820E-04  2.578088E-02
  2.757791E-02  2.108999E-04  2.628709E-02
  2.791712E-02  2.161457E-04  2.680175E-02
  2.826050E-02  2.215226E-04  2.732494E-02
  2.860810E-02  2.270339E-04  2.785675E-02
  2.895998E-02  2.326831E-04  2.839726E-02
  2.931619E-02  2.384735E-04  2.894656E-02
  2.967678E-02  2.444088E-04  2.950472E-02
  3.004180E-02  2.504926E-04  3.007183E-02
  3.041131E-02  2.567287E-04  3.064797E-02
  3.078537E-02  2.631209E-04  3.123321E-02
  3.116403E-02  2.696732E-04  3.182763E-02
  3.154735E-02  2.763896E-04  3.243130E-02
  3.193538E-02  2.832743E-04  3.304429E-02
  3.232819E-02  2.903316E-04  3.366666E-02
  3.272583E-02  2.975658E-04  3.429849E-02
  3.312835E-02  3.049814E-04  3.493984E-02
  3.353583E-02  3.125830E-04  3.559076E-02
  3.394832E-02  3.203754E-04  3.625131E-02
  3.436589E-02  3.283634E-04  3.692155E-02
  3.478859E-02  3.365520E-04  3.760152E-02
  3.521649E-02  3.449462E-04  3.829127E-02
  3.564965E-02  3.535514E-04  3.899085E-02
  3.608814E-02  3.623728E-04  3.970030E-02
  3.653203E-02  3.714161E-04  4.041964E-02
  3.698137E-02  3.806868E-04  4.114891E-02
  3.743624E-02  3.901908E-04  4.188814E-02
  3.789671E-02  3.999340E-04  4.263735E-02
  3.836284E-02  4.099226E-04  4.339655E-02
  3.883470E-02  4.201628E-04  4.416576E-02
  3.931237E-02  4.306611E-04  4.494498E-02
  3.979591E-02  4.414241E-04  4.573421E-02
  4.028540E-02  4.524585E-04  4.653345E-02
  4.078091E-02  4.637714E-04  4.734269E-02
  4.128251E-02  4.753699E-04  4.816191E-02
  4.179029E-02  4.872614E-04  4.899109E-02
  4.230431E-02  4.994533E-04  4.983020E-02
  4.282465E-02  5.119535E-04  5.067920E-02
  4.335139E-02  5.247698E-04  5.153804E-02
  4.388462E-02  5.379105E-04  5.240668E-02
  4.442440E-02  5.513838E-04  5.328506E-02
  4.497082E-02  5.651985E-04  5.417311E-02
  4.552396E-02  5.793634E-04  5.507075E-02
  4.608390E-02  5.938875E-04  5.597790E-02
  4.665073E-02  6.087801E-04  5.689447E-02
  4.722454E-02  6.240508E-04  5.782036E-02
  4.780540E-02  6.397094E-04  5.875546E-02
  4.839341E-02  6.557661E-04  5.969964E-02
  4.898865E-02  6.722312E-04  6.065277E-02
  4.959121E-02  6.891154E-04  6.161473E-02
  5.020118E-02  7.064295E-04  6.258534E-02
  5.081865E-02  7.241849E-04  6.356446E-02
  5.144372E-02  7.423931E-04  6.455191E-02
  5.207648E-02  7.610659E-04  6.554751E-02
  5.271702E-02  7.802156E-04  6.655106E-02
  5.336544E-02  7.998547E-04  6.756235E-02
  5.402183E-02  8.199960E-04  6.858117E-02
  5.468630E-02  8.406529E-04  6.960727E-02
  5.535894E-02  8.618388E-04  7.064043E-02
  5.603986E-02  8.835678E-04  7.168037E-02
  5.672915E-02  9.058543E-04  7.272682E-02
  5.742692E-02  9.287130E-04  7.377951E-02
  5.813327E-02  9.521591E-04  7.483812E-02
  5.884831E-02  9.762082E-04  7.590235E-02
  5.957214E-02  1.000876E-03  7.697186E-02
  6.030488E-02  1.026180E-03  7.804632E-02
  6.104663E-02  1.052137E-03  7.912536E-02
  6.179750E-02  1.078763E-03  8.020861E-02
  6.255761E-02  1.106078E-03  8.129567E-02
  6.332707E-02  1.134098E-03  8.238615E-02
  6.410600E-02  1.162845E-03  8.347960E-02
  6.489450E-02  1.192336E-03  8.457561E-02
  6.569270E-02  1.222593E-03  8.567370E-02
  6.650072E-02  1.253635E-03  8.677341E-02
  6.731868E-02  1.285484E-03  8.787424E-02
  6.814670E-02  1.318163E-03  8.897568E-02
  6.898490E-02  1.351693E-03  9.007720E-02
  6.983342E-02  1.386098E-03  9.117826E-02
  7.069237E-02  1.421401E-03  9.227830E-02
  7.156189E-02  1.457628E-03  9.337672E-02
  7.244210E-02  1.494803E-03  9.447293E-02
  7.333314E-02  1.532953E-03  9.556631E-02
  7.423513E-02  1.572104E-03  9.665622E-02
  7.514822E-02  1.612284E-03  9.774199E-02
  7.607255E-02  1.653522E-03  9.882295E-02
  7.700824E-02  1.695847E-03  9.989839E-02
  7.795544E-02  1.739289E-03  1.009676E-01
  7.891429E-02  1.783879E-03  1.020298E-01
  7.988494E-02  1.829650E-03  1.030844E-01
  8.086752E-02  1.876634E-03  1.041304E-01
  8.186219E-02  1.924865E-03  1.051671E-01
  8.286910E-02  1.974378E-03  1.061936E-01
  8.388839E-02  2.025210E-03  1.072092E-01
  8.492022E-02  2.077398E-03  1.082130E-01
  8.596474E-02  2.130980E-03  1.092040E-01
  8.702210E-02  2.185996E-03  1.101814E-01
  8.809247E-02  2.242487E-03  1.111443E-01
  8.917601E-02  2.300494E-03  1.120917E-01
  9.027288E-02  2.360062E-03  1.130227E-01
  9.138323E-02  2.421235E-03  1.139362E-01
  9.250725E-02  2.484059E-03  1.148313E-01
  9.364509E-02  2.548582E-03  1.157069E-01
  9.479692E-02  2.614853E-03  1.165621E-01
  9.596292E-02  2.682924E-03  1.173956E-01
  9.714327E-02  2.752845E-03  1.182066E-01
  9.833813E-02  2.824672E-03  1.189937E-01
  9.954769E-02  2.898460E-03  1.197560E-01
  1.007721E-01  2.974267E-03  1.204923E-01
  1.020116E-01  3.052153E-03  1.212015E-01
  1.032664E-01  3.132178E-03  1.218822E-01
  1.045365E-01  3.214406E-03  1.225335E-01
  1.058223E-01  3.298903E-03  1.231541E-01
  1.071240E-01  3.385737E-03  1.237426E-01
  1.084416E-01  3.474976E-03  1.242980E-01
  1.097754E-01  3.566695E-03  1.248190E-01
  1.111256E-01  3.660966E-03  1.253043E-01
  1.124925E-01  3.757868E-03  1.257526E-01
  1.138762E-01  3.857480E-03  1.261627E-01
  1.152768E-01  3.959884E-03  1.265332E-01
  1.166947E-01  4.065165E-03  1.268629E-01
  1.181301E-01  4.173412E-03  1.271504E-01
  1.195831E-01  4.284716E-03  1.273944E-01
  1.210539E-01  4.399170E-03  1.275937E-01
  1.225429E-01  4.516872E-03  1.277468E-01
  1.240502E-01  4.637922E-03  1.278525E-01
  1.255760E-01  4.762426E-03  1.279094E-01
  1.271206E-01  4.890489E-03  1.279162E-01
  1.286842E-01  5.022224E-03  1.278715E-01
  1.302670E-01  5.157746E-03  1.277740E-01
  1.318693E-01  5.297174E-03  1.276225E-01
  1.334913E-01  5.440632E-03  1.274155E-01
  1.351332E-01  5.588246E-03  1.271518E-01
  1.367953E-01  5.740150E-03  1.268301E-01
  1.384779E-01  5.896480E-03  1.264491E-01
  1.401812E-01  6.057377E-03  1.260074E-01
  1.419054E-01  6.222988E-03  1.255039E-01
  1.436509E-01  6.393465E-03  1.249373E-01
  1.454178E-01  6.568964E-03  1.243064E-01
  1.472064E-01  6.749648E-03  1.236099E-01
  1.490171E-01  6.935685E-03  1.228466E-01
  1.508500E-01  7.127250E-03  1.220155E-01
  1.527054E-01  7.324523E-03  1.211153E-01
  1.545837E-01  7.527691E-03  1.201450E-01
  1.564851E-01  7.736947E-03  1.191035E-01
  1.584098E-01  7.952491E-03  1.179897E-01
  1.603583E-01  8.174531E-03  1.168026E-01
  1.623307E-01  8.403282E-03  1.155413E-01
  1.643274E-01  8.638965E-03  1.142048E-01
  1.663486E-01  8.881812E-03  1.127922E-01
  1.683947E-01  9.132061E-03  1.113027E-01
  1.704659E-01  9.389958E-03  1.097355E-01
  1.725627E-01  9.655759E-03  1.080898E-01
  1.746852E-01  9.929730E-03  1.063650E-01
  1.768338E-01  1.021214E-02  1.045604E-01
  1.790089E-01  1.050328E-02  1.026754E-01
  1.812107E-01  1.080344E-02  1.007094E-01
  1.834396E-01  1.111293E-02  9.866210E-02
  1.856959E-01  1.143205E-02  9.653298E-02
  1.879799E-01  1.176114E-02  9.432174E-02
  1.902921E-01  1.210053E-02  9.202810E-02
  1.926327E-01  1.245058E-02  8.965186E-02
  1.950021E-01  1.281163E-02  8.719292E-02
  1.974006E-01  1.318406E-02  8.465122E-02
  1.998286E-01  1.356827E-02  8.202680E-02
  2.022865E-01  1.396464E-02  7.931976E-02
  2.047746E-01  1.437360E-02  7.653031E-02
  2.072934E-01  1.479555E-02  7.365874E-02
  2.098431E-01  1.523096E-02  7.070540E-02
  2.124241E-01  1.568026E-02  6.767077E-02
  2.150370E-01  1.614394E-02  6.455540E-02
  2.176819E-01  1.662247E-02  6.135994E-02
  2.203594E-01  1.711635E-02  5.808513E-02
  2.230698E-01  1.762609E-02  5.473182E-02
  2.258136E-01  1.815224E-02  5.130095E-02
  2.285911E-01  1.869533E-02  4.779356E-02
  2.314028E-01  1.925593E-02  4.421081E-02
  2.342490E-01  1.983462E-02  4.055395E-02
  2.371303E-01  2.043200E-02  3.682434E-02
  2.400470E-01  2.104867E-02  3.302346E-02
  2.429995E-01  2.168527E-02  2.915288E-02
  2.459884E-01  2.234245E-02  2.521429E-02
  2.490141E-01  2.302087E-02  2.120949E-02
  2.520770E-01  2.372121E-02  1.714040E-02
  2.551775E-01  2.444417E-02  1.300904E-02
  2.583162E-01  2.519045E-02  8.817551E-03
  2.614935E-01  2.596080E-02  4.568186E-03
  2.647099E-01  2.675594E-02  2.633114E-04
  2.679658E-01  2.757665E-02 -4.094593E-03
  2.712618E-01  2.842369E-02 -8.502932E-03
  2.745983E-01  2.929785E-02 -1.295900E-02
  2.779759E-01  3.019992E-02 -1.745998E-02
  2.813950E-01  3.113072E-02 -2.200293E-02
  2.848561E-01  3.209106E-02 -2.658481E-02
  2.883598E-01  3.308177E-02 -3.120248E-02
  2.919067E-01  3.410368E-02 -3.585267E-02
  2.954971E-01  3.515762E-02 -4.053201E-02
  2.991317E-01  3.624444E-02 -4.523704E-02
  3.028111E-01  3.736496E-02 -4.996417E-02
  3.065356E-01  3.852002E-02 -5.470973E-02
  3.103060E-01  3.971045E-02 -5.946995E-02
  3.141228E-01  4.093707E-02 -6.424096E-02
  3.179865E-01  4.220067E-02 -6.901881E-02
  3.218977E-01  4.350203E-02 -7.379944E-02
  3.258571E-01  4.484193E-02 -7.857873E-02
  3.298651E-01  4.622109E-02 -8.335245E-02
  3.339225E-01  4.764021E-02 -8.811633E-02
  3.380297E-01  4.909995E-02 -9.286601E-02
  3.421875E-01  5.060092E-02 -9.759704E-02
  3.463964E-01  5.214369E-02 -1.023049E-01
  3.506570E-01  5.372874E-02 -1.069852E-01
  3.549701E-01  5.535653E-02 -1.116331E-01
  3.593363E-01  5.702738E-02 -1.162441E-01
  3.637561E-01  5.874159E-02 -1.208134E-01
  3.682303E-01  6.049930E-02 -1.253363E-01
  3.727595E-01  6.230060E-02 -1.298080E-01
  3.773445E-01  6.414542E-02 -1.342237E-01
  3.819858E-01  6.603358E-02 -1.385784E-01
  3.866842E-01  6.796475E-02 -1.428673E-01
  3.914404E-01  6.993847E-02 -1.470855E-01
  3.962552E-01  7.195407E-02 -1.512279E-01
  4.011291E-01  7.401074E-02 -1.552895E-01
  4.060630E-01  7.610744E-02 -1.592655E-01
  4.110576E-01  7.824294E-02 -1.631506E-01
  4.161136E-01  8.041579E-02 -1.669399E-01
  4.212318E-01  8.262428E-02 -1.706283E-01
  4.264129E-01  8.486646E-02 -1.742108E-01
  4.316578E-01  8.714010E-02 -1.776824E-01
  4.369672E-01  8.944267E-02 -1.810381E-01
  4.423419E-01  9.177138E-02 -1.842729E-01
  4.477827E-01  9.412307E-02 -1.873819E-01
  4.532904E-01  9.649428E-02 -1.903604E-01
  4.588659E-01  9.888120E-02 -1.932035E-01
  4.645099E-01  1.012797E-01 -1.959066E-01
  4.702234E-01  1.036851E-01 -1.984651E-01
  4.760072E-01  1.060926E-01 -2.008746E-01
  4.818621E-01  1.084969E-01 -2.031306E-01
  4.877890E-01  1.108922E-01 -2.052288E-01
  4.937888E-01  1.132724E-01 -2.071652E-01
  4.998624E-01  1.156310E-01 -2.089357E-01
  5.060107E-01  1.179611E-01 -2.105365E-01
  5.122346E-01  1.202553E-01 -2.119637E-01
  5.185351E-01  1.225060E-01 -2.132138E-01
  5.249131E-01  1.247049E-01 -2.142833E-01
  5.313695E-01  1.268438E-01 -2.151690E-01
  5.379053E-01  1.289136E-01 -2.158676E-01
  5.445216E-01  1.309054E-01 -2.163763E-01
  5.512192E-01  1.328096E-01 -2.166922E-01
  5.579992E-01  1.346165E-01 -2.168128E-01
  5.648626E-01  1.363162E-01 -2.167355E-01
  5.718104E-01  1.378987E-01 -2.164581E-01
  5.788437E-01  1.393535E-01 -2.159786E-01
  5.859634E-01  1.406705E-01 -2.152951E-01
  5.931708E-01  1.418392E-01 -2.144060E-01
  6.004668E-01  1.428492E-01 -2.133097E-01
  6.078525E-01  1.436902E-01 -2.120051E-01
  6.153291E-01  1.443520E-01 -2.104911E-01
  6.228977E-01  1.448244E-01 -2.087667E-01
  6.305593E-01  1.450977E-01 -2.068314E-01
  6.383152E-01  1.451622E-01 -2.046848E-01
  6.461665E-01  1.450087E-01 -2.023266E-01
  6.541143E-01  1.446283E-01 -1.997568E-01
  6.621599E-01  1.440126E-01 -1.969757E-01
  6.703045E-01  1.431539E-01 -1.939835E-01
  6.785492E-01  1.420449E-01 -1.907809E-01
  6.868954E-01  1.406792E-01 -1.873688E-01
  6.953442E-01  1.390513E-01 -1.837480E-01
  7.038969E-01  1.371566E-01 -1.799200E-01
  7.125549E-01  1.349912E-01 -1.758860E-01
  7.213193E-01  1.325527E-01 -1.716476E-01
  7.301915E-01  1.298394E-01 -1.672068E-01
  7.391729E-01  1.268510E-01 -1.625653E-01
  7.482647E-01  1.235882E-01 -1.577255E-01
  7.574683E-01  1.200529E-01 -1.526897E-01
  7.667852E-01  1.162483E-01 -1.474603E-01
  7.762167E-01  1.121786E-01 -1.420401E-01
  7.857641E-01  1.078490E-01 -1.364319E-01
  7.954290E-01  1.032660E-01 -1.306389E-01
  8.052128E-01  9.843687E-02 -1.246640E-01
  8.151169E-01  9.336986E-02 -1.185108E-01
  8.251429E-01  8.807405E-02 -1.121826E-01
  8.352921E-01  8.255919E-02 -1.056832E-01
  8.455662E-01  7.683562E-02 -9.901623E-02
  8.559667E-01  7.091411E-02 -9.218564E-02
  8.664951E-01  6.480575E-02 -8.519546E-02
  8.771530E-01  5.852178E-02 -7.804984E-02
  8.879419E-01  5.207344E-02 -7.075305E-02
  8.988636E-01  4.547183E-02 -6.330948E-02
  9.099196E-01  3.872771E-02 -5.572362E-02
  9.211117E-01  3.185140E-02 -4.800005E-02
  9.324413E-01  2.485259E-02 -4.014347E-02
  9.439104E-01  1.774017E-02 -3.215865E-02
  9.555205E-01  1.052217E-02 -2.405045E-02
  9.672734E-01  3.205564E-03 -1.582383E-02
  9.791708E-01 -4.203816E-03 -7.483808E-03
  9.912146E-01 -1.170136E-02  9.645343E-04
  1.003407E+00 -1.928377E-02  9.516038E-03
  1.015748E+00 -2.694909E-02  1.816549E-02
  1.028242E+00 -3.469679E-02  2.690761E-02
  1.040890E+00 -4.252770E-02  3.573710E-02
  1.053692E+00 -5.044402E-02  4.464858E-02
  1.066653E+00 -5.844929E-02  5.363665E-02
  1.079773E+00 -6.654826E-02  6.269587E-02
  1.093054E+00 -7.474683E-02  7.182078E-02
  1.106499E+00 -8.305190E-02  8.100588E-02
  1.120108E+00 -9.147116E-02  9.024566E-02
  1.133886E+00 -1.000130E-01  9.953458E-02
  1.147833E+00 -1.086860E-01  1.088671E-01
  1.161951E+00 -1.174992E-01  1.182377E-01
  1.176243E+00 -1.264611E-01  1.276407E-01
  1.190711E+00 -1.355801E-01  1.370707E-01
  1.205356E+00 -1.448634E-01  1.465220E-01
  1.220182E+00 -1.543174E-01  1.559892E-01
  1.235191E+00 -1.639466E-01  1.654667E-01
  1.250383E+00 -1.737539E-01  1.749490E-01
  1.265763E+00 -1.837394E-01  1.844305E-01
  1.281332E+00 -1.939008E-01  1.939057E-01
  1.297092E+00 -2.042326E-01  2.033693E-01
  1.313047E+00 -2.147256E-01  2.128157E-01
  1.329197E+00 -2.253670E-01  2.222396E-01
  1.345546E+00 -2.361397E-01  2.316356E-01
  1.362096E+00 -2.470223E-01  2.409983E-01
  1.378850E+00 -2.579889E-01  2.503224E-01
  1.395810E+00 -2.690092E-01  2.596027E-01
  1.412979E+00 -2.800488E-01  2.688339E-01
  1.430358E+00 -2.910693E-01  2.780107E-01
  1.447952E+00 -3.020288E-01  2.871282E-01
  1.465761E+00 -3.128828E-01  2.961810E-01
  1.483790E+00 -3.235849E-01  3.051643E-01
  1.502041E+00 -3.340883E-01  3.140730E-01
  1.520516E+00 -3.443463E-01  3.229021E-01
  1.539218E+00 -3.543141E-01  3.316466E-01
  1.558151E+00 -3.639503E-01  3.403018E-01
  1.577316E+00 -3.732179E-01  3.488628E-01
  1.596717E+00 -3.820863E-01  3.573249E-01
  1.616357E+00 -3.905320E-01  3.656833E-01
  1.636238E+00 -3.985403E-01  3.739333E-01
  1.656363E+00 -4.061058E-01  3.820703E-01
  1.676737E+00 -4.132332E-01  3.900898E-01
  1.697361E+00 -4.199376E-01  3.979872E-01
  1.718238E+00 -4.262439E-01  4.057579E-01
  1.739372E+00 -4.321867E-01  4.133976E-01
  1.760767E+00 -4.378089E-01  4.209018E-01
  1.782424E+00 -4.431602E-01  4.282662E-01
  1.804348E+00 -4.482950E-01  4.354863E-01
  1.826541E+00 -4.532704E-01  4.425579E-01
  1.849008E+00 -4.581435E-01  4.494767E-01
  1.871751E+00 -4.629682E-01  4.562385E-01
  1.894773E+00 -4.677925E-01  4.628390E-01
  1.918079E+00 -4.726557E-01  4.692741E-01
  1.941671E+00 -4.775856E-01  4.755397E-01
  1.965554E+00 -4.825963E-01  4.816316E-01
  1.989730E+00 -4.876872E-01  4.875459E-01
  2.014204E+00 -4.928419E-01  4.932786E-01
  2.038979E+00 -4.980302E-01  4.988257E-01
  2.064058E+00 -5.032101E-01  5.041834E-01
  2.089446E+00 -5.083325E-01  5.093479E-01
  2.115146E+00 -5.133469E-01  5.143155E-01
  2.141162E+00 -5.182080E-01  5.190826E-01
  2.167499E+00 -5.228820E-01  5.236456E-01
  2.194159E+00 -5.273497E-01  5.280011E-01
  2.221147E+00 -5.316038E-01  5.321458E-01
  2.248467E+00 -5.356418E-01  5.360765E-01
  2.276123E+00 -5.394599E-01  5.397901E-01
  2.304120E+00 -5.430552E-01  5.432837E-01
  2.332460E+00 -5.464249E-01  5.465545E-01
  2.361150E+00 -5.495661E-01  5.495998E-01
  2.390192E+00 -5.524766E-01  5.524173E-01
  2.419591E+00 -5.551539E-01  5.550045E-01
  2.449352E+00 -5.575959E-01  5.573594E-01
  2.479479E+00 -5.598007E-01  5.594800E-01
  2.509977E+00 -5.617667E-01  5.613647E-01
  2.540849E+00 -5.634923E-01  5.630120E-01
  2.572102E+00 -5.649763E-01  5.644204E-01
  2.603739E+00 -5.662176E-01  5.655891E-01
  2.635765E+00 -5.672155E-01  5.665171E-01
  2.668185E+00 -5.679695E-01  5.672039E-01
  2.701003E+00 -5.684791E-01  5.676491E-01
  2.734226E+00 -5.687445E-01  5.678527E-01
  2.767857E+00 -5.687659E-01  5.678149E-01
  2.801901E+00 -5.685437E-01  5.675361E-01
  2.836365E+00 -5.680787E-01  5.670171E-01
  2.871252E+00 -5.673721E-01  5.662589E-01
  2.906568E+00 -5.664251E-01  5.652627E-01
  2.942319E+00 -5.652393E-01  5.640302E-01
  2.978510E+00 -5.638168E-01  5.625633E-01
  3.015145E+00 -5.621595E-01  5.608640E-01
  3.052232E+00 -5.602701E-01  5.589347E-01
  3.089774E+00 -5.581512E-01  5.567783E-01
  3.127778E+00 -5.558058E-01  5.543976E-01
  3.166250E+00 -5.532372E-01  5.517958E-01
  3.205195E+00 -5.504488E-01  5.489765E-01
  3.244619E+00 -5.474445E-01  5.459432E-01
  3.284528E+00 -5.442281E-01  5.427000E-01
  3.324927E+00 -5.408038E-01  5.392510E-01
  3.365824E+00 -5.371761E-01  5.356006E-01
  3.407224E+00 -5.333494E-01  5.317531E-01
  3.449132E+00 -5.293285E-01  5.277135E-01
  3.491557E+00 -5.251182E-01  5.234863E-01
  3.534503E+00 -5.207236E-01  5.190767E-01
  3.577977E+00 -5.161497E-01  5.144897E-01
  3.621986E+00 -5.114019E-01  5.097305E-01
  3.666537E+00 -5.064852E-01  5.048042E-01
  3.711635E+00 -5.014052E-01  4.997163E-01
  3.757288E+00 -4.961671E-01  4.944721E-01
  3.803503E+00 -4.907765E-01  4.890769E-01
  3.850286E+00 -4.852388E-01  4.835362E-01
  3.897645E+00 -4.795594E-01  4.778554E-01
  3.945586E+00 -4.737438E-01  4.720400E-01
  3.994116E+00 -4.677975E-01  4.660952E-01
  4.043244E+00 -4.617259E-01  4.600266E-01
  4.092976E+00 -4.555345E-01  4.538395E-01
  4.143319E+00 -4.492286E-01  4.475393E-01
  4.194282E+00 -4.428137E-01  4.411314E-01
  4.245872E+00 -4.362951E-01  4.346209E-01
  4.298096E+00 -4.296783E-01  4.280134E-01
  4.350963E+00 -4.229685E-01  4.213141E-01
  4.404480E+00 -4.161711E-01  4.145283E-01
  4.458655E+00 -4.092915E-01  4.076614E-01
  4.513496E+00 -4.023350E-01  4.007185E-01
  4.569012E+00 -3.953070E-01  3.937053E-01
  4.625211E+00 -3.882130E-01  3.866269E-01
  4.682101E+00 -3.810584E-01  3.794888E-01
  4.739691E+00 -3.738488E-01  3.722965E-01
  4.797989E+00 -3.665895E-01  3.650555E-01
  4.857004E+00 -3.592864E-01  3.577714E-01
  4.916745E+00 -3.519451E-01  3.504498E-01
  4.977221E+00 -3.445712E-01  3.430965E-01
  5.038441E+00 -3.371707E-01  3.357172E-01
  5.100414E+00 -3.297495E-01  3.283178E-01
  5.163149E+00 -3.223134E-01  3.209042E-01
  5.226656E+00 -3.148685E-01  3.134825E-01
  5.290944E+00 -3.074209E-01  3.060585E-01
  5.356022E+00 -2.999768E-01  2.986386E-01
  5.421901E+00 -2.925422E-01  2.912287E-01
  5.488591E+00 -2.851234E-01  2.838350E-01
  5.556101E+00 -2.777266E-01  2.764638E-01
  5.624441E+00 -2.703580E-01  2.691212E-01
  5.693621E+00 -2.630238E-01  2.618133E-01
  5.763653E+00 -2.557302E-01  2.545463E-01
  5.834546E+00 -2.484832E-01  2.473262E-01
  5.906311E+00 -2.412889E-01  2.401590E-01
  5.978958E+00 -2.341532E-01  2.330506E-01
  6.052499E+00 -2.270819E-01  2.260068E-01
  6.126945E+00 -2.200808E-01  2.190333E-01
  6.202307E+00 -2.131554E-01  2.121355E-01
  6.278595E+00 -2.063110E-01  2.053187E-01
  6.355822E+00 -1.995528E-01  1.985883E-01
  6.433998E+00 -1.928859E-01  1.919490E-01
  6.513136E+00 -1.863150E-01  1.854056E-01
  6.593248E+00 -1.798446E-01  1.789626E-01
  6.674345E+00 -1.734791E-01  1.726244E-01
  6.756439E+00 -1.672225E-01  1.663948E-01
  6.839544E+00 -1.610785E-01  1.602778E-01
  6.923670E+00 -1.550508E-01  1.542767E-01
  7.008831E+00 -1.491426E-01  1.483948E-01
  7.095040E+00 -1.433568E-01  1.426350E-01
  7.182309E+00 -1.376961E-01  1.369999E-01
  7.270651E+00 -1.321629E-01  1.314920E-01
  7.360080E+00 -1.267593E-01  1.261133E-01
  7.450609E+00 -1.214872E-01  1.208656E-01
  7.542252E+00 -1.163480E-01  1.157504E-01
  7.635021E+00 -1.113430E-01  1.107691E-01
  7.728932E+00 -1.064733E-01  1.059224E-01
  7.823998E+00 -1.017395E-01  1.012111E-01
  7.920233E+00 -9.714197E-02  9.663573E-02
  8.017652E+00 -9.268102E-02  9.219634E-02
  8.116269E+00 -8.835654E-02  8.789287E-02
  8.216099E+00 -8.416820E-02  8.372500E-02
  8.317157E+00 -8.011546E-02  7.969218E-02
  8.419458E+00 -7.619755E-02  7.579364E-02
  8.523018E+00 -7.241348E-02  7.202837E-02
  8.627851E+00 -6.876206E-02  6.839518E-02
  8.733973E+00 -6.524190E-02  6.489268E-02
  8.841401E+00 -6.185143E-02  6.151931E-02
  8.950150E+00 -5.858892E-02  5.827332E-02
  9.060237E+00 -5.545245E-02  5.515282E-02
  9.171678E+00 -5.243999E-02  5.215576E-02
  9.284490E+00 -4.954934E-02  4.927995E-02
  9.398689E+00 -4.677818E-02  4.652308E-02
  9.514293E+00 -4.412409E-02  4.388274E-02
  9.631319E+00 -4.158454E-02  4.135639E-02
  9.749784E+00 -3.915689E-02  3.894142E-02
  9.869706E+00 -3.683844E-02  3.663511E-02
  9.991104E+00 -3.462640E-02  3.443471E-02
  1.011399E+01 -3.251793E-02  3.233738E-02
  1.023840E+01 -3.051013E-02  3.034023E-02
  1.036433E+01 -2.860007E-02  2.844034E-02
  1.049181E+01 -2.678478E-02  2.663474E-02
  1.062086E+01 -2.506126E-02  2.492046E-02
  1.075150E+01 -2.342650E-02  2.329450E-02
  1.088374E+01 -2.187750E-02  2.175386E-02
  1.101761E+01 -2.041122E-02  2.029553E-02
  1.115313E+01 -1.902468E-02  1.891653E-02
  1.129031E+01 -1.771487E-02  1.761387E-02
  1.142918E+01 -1.647884E-02  1.638461E-02
  1.156976E+01 -1.531364E-02  1.522581E-02
  1.171207E+01 -1.421637E-02  1.413459E-02
  1.185613E+01 -1.318416E-02  1.310809E-02
  1.200196E+01 -1.221420E-02  1.214351E-02
  1.214958E+01 -1.130371E-02  1.123810E-02
  1.229902E+01 -1.044999E-02  1.038914E-02
  1.245030E+01 -9.650363E-03  9.594005E-03
  1.260344E+01 -8.902245E-03  8.850097E-03
  1.275846E+01 -8.203099E-03  8.154900E-03
  1.291539E+01 -7.550461E-03  7.505959E-03
  1.307425E+01 -6.941933E-03  6.900891E-03
  1.323506E+01 -6.375190E-03  6.337381E-03
  1.339785E+01 -5.847979E-03  5.813187E-03
  1.356264E+01 -5.358122E-03  5.326143E-03
  1.372947E+01 -4.903514E-03  4.874156E-03
  1.389834E+01 -4.482128E-03  4.455207E-03
  1.406929E+01 -4.092012E-03  4.067355E-03
  1.424234E+01 -3.731291E-03  3.708735E-03
  1.441752E+01 -3.398166E-03  3.377556E-03
  1.459486E+01 -3.090912E-03  3.072104E-03
  1.477437E+01 -2.807882E-03  2.790740E-03
  1.495610E+01 -2.547502E-03  2.531898E-03
  1.514006E+01 -2.308272E-03  2.294085E-03
  1.532628E+01 -2.088763E-03  2.075882E-03
  1.551479E+01 -1.887619E-03  1.875939E-03
  1.570563E+01 -1.703551E-03  1.692974E-03
  1.589880E+01 -1.535341E-03  1.525775E-03
  1.609436E+01 -1.381833E-03  1.373194E-03
  1.629232E+01 -1.241940E-03  1.234148E-03
  1.649272E+01 -1.114634E-03  1.107616E-03
  1.669558E+01 -9.989472E-04  9.926352E-04
  1.690093E+01 -8.939727E-04  8.883038E-04
  1.710881E+01 -7.988578E-04  7.937737E-04
  1.731925E+01 -7.128043E-04  7.082514E-04
  1.753228E+01 -6.350659E-04  6.309946E-04
  1.774793E+01 -5.649458E-04  5.613107E-04
  1.796622E+01 -5.017946E-04  4.985539E-04
  1.818721E+01 -4.450084E-04  4.421236E-04
  1.841091E+01 -3.940261E-04  3.914621E-04
  1.863737E+01 -3.483274E-04  3.460521E-04
  1.886661E+01 -3.074309E-04  3.054151E-04
  1.909867E+01 -2.708916E-04  2.691085E-04
  1.933358E+01 -2.382996E-04  2.367249E-04
  1.957138E+01 -2.092774E-04  2.078890E-04
  1.981211E+01 -1.834778E-04  1.822558E-04
  2.005580E+01 -1.605823E-04  1.595086E-04
  2.030249E+01 -1.402994E-04  1.393575E-04
  2.055221E+01 -1.223625E-04  1.215377E-04
  2.080500E+01 -1.065284E-04  1.058074E-04
  2.106090E+01 -9.257580E-05  9.194668E-05
  2.131995E+01 -8.030359E-05  7.975562E-05
  2.158218E+01 -6.952930E-05  6.905287E-05
  2.184764E+01 -6.008778E-05  5.967432E-05
  2.211637E+01 -5.182981E-05  5.147167E-05
  2.238840E+01 -4.462087E-05  4.431123E-05
  2.266378E+01 -3.833991E-05  3.807271E-05
  2.294254E+01 -3.287820E-05  3.264808E-05
  2.322474E+01 -2.813834E-05  2.794053E-05
  2.351040E+01 -2.403319E-05  2.386350E-05
  2.379958E+01 -2.048501E-05  2.033973E-05
  2.409231E+01 -1.742454E-05  1.730043E-05
  2.438865E+01 -1.479027E-05  1.468445E-05
  2.468863E+01 -1.252764E-05  1.243760E-05
  2.499230E+01 -1.058836E-05  1.051191E-05
  2.529971E+01 -8.929835E-06  8.865067E-06
  2.561089E+01 -7.514524E-06  7.459771E-06
  2.592591E+01 -6.309443E-06  6.263257E-06
  2.624479E+01 -5.285670E-06  5.246798E-06
  2.656761E+01 -4.417904E-06  4.385261E-06
  2.689439E+01 -3.684067E-06  3.656718E-06
  2.722519E+01 -3.064935E-06  3.042073E-06
  2.756006E+01 -2.543812E-06  2.524746E-06
  2.789905E+01 -2.106229E-06  2.090367E-06
  2.824220E+01 -1.739685E-06  1.726519E-06
  2.858958E+01 -1.433397E-06  1.422496E-06
  2.894124E+01 -1.178095E-06  1.169092E-06
  2.929721E+01 -9.658252E-07  9.584074E-07
  2.965757E+01 -7.897826E-07  7.836865E-07
  3.002236E+01 -6.441599E-07  6.391628E-07
  3.039163E+01 -5.240142E-07  5.199285E-07
  3.076545E+01 -4.251493E-07  4.218175E-07
  3.114386E+01 -3.440128E-07  3.413031E-07
  3.152693E+01 -2.776057E-07  2.754077E-07
  3.191471E+01 -2.234024E-07  2.216244E-07
  3.230727E+01 -1.792826E-07  1.778483E-07
  3.270465E+01 -1.434712E-07  1.423173E-07
  3.310691E+01 -1.144859E-07  1.135603E-07
  3.351413E+01 -9.109302E-08  9.035260E-08
  3.392635E+01 -7.226835E-08  7.167778E-08
  3.434365E+01 -5.716437E-08  5.669471E-08
  3.476607E+01 -4.508179E-08  4.470939E-08
  3.519369E+01 -3.544534E-08  3.515094E-08
  3.562658E+01 -2.778326E-08  2.755123E-08
  3.606478E+01 -2.170985E-08  2.152753E-08
  3.650838E+01 -1.691076E-08  1.676795E-08
  3.695743E+01 -1.313062E-08  1.301911E-08
  3.741201E+01 -1.016263E-08  1.007584E-08
  3.787218E+01 -7.839864E-09  7.772531E-09
  3.833801E+01 -6.028021E-09  5.975953E-09
  3.880956E+01 -4.619416E-09  4.579286E-09
  3.928692E+01 -3.527992E-09  3.497166E-09
  3.977015E+01 -2.685208E-09  2.661610E-09
  4.025932E+01 -2.036666E-09  2.018662E-09
  4.075451E+01 -1.539340E-09  1.525652E-09
  4.125579E+01 -1.159320E-09  1.148950E-09
  4.176324E+01 -8.699750E-10  8.621472E-10
  4.227693E+01 -6.504678E-10  6.445799E-10
  4.279693E+01 -4.845523E-10  4.801398E-10
  4.332334E+01 -3.596099E-10  3.563153E-10
  4.385621E+01 -2.658756E-10  2.634249E-10
  4.439564E+01 -1.958218E-10  1.940058E-10
  4.494171E+01 -1.436675E-10  1.423269E-10
  4.549449E+01 -1.049906E-10  1.040048E-10
  4.605408E+01 -7.642143E-11  7.569943E-11
  4.662054E+01 -5.540280E-11  5.487610E-11
  4.719397E+01 -4.000170E-11  3.961901E-11
  4.777446E+01 -2.876294E-11  2.848603E-11
  4.836209E+01 -2.059559E-11  2.039604E-11
  4.895694E+01 -1.468516E-11  1.454197E-11
  4.955911E+01 -1.042615E-11  1.032383E-11
  5.016869E+01 -7.370337E-12  7.297536E-12
  5.078576E+01 -5.187345E-12  5.135773E-12
  5.141043E+01 -3.634745E-12  3.598371E-12
  5.204277E+01 -2.535419E-12  2.509879E-12
  5.268290E+01 -1.760550E-12  1.742699E-12
  5.333090E+01 -1.216874E-12  1.204453E-12
  5.398687E+01 -8.371751E-13  8.285725E-13
  5.465091E+01 -5.732387E-13  5.673087E-13
  5.532311E+01 -3.906410E-13  3.865726E-13
  5.600359E+01 -2.649217E-13  2.621438E-13
  5.669243E+01 -1.787839E-13  1.768964E-13
  5.738975E+01 -1.200561E-13  1.187799E-13
  5.809564E+01 -8.021548E-14  7.935691E-14
  5.881022E+01 -5.332406E-14  5.274936E-14
  5.953359E+01 -3.526566E-14  3.488293E-14
  6.026585E+01 -2.320154E-14  2.294797E-14
  6.100712E+01 -1.518411E-14  1.501700E-14
  6.175751E+01 -9.884209E-15  9.774655E-15
  6.251712E+01 -6.399498E-15  6.328062E-15
  6.328608E+01 -4.120726E-15  4.074399E-15
  6.406450E+01 -2.638750E-15  2.608870E-15
  6.485250E+01 -1.680375E-15  1.661209E-15
  6.565018E+01  0.000000E+00  0.000000E+00
  6.645768E+01  0.000000E+00  0.000000E+00
  6.727511E+01  0.000000E+00  0.000000E+00
  6.810259E+01  0.000000E+00  0.000000E+00
  6.894026E+01  0.000000E+00  0.000000E+00
  6.978822E+01  0.000000E+00  0.000000E+00
  7.064662E+01  0.000000E+00  0.000000E+00
  7.151557E+01  0.000000E+00  0.000000E+00
  7.239521E+01  0.000000E+00  0.000000E+00
  7.328567E+01  0.000000E+00  0.000000E+00
  7.418709E+01  0.000000E+00  0.000000E+00
  7.509959E+01  0.000000E+00  0.000000E+00
  7.602331E+01  0.000000E+00  0.000000E+00
  7.695840E+01  0.000000E+00  0.000000E+00
  7.790499E+01  0.000000E+00  0.000000E+00
  7.886322E+01  0.000000E+00  0.000000E+00
  7.983324E+01  0.000000E+00  0.000000E+00
