  2.232142857142900E-004  0.736871929383716     
  2.259598214285700E-004  0.736871956052069     
  2.287391272321400E-004  0.736871983380498     
  2.315526184971000E-004  0.736872011385341     
  2.344007157046100E-004  0.736872040411992     
  2.372838445077800E-004  0.736872071135241     
  2.402024357952200E-004  0.736872103413961     
  2.431569257555100E-004  0.736872137310258     
  2.461477559423000E-004  0.736872172854531     
  2.491753733403900E-004  0.736872210077638     
  2.522402304324800E-004  0.736872249011415     
  2.553427852668000E-004  0.736872289688648     
  2.584835015255800E-004  0.736872332143010     
  2.616628485943400E-004  0.736872376409130     
  2.648813016320500E-004  0.736872422522565     
  2.681393416421300E-004  0.736872470519893     
  2.714374555443200E-004  0.736872520438831     
  2.747761362475200E-004  0.736872572317879     
  2.781558827233600E-004  0.736872626196870     
  2.815772000808600E-004  0.736872682116518     
  2.850405996418600E-004  0.736872740118763     
  2.885465990174500E-004  0.736872800246734     
  2.920957221853700E-004  0.736872862544552     
  2.956884995682500E-004  0.736872927057725     
  2.993254681129300E-004  0.736872993832920     
  3.030071713707200E-004  0.736873062917944     
  3.067341595785800E-004  0.736873134362044     
  3.105069897414000E-004  0.736873208215701     
  3.143262257152200E-004  0.736873284530794     
  3.181924382915200E-004  0.736873363360528     
  3.221062052825000E-004  0.736873444759592     
  3.260681116074800E-004  0.736873528783979     
  3.300787493802500E-004  0.736873615491336     
  3.341387179976300E-004  0.736873704940687     
  3.382486242290000E-004  0.736873797192700     
  3.424090823070100E-004  0.736873892309603     
  3.466207140193900E-004  0.736873990355172     
  3.508841488018300E-004  0.736874091394975     
  3.552000238320900E-004  0.736874195496236     
  3.595689841252300E-004  0.736874302727875     
  3.639916826299700E-004  0.736874413160704     
  3.684687803263100E-004  0.736874526867322     
  3.730009463243300E-004  0.736874643922105     
  3.775888579641200E-004  0.736874764401526     
  3.822332009170800E-004  0.736874888383923     
  3.869346692883600E-004  0.736875015949681     
  3.916939657206000E-004  0.736875147181267     
  3.965118014989700E-004  0.736875282163167     
  4.013888966574000E-004  0.736875420982215     
  4.063259800862900E-004  0.736875563727270     
  4.113237896413500E-004  0.736875710489620     
  4.163830722539400E-004  0.736875861362796     
  4.215045840426600E-004  0.736876016442770     
  4.266890904263900E-004  0.736876175827887     
  4.319373662386300E-004  0.736876339619109     
  4.372501958433700E-004  0.736876507919835     
  4.426283732522400E-004  0.736876680836218     
  4.480727022432400E-004  0.736876858477016     
  4.535839964808400E-004  0.736877040953744     
  4.591630796375500E-004  0.736877228380852     
  4.648107855170900E-004  0.736877420875562     
  4.705279581789500E-004  0.736877618558117     
  4.763154520645500E-004  0.736877821551803     
  4.821741321249500E-004  0.736878029982988     
  4.881048739500800E-004  0.736878243981317     
  4.941085638996700E-004  0.736878463679572     
  5.001860992356400E-004  0.736878689213987     
  5.063383882562300E-004  0.736878920724235     
  5.125663504317900E-004  0.736879158353379     
  5.188709165421000E-004  0.736879402248249     
  5.252530288155600E-004  0.736879652559279     
  5.317136410700000E-004  0.736879909440629     
  5.382537188551600E-004  0.736880173050471     
  5.448742395970700E-004  0.736880443550867     
  5.515761927441199E-004  0.736880721107895     
  5.583605799148700E-004  0.736881005891920     
  5.652284150478200E-004  0.736881298077493     
  5.721807245529100E-004  0.736881597843551     
  5.792185474649100E-004  0.736881905373544     
  5.863429355987300E-004  0.736882220855484     
  5.935549537066000E-004  0.736882544482099     
  6.008556796371900E-004  0.736882876450969     
  6.082462044967200E-004  0.736883216964587     
  6.157276328120300E-004  0.736883566230477     
  6.233010826956200E-004  0.736883924461400     
  6.309676860127800E-004  0.736884291875418     
  6.387285885507400E-004  0.736884668696045     
  6.465849501899100E-004  0.736885055152383     
  6.545379450772500E-004  0.736885451479208     
  6.625887618017000E-004  0.736885857917215     
  6.707386035718600E-004  0.736886274713070     
  6.789886883957900E-004  0.736886702119604     
  6.873402492630600E-004  0.736887140395929     
  6.957945343289900E-004  0.736887589807664     
  7.043528071012400E-004  0.736888050626985     
  7.130163466285900E-004  0.736888523132905     
  7.217864476921200E-004  0.736889007611385     
  7.306644209987300E-004  0.736889504355482     
  7.396515933770100E-004  0.736890013665565     
  7.487493079755500E-004  0.736890535849464     
  7.579589244636500E-004  0.736891071222708     
  7.672818192345500E-004  0.736891620108663     
  7.767193856111400E-004  0.736892182838721     
  7.862730340541600E-004  0.736892759752558     
  7.959441923730200E-004  0.736893351198297     
  8.057343059392100E-004  0.736893957532675     
  8.156448379022600E-004  0.736894579121357     
  8.256772694084600E-004  0.736895216339063     
  8.358330998221799E-004  0.736895869569866     
  8.461138469500001E-004  0.736896539207337     
  8.565210472674800E-004  0.736897225654906     
  8.670562561488700E-004  0.736897929325957     
  8.777210480995000E-004  0.736898650644191     
  8.885170169911300E-004  0.736899390043814     
  8.994457763001200E-004  0.736900147969859     
  9.105089593486100E-004  0.736900924878383     
  9.217082195486000E-004  0.736901721236778     
  9.330452306490500E-004  0.736902537524060     
  9.445216869860301E-004  0.736903374231146     
  9.561393037359601E-004  0.736904231861126     
  9.678998171719100E-004  0.736905110929611     
  9.798049849231200E-004  0.736906011965006     
  9.918565862376801E-004  0.736906935508818     
  1.004056422248400E-003  0.736907882116053     
  1.016406316242100E-003  0.736908852355384     
  1.028908113931800E-003  0.736909846809937     
  1.041563683733200E-003  0.736910866076723     
  1.054374917043100E-003  0.736911910768171     
  1.067343728522700E-003  0.736912981511598     
  1.080472056383600E-003  0.736914078949810     
  1.093761862677100E-003  0.736915203741984     
  1.107215133588000E-003  0.736916356563292     
  1.120833879731200E-003  0.736917538105633     
  1.134620136451800E-003  0.736918749078564     
  1.148575964130200E-003  0.736919990208521     
  1.162703448489000E-003  0.736921262240605     
  1.177004700905400E-003  0.736922565938129     
  1.191481858726600E-003  0.736923902083283     
  1.206137085588900E-003  0.736925271478008     
  1.220972571741600E-003  0.736926674943805     
  1.235990534374100E-003  0.736928113322536     
  1.251193217946900E-003  0.736929587477353     
  1.266582894527600E-003  0.736931098292545     
  1.282161864130300E-003  0.736932646674273     
  1.297932455059100E-003  0.736934233551394     
  1.313897024256300E-003  0.736935859875746     
  1.330057957654700E-003  0.736937526622674     
  1.346417670533800E-003  0.736939234792036     
  1.362978607881400E-003  0.736940985408107     
  1.379743244758300E-003  0.736942779520971     
  1.396714086668900E-003  0.736944618206395     
  1.413893669934900E-003  0.736946502567286     
  1.431284562075100E-003  0.736948433733558     
  1.448889362188600E-003  0.736950412863371     
  1.466710701343500E-003  0.736952441143548     
  1.484751242970100E-003  0.736954519790316     
  1.503013683258600E-003  0.736956650050390     
  1.521500751562700E-003  0.736958833201074     
  1.540215210806900E-003  0.736961070551636     
  1.559159857899800E-003  0.736963363443722     
  1.578337524152000E-003  0.736965713252272     
  1.597751075699100E-003  0.736968121386481     
  1.617403413930200E-003  0.736970589290503     
  1.637297475921500E-003  0.736973118444342     
  1.657436234875300E-003  0.736975710364699     
  1.677822700564300E-003  0.736978366605936     
  1.698459919781200E-003  0.736981088761199     
  1.719350976794500E-003  0.736983878462986     
  1.740498993809100E-003  0.736986737384434     
  1.761907131433000E-003  0.736989667240261     
  1.783578589149600E-003  0.736992669787846     
  1.805516605796100E-003  0.736995746828100     
  1.827724460047400E-003  0.736998900206675     
  1.850205470906000E-003  0.737002131815169     
  1.872962998198200E-003  0.737005443592127     
  1.896000443076000E-003  0.737008837524398     
  1.919321248525800E-003  0.737012315648024     
  1.942928899882700E-003  0.737015880049681     
  1.966826925351300E-003  0.737019532868009     
  1.991018896533100E-003  0.737023276294817     
  2.015508428960400E-003  0.737027112576330     
  2.040299182636600E-003  0.737031044014580     
  2.065394862583100E-003  0.737035072968874     
  2.090799219392800E-003  0.737039201857373     
  2.116516049791400E-003  0.737043433158017     
  2.142549197203800E-003  0.737047769410747     
  2.168902552329400E-003  0.737052213218421     
  2.195580053723100E-003  0.737056767248722     
  2.222585688383900E-003  0.737061434235787     
  2.249923492351000E-003  0.737066216981707     
  2.277597551306900E-003  0.737071118358288     
  2.305612001188000E-003  0.737076141308812     
  2.333971028802600E-003  0.737081288849891     
  2.362678872456900E-003  0.737086564073129     
  2.391739822588100E-003  0.737091970147208     
  2.421158222405900E-003  0.737097510319626     
  2.450938468541500E-003  0.737103187918745     
  2.481085011704600E-003  0.737109006355858     
  2.511602357348500E-003  0.737114969127306     
  2.542495066343900E-003  0.737121079816338     
  2.573767755659900E-003  0.737127342095668     
  2.605425099054600E-003  0.737133759729367     
  2.637471827772900E-003  0.737140336575557     
  2.669912731254500E-003  0.737147076588254     
  2.702752657849000E-003  0.737153983820168     
  2.735996515540500E-003  0.737161062425165     
  2.769649272681700E-003  0.737168316660484     
  2.803715958735700E-003  0.737175750889731     
  2.838201665028100E-003  0.737183369585306     
  2.873111545507900E-003  0.737191177331146     
  2.908450817517700E-003  0.737199178825564     
  2.944224762573200E-003  0.737207378884244     
  2.980438727152800E-003  0.737215782443053     
  3.017098123496800E-003  0.737224394560983     
  3.054208430415800E-003  0.737233220423484     
  3.091775194109900E-003  0.737242265345458     
  3.129804028997500E-003  0.737251534774558     
  3.168300618554100E-003  0.737261034294669     
  3.207270716162400E-003  0.737270769629006     
  3.246720145971100E-003  0.737280746644124     
  3.286654803766600E-003  0.737290971352935     
  3.327080657852900E-003  0.737301449918972     
  3.368003749944500E-003  0.737312188659756     
  3.409430196068800E-003  0.737323194050936     
  3.451366187480500E-003  0.737334472730121     
  3.493817991586500E-003  0.737346031501140     
  3.536791952883000E-003  0.737357877338056     
  3.580294493903500E-003  0.737370017389553     
  3.624332116178500E-003  0.737382458983414     
  3.668911401207500E-003  0.737395209630909     
  3.714039011442300E-003  0.737408277031567     
  3.759721691283100E-003  0.737421669077784     
  3.805966268085800E-003  0.737435393859967     
  3.852779653183300E-003  0.737449459671179     
  3.900168842917500E-003  0.737463875012627     
  3.948140919685300E-003  0.737478648598781     
  3.996703052997500E-003  0.737493789362630     
  4.045862500549300E-003  0.737509306461589     
  4.095626609306100E-003  0.737525209282774     
  4.146002816600600E-003  0.737541507449177     
  4.196998651244700E-003  0.737558210825503     
  4.248621734655100E-003  0.737575329524172     
  4.300879781991300E-003  0.737592873911977     
  4.353780603309800E-003  0.737610854616140     
  4.407332104730500E-003  0.737629282531225     
  4.461542289618700E-003  0.737648168825788     
  4.516419259781000E-003  0.737667524949429     
  4.571971216676300E-003  0.737687362639878     
  4.628206462641400E-003  0.737707693930379     
  4.685133402131900E-003  0.737728531157180     
  4.742760542978100E-003  0.737749886967307     
  4.801096497656800E-003  0.737771774326389     
  4.860149984578000E-003  0.737794206526924     
  4.919929829388300E-003  0.737817197196484     
  4.980444966289700E-003  0.737840760306327     
  5.041704439375100E-003  0.737864910180089     
  5.103717403979400E-003  0.737889661502946     
  5.166493128048400E-003  0.737915029330659     
  5.230040993523400E-003  0.737941029099191     
  5.294370497743700E-003  0.737967676634315     
  5.359491254865900E-003  0.737994988161610     
  5.425412997300800E-003  0.738022980316664     
  5.492145577167600E-003  0.738051670155648     
  5.559698967766800E-003  0.738081075165938     
  5.628083265070300E-003  0.738111213277263     
  5.697308689230700E-003  0.738142102872903     
  5.767385586108200E-003  0.738173762801434     
  5.838324428817300E-003  0.738206212388509     
  5.910135819291800E-003  0.738239471449124     
  5.982830489869100E-003  0.738273560300195     
  6.056419304894500E-003  0.738308499773323     
  6.130913262344700E-003  0.738344311228022     
  6.206323495471500E-003  0.738381016565225     
  6.282661274465800E-003  0.738418638241128     
  6.359938008141700E-003  0.738457199281467     
  6.438165245641900E-003  0.738496723296022     
  6.517354678163300E-003  0.738537234493677     
  6.597518140704700E-003  0.738578757697663     
  6.678667613835300E-003  0.738621318361345     
  6.760815225485500E-003  0.738664942584297     
  6.843973252759000E-003  0.738709657128935     
  6.928154123767900E-003  0.738755489437424     
  7.013370419490300E-003  0.738802467649034     
  7.099634875650000E-003  0.738850620618089     
  7.186960384620500E-003  0.738899977932118     
  7.275359997351300E-003  0.738950569930715     
  7.364846925318700E-003  0.739002427724685     
  7.455434542500200E-003  0.739055583215776     
  7.547136387372900E-003  0.739110069116944     
  7.639966164937600E-003  0.739165918972920     
  7.733937748766300E-003  0.739223167181574     
  7.829065183076200E-003  0.739281849015567     
  7.925362684828000E-003  0.739342000644768     
  8.022844645851400E-003  0.739403659158969     
  8.121525634995399E-003  0.739466862591415     
  8.221420400305801E-003  0.739531649942776     
  8.322543871229601E-003  0.739598061205697     
  8.424911160845700E-003  0.739666137390089     
  8.528537568124101E-003  0.739735920548863     
  8.633438580212000E-003  0.739807453804448     
  8.739629874748600E-003  0.739880781375855     
  8.847127322208000E-003  0.739955948606473     
  8.955946988271200E-003  0.740033001992482     
  9.066105136226899E-003  0.740111989212036     
  9.177618229402501E-003  0.740192959155021     
  9.290502933624200E-003  0.740275961953689     
  9.404776119707700E-003  0.740361049013946     
  9.520454865980100E-003  0.740448273047332     
  9.637556460831699E-003  0.740537688103924     
  9.756098405299901E-003  0.740629349605918     
  9.876098415685101E-003  0.740723314381991     
  9.997574426197999E-003  0.740819640702583     
  1.012054459164000E-002  0.740918388315947     
  1.024502729011700E-002  0.741019618484982     
  1.037104112578600E-002  0.741123394025035     
  1.049860493163300E-002  0.741229779342938     
  1.062773777229200E-002  0.741338840475968     
  1.075845894689100E-002  0.741450645132836     
  1.089078799193800E-002  0.741565262734915     
  1.102474468423900E-002  0.741682764458924     
  1.116034904385500E-002  0.741803223280179     
  1.129762133709400E-002  0.741926714017046     
  1.143658207954100E-002  0.742053313376277     
  1.157725203911900E-002  0.742183100000216     
  1.171965223920000E-002  0.742316154513488     
  1.186380396174200E-002  0.742452559572382     
  1.200972875047200E-002  0.742592399914418     
  1.215744841410300E-002  0.742735762409716     
  1.230698502959600E-002  0.742882736112880     
  1.245836094546000E-002  0.743033412316368     
  1.261159878508900E-002  0.743187884605534     
  1.276672145014600E-002  0.743346248914232     
  1.292375212398300E-002  0.743508603582388     
  1.308271427510800E-002  0.743675049414342     
  1.324363166069200E-002  0.743845689738867     
  1.340652833011800E-002  0.744020630470720     
  1.357142862857800E-002  0.744199980173163     
  1.373835720071000E-002  0.744383850122434     
  1.390733899427900E-002  0.744572354373819     
  1.407839926390800E-002  0.744765609828778     
  1.425156357485400E-002  0.744963736303792     
  1.442685780682500E-002  0.745166856601433     
  1.460430815784900E-002  0.745375096582612     
  1.478394114819100E-002  0.745588585240534     
  1.496578362431300E-002  0.745807454777006     
  1.514986276289200E-002  0.746031840679649     
  1.533620607487600E-002  0.746261881802200     
  1.552484140959700E-002  0.746497720446053     
  1.571579695893500E-002  0.746739502443835     
  1.590910126153000E-002  0.746987377245390     
  1.610478320704700E-002  0.747241498005827     
  1.630287204049300E-002  0.747502021675854     
  1.650339736659200E-002  0.747769109094001     
  1.670638915420100E-002  0.748042925082405     
  1.691187774079700E-002  0.748323638543567     
  1.711989383700900E-002  0.748611422560607     
  1.733046853120400E-002  0.748906454500331     
  1.754363329413800E-002  0.749208916118291     
  1.775941998365600E-002  0.749518993667419     
  1.797786084945500E-002  0.749836878009168     
  1.819898853790300E-002  0.750162764727929     
  1.842283609691900E-002  0.750496854248488     
  1.864943698091200E-002  0.750839351956849     
  1.887882505577700E-002  0.751190468324762     
  1.911103460396300E-002  0.751550419036947     
  1.934610032959200E-002  0.751919425122887     
  1.958405736364600E-002  0.752297713092010     
  1.982494126921800E-002  0.752685515072808     
  2.006878804683000E-002  0.753083068955853     
  2.031563413980600E-002  0.753490618541844     
  2.056551643972500E-002  0.753908413692995     
  2.081847229193400E-002  0.754336710489520     
  2.107453950112500E-002  0.754775771391122     
  2.133375633698900E-002  0.755225865402761     
  2.159616153993400E-002  0.755687268245924     
  2.186179432687500E-002  0.756160262535029     
  2.213069439709500E-002  0.756645137959319     
  2.240290193818000E-002  0.757142191470290     
  2.267845763201900E-002  0.757651727475531     
  2.295740266089300E-002  0.758174058037617     
  2.323977871362200E-002  0.758709503080451     
  2.352562799180000E-002  0.759258390601309     
  2.381499321609900E-002  0.759821056890156     
  2.410791763265700E-002  0.760397846755555     
  2.440444501953800E-002  0.760989113758259     
  2.470461969327900E-002  0.761595220451840     
  2.500848651550600E-002  0.762216538631823     
  2.531609089964700E-002  0.762853449591904     
  2.562747881771200E-002  0.763506344389473     
  2.594269680717000E-002  0.764175624118929     
  2.626179197789800E-002  0.764861700194692     
  2.658481201922700E-002  0.765564994642767     
  2.691180520706300E-002  0.766285940402554     
  2.724282041111000E-002  0.767024981637710     
  2.757790710216700E-002  0.767782574058110     
  2.791711535952300E-002  0.768559185251902     
  2.826049587844500E-002  0.769355295028421     
  2.860809997775000E-002  0.770171395772857     
  2.895997960747700E-002  0.771007992812281     
  2.931618735664900E-002  0.771865604794005     
  2.967677646113500E-002  0.772744764076248     
  3.004180081160700E-002  0.773646017131860     
  3.041131496159000E-002  0.774569924965707     
  3.078537413561800E-002  0.775517063545579     
  3.116403423748600E-002  0.776488024247675     
  3.154735185860700E-002  0.777483414316773     
  3.193538428646800E-002  0.778503857341972     
  3.232818951319100E-002  0.779549993748297     
  3.272582624420400E-002  0.780622481304555     
  3.312835390700700E-002  0.781721995648818     
  3.353583266006300E-002  0.782849230830751     
  3.394832340178200E-002  0.784004899873016     
  3.436588777962400E-002  0.785189735351235     
  3.478858819931300E-002  0.786404489993635     
  3.521648783416500E-002  0.787649937301034     
  3.564965063452500E-002  0.788926872188175     
  3.608814133733000E-002  0.790236111646504     
  3.653202547577900E-002  0.791578495430106     
  3.698136938913100E-002  0.792954886764781     
  3.743624023261700E-002  0.794366173081825     
  3.789670598747900E-002  0.795813266776939     
  3.836283547112500E-002  0.797297105995763     
  3.883469834741900E-002  0.798818655446302     
  3.931236513709300E-002  0.800378907239918     
  3.979590722827900E-002  0.801978881762129     
  4.028539688718700E-002  0.803619628573357     
  4.078090726889900E-002  0.805302227342134     
  4.128251242830700E-002  0.807027788810954     
  4.179028733117500E-002  0.808797455796957     
  4.230430786534800E-002  0.810612404227970     
  4.282465085209200E-002  0.812473844216078     
  4.335139405757300E-002  0.814383021169958     
  4.388461620448100E-002  0.816341216947413     
  4.442439698379600E-002  0.818349751049961     
  4.497081706669700E-002  0.820409981861220     
  4.552395811661700E-002  0.822523307930892     
  4.608390280145200E-002  0.824691169306017     
  4.665073480590900E-002  0.826915048912110     
  4.722453884402200E-002  0.829196473985311     
  4.780540067180400E-002  0.831537017558946     
  4.839340710006700E-002  0.833938300005742     
  4.898864600739800E-002  0.836401990638611     
  4.959120635328900E-002  0.838929809372666     
  5.020117819143400E-002  0.841523528450751     
  5.081865268318900E-002  0.844184974235476     
  5.144372211119200E-002  0.846916029070859     
  5.207647989315900E-002  0.849718633216160     
  5.271702059584500E-002  0.852594786855593     
  5.336543994917400E-002  0.855546552187188     
  5.402183486054900E-002  0.858576055594099     
  5.468630342933400E-002  0.861685489902381     
  5.535894496151500E-002  0.864877116729009     
  5.603985998454100E-002  0.868153268924258     
  5.672915026235100E-002  0.871516353112647     
  5.742691881057800E-002  0.874968852337318     
  5.813326991194800E-002  0.878513328812098     
  5.884830913186500E-002  0.882152426786602     
  5.957214333418700E-002  0.885888875529514     
  6.030488069719800E-002  0.889725492435488     
  6.104663072977300E-002  0.893665186261592     
  6.179750428774900E-002  0.897710960499092     
  6.255761359048900E-002  0.901865916887373     
  6.332707223765199E-002  0.906133259076446     
  6.410599522617499E-002  0.910516296444961     
  6.489449896745700E-002  0.915018448081528     
  6.569270130475600E-002  0.919643246936893     
  6.650072153080500E-002  0.924394344155079     
  6.731868040563400E-002  0.929275513592554     
  6.814670017462300E-002  0.934290656533873     
  6.898490458677101E-002  0.939443806613834     
  6.983341891318801E-002  0.944739134956068     
  7.069236996582000E-002  0.950180955538418     
  7.156188611640001E-002  0.955773730796505     
  7.244209731563200E-002  0.961522077477054     
  7.333313511261400E-002  0.967430772753210     
  7.423513267449899E-002  0.973504760614915     
  7.514822480639601E-002  0.979749158548000     
  7.607254797151400E-002  0.986169264516374     
  7.700824031156400E-002  0.992770564262098     
  7.795544166739600E-002  0.999558738939982     
  7.891429359990500E-002   1.00653967310263     
  7.988493941118401E-002   1.01371946305432     
  8.086752416594099E-002   1.02110442559187     
  8.186219471318200E-002   1.02870110715228     
  8.286909970815499E-002   1.03651629338780     
  8.388838963456501E-002   1.04455701919027     
  8.492021682707000E-002   1.05283057918730     
  8.596473549404300E-002   1.06134453873494     
  8.702210174062000E-002   1.07010674543206     
  8.809247359202900E-002   1.07912534118327     
  8.917601101721100E-002   1.08840877483858     
  9.027287595272300E-002   1.09796581544006     
  9.138323232694200E-002   1.10780556610637     
  9.250724608456300E-002   1.11793747858864     
  9.364508521140300E-002   1.12837136853248     
  9.479691975950300E-002   1.13911743148316     
  9.596292187254500E-002   1.15018625967252     
  9.714326581157701E-002   1.16158885962870     
  9.833812798105999E-002   1.17333667065177     
  9.954768695522700E-002   1.18544158420093     
  0.100772123504780        1.19791596424078     
  0.102011620623880        1.21077266859846     
  0.103266363557560        1.22402507138185     
  0.104536539829320        1.23768708652095     
  0.105822339269220        1.25177319248422     
  0.107123954042230        1.26629845823814     
  0.108441578676950        1.28127857051335     
  0.109775410094670        1.29672986244725     
  0.111125647638840        1.31266934367499     
  0.112492493104800        1.32911473194913     
  0.113876150769990        1.34608448636429     
  0.115276827424460        1.36359784227648     
  0.116694732401780        1.38167484800486     
  0.118130077610320        1.40033640341160     
  0.119583077564930        1.41960430045897     
  0.121053949418970        1.43950126584993     
  0.122542912996830        1.46005100585968     
  0.124050190826690        1.48127825348031     
  0.125576008173860        1.50320881799294     
  0.127120593074400        1.52586963710309     
  0.128684176369210        1.54928883177006     
  0.130266991738550        1.57349576387313     
  0.131869275736940        1.59852109686512     
  0.133491267828500        1.62439685956817     
  0.135133210422790        1.65115651327472     
  0.136795348910990        1.67883502232953     
  0.138477931702600        1.70746892836882     
  0.140181210262540        1.73709642840836     
  0.141905439148770        1.76775745697517     
  0.143650876050300        1.79949377249261     
  0.145417781825720        1.83234904813172     
  0.147206420542170        1.86636896735578     
  0.149017059514840        1.90160132439113     
  0.150849969346870        1.93809612987186     
  0.152705423969840        1.97590572190830     
  0.154583700684670        2.01508488284824     
  0.156485080203090        2.05569096200107     
  0.158409846689590        2.09778400461126     
  0.160358287803870        2.14142688737450     
  0.162330694743860        2.18668546079771     
  0.164327362289210        2.23362869871764     
  0.166348588845370        2.28232885529560     
  0.168394676488160        2.33286162981938     
  0.170465931008970        2.38530633964403     
  0.172562661960380        2.43974610161876     
  0.174685182702490        2.49626802233817     
  0.176833810449730        2.55496339757366     
  0.179008866318260        2.61592792123297     
  0.181210675373980        2.67926190419753     
  0.183439566681080        2.74507050338698     
  0.185695873351250        2.81346396138854     
  0.187979932593480        2.88455785698526     
  0.190292085764370        2.95847336690432     
  0.192632678419280        3.03533753907651     
  0.195002060363830        3.11528357770009     
  0.197400585706310        3.19845114034183     
  0.199828612910500        3.28498664730509     
  0.202286504849300        3.37504360342459     
  0.204774628858940        3.46878293241561     
  0.207293356793910        3.56637332383308     
  0.209843065082470        3.66799159263334     
  0.212424134782990        3.77382305123466     
  0.215036951640820        3.88406189389356     
  0.217681906146000        3.99891159308071     
  0.220359393591600        4.11858530742839     
  0.223069814132770        4.24330630066308     
  0.225813572846600        4.37330837076627     
  0.228591079792620        4.50883628842411     
  0.231402750074070        4.65014624359721     
  0.234249003899980        4.79750629879875     
  0.237130266647950        4.95119684739748     
  0.240046968927720        5.11151107494368     
  0.242999546645530        5.27875542117092     
  0.245988441069270        5.45325003993841     
  0.249014098894420        5.63532925394657     
  0.252076972310820        5.82534200057742     
  0.255177519070250        6.02365226468405     
  0.258316202554810        6.23063949356873     
  0.261493491846230        6.44669898874034     
  0.264709861795940        6.67224226835177     
  0.267965793096030        6.90769739343609     
  0.271261772351110        7.15350925022855     
  0.274598292151030        7.41013977995819     
  0.277975851144490        7.67806814650995     
  0.281394954113570        7.95779083130551     
  0.284856112049160        8.24982164362700     
  0.288359842227370        8.55469163340242     
  0.291906668286760        8.87294889221458     
  0.295497120306690        9.20515822693148     
  0.299131734886460        9.55190068899451     
  0.302811055225570        9.91377294091158     
  0.306535631204840        10.2913864400468     
  0.310306019468660        10.6853664182480     
  0.314122783508130        11.0963506343601     
  0.317986493745280        11.5249878751338     
  0.321897727618340        11.9719361785824     
  0.325857069668050        12.4378607524401     
  0.329865111624970        12.9234315590918     
  0.333922452497950        13.4293205371903     
  0.338029698663680        13.9561984292642     
  0.342187463957240        14.5047311839389     
  0.346396369763920        15.0755759010075     
  0.350657045112010        15.6693762876567     
  0.354970126766890        16.2867575945898     
  0.359336259326120        16.9283210018635     
  0.363756095315830        17.5946374258594     
  0.368230295288220        18.2862407212238     
  0.372759527920260        19.0036202547745     
  0.377344470113680        19.7472128324743     
  0.381985807096080        20.5173939657262     
  0.386684232523360        21.3144684694615     
  0.391440448583400        22.1386603920051     
  0.396255166100980        22.9901022855287     
  0.401129104644020        23.8688238361538     
  0.406062992631140        24.7747398845771     
  0.411057567440500        25.7076378815095     
  0.416113575520020        26.6671648372914     
  0.421231772498920        27.6528138418862     
  0.426412923300650        28.6639102499824     
  0.431657802257250        29.6995976462074     
  0.436967193225010        30.7588237273874     
  0.442341889701680        31.8403262621783     
  0.447782694945010        32.9426193132339     
  0.453290422092840        34.0639799328870     
  0.458865894284580        35.2024355699817     
  0.464509944784280        36.3557524523698     
  0.470223417105130        37.5214252363283     
  0.476007165135520        38.6966682399161     
  0.481862053266690        39.8784086014084     
  0.487788956521870        41.0632817254142     
  0.493788760687080        42.2476293968485     
  0.499862362443540        43.4275009553064     
  0.506010669501590        44.5986579277140     
  0.512234600736460        45.7565825131513     
  0.518535086325520        46.8964902980047     
  0.524913067887320        48.0133475482596     
  0.531369498622340        49.1018933750287     
  0.537905343455390        50.1566669941976     
  0.544521579179890        51.1720401960845     
  0.551219194603810        52.1422550016585     
  0.557999190697430        53.0614663052947     
  0.564862580743010        53.9237890929871     
  0.571810390486150        54.7233495909626     
  0.578843658289130        55.4543394675814     
  0.585963435286090        56.1110720229862     
  0.593170785540110        56.6880392114515     
  0.600466786202250        57.1799684096389     
  0.607852527672540        57.5818781096800     
  0.615329113762910        57.8891321702973     
  0.622897661862190        58.0974928199515     
  0.630559303103100        58.2031731165416     
  0.638315182531260        58.2028898330518     
  0.646166459276400        58.0939175949930     
  0.654114306725500        57.8741444917474     
  0.662159912698220        57.5421284232903     
  0.670304479624410        57.0971523653581     
  0.678549224723790        56.5392758301476     
  0.686895380187890        55.8693793006697     
  0.695344193364200        55.0891984231804     
  0.703896926942580        54.2013451998740     
  0.712554859143980        53.2093141744053     
  0.721319283911450        52.1174724581512     
  0.730191511103560        50.9310332543167     
  0.739172866690130        49.6560132162107     
  0.748264692950420        48.2991745044771     
  0.757468348673710        46.8679528055126     
  0.766785209362400        45.3703728743042     
  0.776216667437560        43.8149534015360     
  0.785764132447040        42.2106031979454     
  0.795429031276140        40.5665108476186     
  0.805212808360830        38.8920301058144     
  0.815116925903670        37.1965634002129     
  0.825142864092290        35.4894458294335     
  0.835292121320620        33.7798320319048     
  0.845566214412870        32.0765882167550     
  0.855966678850140        30.3881915042855     
  0.866495069000000        28.7226385182193     
  0.877152958348700        27.0873649102496     
  0.887941939736390        25.4891771871697     
  0.898863625595150        23.9341978627653     
  0.909919648189970        22.4278245830054     
  0.921111659862700        20.9747034950838     
  0.932441333279020        19.5787167082307     
  0.943910361678350        18.2429834161679     
  0.955520459126990        16.9698738456152     
  0.967273360774250        15.7610347833621     
  0.979170823111780        14.6174255914732     
  0.991214624236050        13.5393629158533     
   1.00340656411420        12.5265725254704     
   1.01574846485280        11.5782465299368     
   1.02824217097040        10.6931042411472     
   1.04088954967340        9.86945500075721     
   1.05369249113440        9.10526140122052     
   1.06665290877530        8.39820147533957     
   1.07977273955330        7.74572860833755     
   1.09305394424980        7.14512812679123     
   1.10649850776400        6.59356973038103     
   1.12010843940950        6.08815514583254     
   1.13388577321430        5.62596058903867     
   1.14783256822480        5.20407381428661     
   1.16195090881400        4.81962570335244     
   1.17624290499240        4.46981649830583     
   1.19071069272380        4.15193690817041     
   1.20535643424430        3.86338442087132     
   1.22018231838550        3.60167522911301     
   1.23519056090160        3.36445223433285     
   1.25038340480070        3.14948962972328     
   1.26576312067980        2.95469458497202     
   1.28133200706410        2.77810656491465     
   1.29709239075100        2.61789481370769     
   1.31304662715730        2.47235452551688     
   1.32919710067130        2.33990220002111     
   1.34554622500960        2.21907064268625     
   1.36209644357720        2.10850401207476     
   1.37885022983320        2.00695323796351     
   1.39581008766010        1.91327203753576     
   1.41297855173830        1.82641364986692     
   1.43035818792470        1.74542830211532     
   1.44795159363620        1.66946132484232     
   1.46576139823790        1.59775175583823     
   1.48379026343620        1.52963121367945     
   1.50204088367650        1.46452278199627     
   1.52051598654570        1.40193962022881     
   1.53921833318020        1.34148300590351     
   1.55815071867840        1.28283952017298     
   1.57731597251810        1.22577711801790     
   1.59671695898010        1.17013988229748     
   1.61635657757550        1.11584134838924     
   1.63623776347970        1.06285639921763     
   1.65636348797050        1.01121185845069     
   1.67673675887250       0.960976037050147     
   1.69736062100670       0.912247598054543     
   1.71823815664510       0.865144181321209     
   1.73937248597180       0.819791264090353     
   1.76076676754920       0.776311718200296     
   1.78242419879010       0.734816509354748     
   1.80434801643520       0.695396764650140     
   1.82654149703740       0.658117567722045     
   1.84900795745090       0.623013513294133     
   1.87175075532760       0.590086062122685     
   1.89477328961810       0.559302642235199     
   1.91807900108040       0.530597398188234     
   1.94167137279370       0.503873478464900     
   1.96555393067910       0.479006765643997     
   1.98973024402640       0.455850977469449     
   2.01420392602790       0.434244072154490     
   2.03897863431810       0.414015845868363     
   2.06405807152020       0.394996485877891     
   2.08944598579990       0.377025622873592     
   2.11514617142520       0.359961113693579     
   2.14116246933380       0.343686358471267     
   2.16749876770660       0.328114585811548     
   2.19415900254940       0.313188332123896     
   2.22114715828070       0.298870165797034     
   2.24846726832760       0.285130454358015     
   2.27612341572800       0.271941415864979     
   2.30411973374150       0.259277628812760     
   2.33246040646650       0.247115702924737     
   2.36114966946600       0.235433996673873     
   2.39019181040040       0.224212475830616     
   2.41959116966840       0.213432559065550     
   2.44935214105530       0.203076978770553     
   2.47947917239030       0.193129653218451     
   2.50997676621070       0.183575569137968     
   2.54084948043510       0.174400674131865     
   2.57210192904440       0.165591778104590     
   2.60373878277170       0.157136463345957     
   2.63576476979980       0.149023002497631     
   2.66818467646830       0.141240283901324     
   2.70100334798890       0.133777743765397     
   2.73422568916910       0.126625304814391     
   2.76785666514590       0.119773320891426     
   2.80190130212720       0.113212527107444     
   2.83636468814340       0.106933995126551     
   2.87125197380750       0.100929093355033     
   2.90656837308530       9.518945155778386E-002
   2.94231916407430       8.970692962117882E-002
   2.97850968979240       8.447359028179872E-002
   3.01514535897690       7.948167539677295E-002
   3.05223164689230       7.472358560381664E-002
   3.08977409614900       7.019186311862714E-002
   3.12777831753170       6.587917741082434E-002
   3.16624999083730       6.177831356708745E-002
   3.20519486572460       5.788216314950469E-002
   3.24461876257300       5.418371729439507E-002
   3.28452757335270       5.067606183837998E-002
   3.32492726250490       4.735237433664373E-002
   3.36582386783370       4.420592280080291E-002
   3.40722350140810       4.123006588612944E-002
   3.44913235047540       3.841825434179940E-002
   3.49155667838630       3.576403360353655E-002
   3.53450282553040       3.326104734607301E-002
   3.57797721028440       3.090304171829332E-002
   3.62198632997090       2.868387017425482E-002
   3.66653676182960       2.659749874378864E-002
   3.71163516400010       2.463801150128556E-002
   3.75728827651730       2.279961617840512E-002
   3.80350292231840       2.107664974819401E-002
   3.85028600826290       1.946358382869468E-002
   3.89764452616460       1.795502986094044E-002
   3.94558555383640       1.654574390417384E-002
   3.99411625614860       1.523063098700411E-002
   4.04324388609920       1.400474900409894E-002
   4.09297578589820       1.286331201155864E-002
   4.14331938806480       1.180169294269624E-002
   4.19428221653800       1.081542573125433E-002
   4.24587188780140       9.900206798663167E-003
   4.29809611202140       9.051895893041747E-003
   4.35096269419920       8.266516340372190E-003
   4.40447953533790       7.540254690445981E-003
   4.45865463362250       6.869459800385407E-003
   4.51349608561610       6.250641357766050E-003
   4.56901208746920       5.680467923800277E-003
   4.62521093614500       5.155764515786539E-003
   4.68210103065960       4.673509771512034E-003
   4.73969087333670       4.230832744722990E-003
   4.79798907107880       3.825009374786232E-003
   4.85700433665300       3.453458691830966E-003
   4.91674548999390       3.113738773841976E-003
   4.97722145952080       2.803542522984970E-003
   5.03844128347290       2.520693291932205E-003
   5.10041411125960       2.263140387602149E-003
   5.16314920482810       2.028954500303134E-003
   5.22665594004750       1.816323085367293E-003
   5.29094380811010       1.623545720920727E-003
   5.35602241694980       1.449029463884292E-003
   5.42190149267830       1.291284232701428E-003
   5.48859088103830       1.148918227758178E-003
   5.55610054887500       1.020633406967559E-003
   5.62444058562620       9.052210287082661E-004
   5.69362120482940       8.015572715071768E-004
   5.76365274564880       7.085989427056740E-004
   5.83454567442030       6.253792790498132E-004
   5.90631058621570       5.510038460641349E-004
   5.97895820642610       4.846465451216820E-004
   6.05249939236520       4.255457278648899E-004
   6.12694513489120       3.730004245933705E-004
   6.20230656005040       3.263666891986613E-004
   6.27859493073900       2.850540625766078E-004
   6.35582164838710       2.485221592768651E-004
   6.43399825466230       2.162773793323739E-004
   6.51313643319460       1.878697453876363E-004
   6.59324801132290       1.628898689704941E-004
   6.67434496186220       1.409660469716599E-004
   6.75643940489310       1.217614892092686E-004
   6.83954360957330       1.049716774484757E-004
   6.92366999597100       9.032185602739012E-005
   7.00883113692150       7.756465456451608E-005
   7.09503975990560       6.647784135411792E-005
   7.18230874895240       5.686220614970186E-005
   7.27065114656460       4.853957028414212E-005
   7.36008015566730       4.135092206030664E-005
   7.45060914158200       3.515467463935657E-005
   7.54225163402350       2.982504295045789E-005
   7.63502132912200       2.525053597226564E-005
   7.72893209147020       2.133256039874605E-005
   7.82399795619520       1.798413130285806E-005
   7.92023313105640       1.512868494599287E-005
   8.01765199856840       1.269898914743757E-005
   8.11626911815080       1.063614605854874E-005
   8.21609922830410       8.888682297757776E-006
   8.31715724881220       7.411721277108542E-006
   8.41945828297260       6.166232476972357E-006
   8.52301761985320       5.118352612543658E-006
   8.62785073657740       4.238773644873073E-006
   8.73397330063730       3.502192665530531E-006
   8.84140117223510       2.886818891526256E-006
   8.95015040665360       2.373933145513513E-006
   9.06023725665540       1.947495432214608E-006
   9.17167817491230       1.593796367683744E-006
   9.28448981646370       1.301148495437945E-006
   9.39868904120620       1.059613748969070E-006
   9.51429291641310       8.607635208170143E-007
   9.63131871928490       6.974680809042124E-007
   9.74978393953210       5.637123013274659E-007
   9.86970628198840       4.544348800083036E-007
   9.99110366925690       3.653884844252205E-007
   10.1139942443890       2.930184619538347E-007
   10.2383963735950       2.343579648604220E-007
   10.3643286489900       1.869375397428708E-007
   10.4918098913720       1.487074250222344E-007
   10.6208591530360       1.179709711372054E-007
   10.7514957206190       9.332776217613821E-008
   10.8837391179820       7.362517767546399E-008
   11.0176091091340       5.791726614741751E-008
   11.1531257011760       4.542993493298791E-008
   11.2903091473000       3.553157695041865E-008
   11.4291799498120       2.770836335467050E-008
   11.5697588631950       2.154352572217286E-008
   11.7120668972120       1.670003790712240E-008
   11.8561253200480       1.290618635095513E-008
   12.0019556614840       9.943585107549608E-009
   12.1495797161210       7.637253498739832E-009
   12.2990195466290       5.847428024149761E-009
   12.4502974870520       4.462827599256267E-009
   12.6034361461430       3.395132467340940E-009
   12.7584584107410       2.574472882689626E-009
   12.9153874491930       1.945755453773571E-009
   13.0742467148180       1.465681595990798E-009
   13.2350599494100       1.100335977503169E-009
   13.3978511867880       8.232427274974891E-010
   13.5626447563850       6.138040683419715E-010
   13.7294652868890       4.560505633530579E-010
   13.8983377099180       3.376443256077781E-010
   14.0692872637500       2.490868121238508E-010
   14.2423394970940       1.830914946654910E-010
   14.4175202729080       1.340889031497132E-010
   14.5948557722650       9.783754633471578E-011
   14.7743724982640       7.111919956472372E-011
   14.9560972799920       5.150116420433571E-011
   15.1400572765360       3.715148081705307E-011
   15.3262799810380       2.669585602329172E-011
   15.5147932248040       1.910731617569949E-011
   15.7056251814700       1.362143445862389E-011
   15.8988043712020       9.671464400457994E-012
   16.0943596649670       6.838904081408384E-012
   16.2923202888460       4.815972888360481E-012
   16.4927158283990       3.377247409671275E-012
   16.6955762330890       2.358309681583855E-012
   16.9009318207560       1.639741559423993E-012
   17.1088132821510       1.135177559774828E-012
   17.3192516855210       7.824253645801888E-013
   17.5322784812530       5.368950254999125E-013
   17.7479255065730       3.667578989575194E-013
   17.9662249903030       2.493958335109731E-013
   18.1872095576840       1.688084532260459E-013
   18.4109122352440       1.137286251514306E-013
   18.6373664557370       7.625896954874071E-014
   18.8666060631430       5.088998925542968E-014
   19.0986653177190       3.379619122322965E-014
   19.3335789011270       2.233426578579356E-014
   19.5713819216110       1.468652195671757E-014
   19.8121099192470       9.609114364511186E-015
   20.0557988712540       6.255153922267672E-015
   20.3024851973700       4.050938547782218E-015
   20.5522057652980       2.609809273515863E-015
   20.8049978962110       1.672512807418441E-015
   21.0608993703340       1.066128281139890E-015
   21.3199484325900       6.759276621846285E-016
   21.5821837983100       4.261993509189555E-016
   21.8476446590300       2.672500910111091E-016
   22.1163706883360       1.666425103902932E-016
   22.3884020478020       1.033205183918895E-016
   22.6637793929900       6.369272099971011E-017
   22.9425438795240       3.903594640570270E-017
   23.2247371692420       2.378374078602965E-017
   23.5104014364240       1.440471345890074E-017
   23.7995793740920       8.671738572945874E-018
   24.0923142003930       5.188627700603091E-018
   24.3886496650580       3.085396000685003E-018
   24.6886300559380       1.823258589298378E-018
   24.9923002056260       1.070609401827243E-018
   25.2997054981550       6.246335792290865E-019
   25.6108918757830       3.620734941014254E-019
   25.9259058458550       2.085019809080370E-019
   26.2447944877590       1.192699708128036E-019
   26.5676054599580       6.776782050146899E-020
   26.8943870071160       3.824294331663103E-020
   27.2251879673030       2.143275250234741E-020
   27.5600577793010       1.192796742872916E-020
   27.8990464899870       6.591425482390855E-021
   28.2422047618130       3.616418988258240E-021
   28.5895838803840       1.969818638961608E-021
   28.9412357621120       1.065081863624061E-021
   29.2972129619860       5.716229240718830E-022
   29.6575686814190       3.044853157554049E-022
   30.0223567762000       1.609580894672666E-022
   30.3916317645480       8.443221296864429E-023
   30.7654488352510       4.394516567934292E-023
   31.1438638559250       2.269236481016718E-023
   31.5269333813530       1.162443220375014E-023
   31.9147146619440       5.906690009129971E-024
   32.3072656522850       2.976827087994863E-024
   32.7046450198090       1.487839410101650E-024
   33.1069121535520       7.374065590448183E-025
   33.5141271730410       3.623775924355325E-025
   33.9263509372690       1.765523178742990E-025
   34.3436450537980       8.527015212956160E-026
   34.7660718879590       4.082116321410587E-026
   35.1936945721810       1.936827975303532E-026
   35.6265770154190       9.106805780380230E-027
   36.0647839127090       4.242890899706095E-027
   36.5083807548350       1.958525457490155E-027
   36.9574338381200       8.956087483692313E-028
   37.4120102743280       4.056754616073927E-028
   37.8721780007030       1.819949658919829E-028
   38.3380057901110       8.085530319651521E-029
   38.8095632613300       3.556917274136001E-029
   39.2869208894440       1.549180769452819E-029
   39.7701500163840       6.679436011423431E-030
   40.2593228615860       2.850574912049920E-030
   40.7545125327830       1.203995896933795E-030
   41.2557930369360       5.032243575283436E-031
   41.7632392912910       2.081066244684940E-031
   42.2769271345740       8.514135227668551E-032
   42.7969333383290       3.445621947981489E-032
   43.3233356183900       1.379140353568215E-032
   43.8562126464970       5.458881073142259E-033
   44.3956440620480       2.136451009227181E-033
   44.9417104840120       8.266381229586736E-034
   45.4944935229650       3.161618557235853E-034
   46.0540757932980       1.195122700234562E-034
   46.6205409255550       4.464393669381738E-035
   47.1939735789390       1.647753546182917E-035
   47.7744594539600       6.008468261339793E-036
   48.3620853052440       0.000000000000000E+000
   48.9569389544990       0.000000000000000E+000
   49.5591093036390       0.000000000000000E+000
   50.1686863480740       0.000000000000000E+000
   50.7857611901550       0.000000000000000E+000
   51.4104260527940       0.000000000000000E+000
   52.0427742932430       0.000000000000000E+000
   52.6829004170500       0.000000000000000E+000
   53.3309000921800       0.000000000000000E+000
   53.9868701633140       0.000000000000000E+000
   54.6509086663220       0.000000000000000E+000
   55.3231148429180       0.000000000000000E+000
   56.0035891554860       0.000000000000000E+000
   56.6924333020990       0.000000000000000E+000
   57.3897502317140       0.000000000000000E+000
   58.0956441595640       0.000000000000000E+000
   58.8102205827270       0.000000000000000E+000
   59.5335862958950       0.000000000000000E+000
   60.2658494073340       0.000000000000000E+000
   61.0071193550440       0.000000000000000E+000
   61.7575069231110       0.000000000000000E+000
   62.5171242582660       0.000000000000000E+000
   63.2860848866420       0.000000000000000E+000
   64.0645037307480       0.000000000000000E+000
   64.8524971266360       0.000000000000000E+000
   65.6501828412940       0.000000000000000E+000
   66.4576800902420       0.000000000000000E+000
   67.2751095553520       0.000000000000000E+000
   68.1025934028820       0.000000000000000E+000
   68.9402553017380       0.000000000000000E+000
   69.7882204419490       0.000000000000000E+000
   70.6466155533850       0.000000000000000E+000
   71.5155689246920       0.000000000000000E+000
   72.3952104224660       0.000000000000000E+000
   73.2856715106620       0.000000000000000E+000
   74.1870852702430       0.000000000000000E+000
   75.0995864190670       0.000000000000000E+000
   76.0233113320220       0.000000000000000E+000
   76.9583980614050       0.000000000000000E+000
   77.9049863575610       0.000000000000000E+000
   78.8632176897590       0.000000000000000E+000
   79.8332352673430       0.000000000000000E+000
