  2.314815E-04  3.348104E-11  4.552450E-09
  2.343287E-04  3.473175E-11  4.698666E-09
  2.372109E-04  3.602918E-11  4.849573E-09
  2.401286E-04  3.737507E-11  5.005321E-09
  2.430822E-04  3.877125E-11  5.166257E-09
  2.460721E-04  4.021957E-11  5.332949E-09
  2.490988E-04  4.172201E-11  5.505482E-09
  2.521627E-04  4.328056E-11  5.684070E-09
  2.552643E-04  4.489734E-11  5.868915E-09
  2.584041E-04  4.657451E-11  6.060225E-09
  2.615825E-04  4.831434E-11  6.258215E-09
  2.647999E-04  5.011916E-11  6.463107E-09
  2.680570E-04  5.199139E-11  6.675134E-09
  2.713541E-04  5.393357E-11  6.894534E-09
  2.746917E-04  5.594830E-11  7.121555E-09
  2.780704E-04  5.803829E-11  7.356453E-09
  2.814907E-04  6.020635E-11  7.599493E-09
  2.849530E-04  6.245541E-11  7.850951E-09
  2.884580E-04  6.478847E-11  8.111111E-09
  2.920060E-04  6.720869E-11  8.380266E-09
  2.955977E-04  6.971932E-11  8.658723E-09
  2.992335E-04  7.232374E-11  8.946796E-09
  3.029141E-04  7.502545E-11  9.244812E-09
  3.066399E-04  7.782808E-11  9.553109E-09
  3.104116E-04  8.073541E-11  9.872038E-09
  3.142297E-04  8.375134E-11  1.020196E-08
  3.180947E-04  8.687993E-11  1.054325E-08
  3.220072E-04  9.012539E-11  1.089630E-08
  3.259679E-04  9.349210E-11  1.126150E-08
  3.299773E-04  9.698456E-11  1.163928E-08
  3.340361E-04  1.006075E-10  1.203006E-08
  3.381447E-04  1.043658E-10  1.243429E-08
  3.423039E-04  1.082644E-10  1.285244E-08
  3.465142E-04  1.123087E-10  1.328497E-08
  3.507764E-04  1.165041E-10  1.373239E-08
  3.550909E-04  1.208562E-10  1.419520E-08
  3.594585E-04  1.253709E-10  1.467393E-08
  3.638799E-04  1.300542E-10  1.516913E-08
  3.683556E-04  1.349125E-10  1.568138E-08
  3.728864E-04  1.399522E-10  1.621125E-08
  3.774729E-04  1.451802E-10  1.675935E-08
  3.821158E-04  1.506036E-10  1.732631E-08
  3.868158E-04  1.562295E-10  1.791279E-08
  3.915736E-04  1.620655E-10  1.851946E-08
  3.963900E-04  1.681196E-10  1.914702E-08
  4.012656E-04  1.743998E-10  1.979618E-08
  4.062011E-04  1.809147E-10  2.046769E-08
  4.111974E-04  1.876729E-10  2.116234E-08
  4.162552E-04  1.946835E-10  2.188092E-08
  4.213751E-04  2.019561E-10  2.262426E-08
  4.265580E-04  2.095003E-10  2.339321E-08
  4.318047E-04  2.173264E-10  2.418868E-08
  4.371159E-04  2.254448E-10  2.501157E-08
  4.424924E-04  2.338664E-10  2.586284E-08
  4.479350E-04  2.426027E-10  2.674348E-08
  4.534446E-04  2.516653E-10  2.765450E-08
  4.590220E-04  2.610664E-10  2.859696E-08
  4.646680E-04  2.708188E-10  2.957197E-08
  4.703834E-04  2.809354E-10  3.058064E-08
  4.761691E-04  2.914300E-10  3.162415E-08
  4.820260E-04  3.023165E-10  3.270372E-08
  4.879549E-04  3.136098E-10  3.382060E-08
  4.939568E-04  3.253249E-10  3.497610E-08
  5.000324E-04  3.374777E-10  3.617155E-08
  5.061828E-04  3.500844E-10  3.740836E-08
  5.124089E-04  3.631621E-10  3.868796E-08
  5.187115E-04  3.767283E-10  4.001186E-08
  5.250917E-04  3.908013E-10  4.138160E-08
  5.315503E-04  4.054000E-10  4.279878E-08
  5.380884E-04  4.205440E-10  4.426506E-08
  5.447068E-04  4.362537E-10  4.578216E-08
  5.514067E-04  4.525503E-10  4.735186E-08
  5.581890E-04  4.694557E-10  4.897600E-08
  5.650548E-04  4.869926E-10  5.065648E-08
  5.720049E-04  5.051846E-10  5.239528E-08
  5.790406E-04  5.240561E-10  5.419445E-08
  5.861628E-04  5.436326E-10  5.605609E-08
  5.933726E-04  5.639405E-10  5.798241E-08
  6.006711E-04  5.850069E-10  5.997567E-08
  6.080593E-04  6.068603E-10  6.203822E-08
  6.155385E-04  6.295300E-10  6.417249E-08
  6.231096E-04  6.530466E-10  6.638101E-08
  6.307738E-04  6.774417E-10  6.866638E-08
  6.385324E-04  7.027480E-10  7.103131E-08
  6.463863E-04  7.289997E-10  7.347859E-08
  6.543369E-04  7.562321E-10  7.601112E-08
  6.623852E-04  7.844817E-10  7.863190E-08
  6.705325E-04  8.137867E-10  8.134404E-08
  6.787801E-04  8.441863E-10  8.415075E-08
  6.871291E-04  8.757215E-10  8.705537E-08
  6.955808E-04  9.084348E-10  9.006135E-08
  7.041364E-04  9.423701E-10  9.317226E-08
  7.127973E-04  9.775731E-10  9.639180E-08
  7.215647E-04  1.014091E-09  9.972381E-08
  7.304399E-04  1.051973E-09  1.031723E-07
  7.394244E-04  1.091271E-09  1.067412E-07
  7.485193E-04  1.132036E-09  1.104350E-07
  7.577261E-04  1.174324E-09  1.142580E-07
  7.670461E-04  1.218192E-09  1.182148E-07
  7.764808E-04  1.263698E-09  1.223101E-07
  7.860315E-04  1.310905E-09  1.265488E-07
  7.956997E-04  1.359875E-09  1.309360E-07
  8.054868E-04  1.410674E-09  1.354769E-07
  8.153943E-04  1.463371E-09  1.401770E-07
  8.254236E-04  1.518036E-09  1.450419E-07
  8.355763E-04  1.574744E-09  1.500774E-07
  8.458539E-04  1.633570E-09  1.552896E-07
  8.562579E-04  1.694593E-09  1.606848E-07
  8.667899E-04  1.757896E-09  1.662695E-07
  8.774514E-04  1.823563E-09  1.720503E-07
  8.882440E-04  1.891684E-09  1.780343E-07
  8.991695E-04  1.962350E-09  1.842285E-07
  9.102292E-04  2.035655E-09  1.906406E-07
  9.214251E-04  2.111698E-09  1.972782E-07
  9.327586E-04  2.190583E-09  2.041494E-07
  9.442315E-04  2.272414E-09  2.112624E-07
  9.558456E-04  2.357302E-09  2.186258E-07
  9.676025E-04  2.445361E-09  2.262486E-07
  9.795040E-04  2.536709E-09  2.341400E-07
  9.915519E-04  2.631470E-09  2.423095E-07
  1.003748E-03  2.729771E-09  2.507670E-07
  1.016094E-03  2.831744E-09  2.595228E-07
  1.028592E-03  2.937526E-09  2.685874E-07
  1.041244E-03  3.047260E-09  2.779720E-07
  1.054051E-03  3.161093E-09  2.876878E-07
  1.067016E-03  3.279178E-09  2.977467E-07
  1.080140E-03  3.401675E-09  3.081610E-07
  1.093426E-03  3.528747E-09  3.189432E-07
  1.106875E-03  3.660567E-09  3.301065E-07
  1.120490E-03  3.797310E-09  3.416646E-07
  1.134272E-03  3.939162E-09  3.536314E-07
  1.148223E-03  4.086313E-09  3.660216E-07
  1.162346E-03  4.238961E-09  3.788503E-07
  1.176643E-03  4.397311E-09  3.921331E-07
  1.191116E-03  4.561577E-09  4.058863E-07
  1.205767E-03  4.731979E-09  4.201267E-07
  1.220597E-03  4.908746E-09  4.348716E-07
  1.235611E-03  5.092117E-09  4.501392E-07
  1.250809E-03  5.282338E-09  4.659481E-07
  1.266194E-03  5.479664E-09  4.823176E-07
  1.281768E-03  5.684362E-09  4.992678E-07
  1.297534E-03  5.896707E-09  5.168195E-07
  1.313493E-03  6.116984E-09  5.349941E-07
  1.329649E-03  6.345489E-09  5.538141E-07
  1.346004E-03  6.582531E-09  5.733025E-07
  1.362560E-03  6.828428E-09  5.934832E-07
  1.379319E-03  7.083510E-09  6.143811E-07
  1.396285E-03  7.348122E-09  6.360217E-07
  1.413459E-03  7.622618E-09  6.584318E-07
  1.430845E-03  7.907368E-09  6.816389E-07
  1.448444E-03  8.202756E-09  7.056716E-07
  1.466260E-03  8.509178E-09  7.305594E-07
  1.484295E-03  8.827047E-09  7.563330E-07
  1.502552E-03  9.156790E-09  7.830243E-07
  1.521033E-03  9.498851E-09  8.106661E-07
  1.539742E-03  9.853690E-09  8.392925E-07
  1.558681E-03  1.022179E-08  8.689388E-07
  1.577853E-03  1.060363E-08  8.996417E-07
  1.597260E-03  1.099974E-08  9.314391E-07
  1.616907E-03  1.141065E-08  9.643703E-07
  1.636794E-03  1.183690E-08  9.984759E-07
  1.656927E-03  1.227908E-08  1.033798E-06
  1.677307E-03  1.273778E-08  1.070381E-06
  1.697938E-03  1.321362E-08  1.108269E-06
  1.718823E-03  1.370722E-08  1.147510E-06
  1.739964E-03  1.421927E-08  1.188152E-06
  1.761366E-03  1.475045E-08  1.230246E-06
  1.783031E-03  1.530147E-08  1.273843E-06
  1.804962E-03  1.587307E-08  1.318999E-06
  1.827163E-03  1.646603E-08  1.365768E-06
  1.849637E-03  1.708114E-08  1.414208E-06
  1.872388E-03  1.771922E-08  1.464381E-06
  1.895418E-03  1.838114E-08  1.516348E-06
  1.918732E-03  1.906779E-08  1.570174E-06
  1.942332E-03  1.978009E-08  1.625926E-06
  1.966223E-03  2.051900E-08  1.683672E-06
  1.990407E-03  2.128551E-08  1.743486E-06
  2.014889E-03  2.208066E-08  1.805440E-06
  2.039672E-03  2.290551E-08  1.869613E-06
  2.064760E-03  2.376118E-08  1.936084E-06
  2.090157E-03  2.464880E-08  2.004936E-06
  2.115866E-03  2.556959E-08  2.076254E-06
  2.141891E-03  2.652478E-08  2.150128E-06
  2.168236E-03  2.751564E-08  2.226649E-06
  2.194906E-03  2.854353E-08  2.305913E-06
  2.221903E-03  2.960981E-08  2.388019E-06
  2.249232E-03  3.071592E-08  2.473068E-06
  2.276898E-03  3.186336E-08  2.561168E-06
  2.304904E-03  3.305366E-08  2.652428E-06
  2.333254E-03  3.428842E-08  2.746961E-06
  2.361953E-03  3.556931E-08  2.844886E-06
  2.391005E-03  3.689806E-08  2.946325E-06
  2.420414E-03  3.827644E-08  3.051404E-06
  2.450185E-03  3.970631E-08  3.160256E-06
  2.480323E-03  4.118960E-08  3.273015E-06
  2.510831E-03  4.272829E-08  3.389822E-06
  2.541714E-03  4.432447E-08  3.510824E-06
  2.572977E-03  4.598028E-08  3.636172E-06
  2.604625E-03  4.769795E-08  3.766022E-06
  2.636662E-03  4.947978E-08  3.900536E-06
  2.669092E-03  5.132818E-08  4.039883E-06
  2.701922E-03  5.324562E-08  4.184238E-06
  2.735156E-03  5.523470E-08  4.333779E-06
  2.768798E-03  5.729808E-08  4.488695E-06
  2.802855E-03  5.943855E-08  4.649179E-06
  2.837330E-03  6.165898E-08  4.815432E-06
  2.872229E-03  6.396236E-08  4.987662E-06
  2.907557E-03  6.635178E-08  5.166085E-06
  2.943320E-03  6.883047E-08  5.350923E-06
  2.979523E-03  7.140176E-08  5.542407E-06
  3.016171E-03  7.406910E-08  5.740778E-06
  3.053270E-03  7.683609E-08  5.946284E-06
  3.090825E-03  7.970645E-08  6.159182E-06
  3.128842E-03  8.268403E-08  6.379737E-06
  3.167327E-03  8.577286E-08  6.608228E-06
  3.206285E-03  8.897707E-08  6.844938E-06
  3.245723E-03  9.230099E-08  7.090165E-06
  3.285645E-03  9.574908E-08  7.344216E-06
  3.326059E-03  9.932598E-08  7.607407E-06
  3.366969E-03  1.030365E-07  7.880070E-06
  3.408383E-03  1.068857E-07  8.162545E-06
  3.450306E-03  1.108786E-07  8.455186E-06
  3.492745E-03  1.150207E-07  8.758358E-06
  3.535705E-03  1.193176E-07  9.072442E-06
  3.579195E-03  1.237750E-07  9.397830E-06
  3.623219E-03  1.283989E-07  9.734930E-06
  3.667784E-03  1.331955E-07  1.008416E-05
  3.712898E-03  1.381713E-07  1.044597E-05
  3.758567E-03  1.433331E-07  1.082079E-05
  3.804797E-03  1.486876E-07  1.120911E-05
  3.851596E-03  1.542422E-07  1.161141E-05
  3.898971E-03  1.600044E-07  1.202819E-05
  3.946928E-03  1.659817E-07  1.245997E-05
  3.995475E-03  1.721824E-07  1.290729E-05
  4.044620E-03  1.786148E-07  1.337071E-05
  4.094368E-03  1.852874E-07  1.385081E-05
  4.144729E-03  1.922094E-07  1.434820E-05
  4.195709E-03  1.993899E-07  1.486349E-05
  4.247316E-03  2.068387E-07  1.539732E-05
  4.299558E-03  2.145658E-07  1.595037E-05
  4.352443E-03  2.225815E-07  1.652332E-05
  4.405978E-03  2.308968E-07  1.711689E-05
  4.460172E-03  2.395226E-07  1.773182E-05
  4.515032E-03  2.484708E-07  1.836888E-05
  4.570567E-03  2.577532E-07  1.902887E-05
  4.626785E-03  2.673825E-07  1.971260E-05
  4.683694E-03  2.773714E-07  2.042093E-05
  4.741303E-03  2.877336E-07  2.115474E-05
  4.799622E-03  2.984829E-07  2.191496E-05
  4.858657E-03  3.096338E-07  2.270252E-05
  4.918418E-03  3.212014E-07  2.351841E-05
  4.978915E-03  3.332010E-07  2.436364E-05
  5.040156E-03  3.456491E-07  2.523927E-05
  5.102149E-03  3.585621E-07  2.614639E-05
  5.164906E-03  3.719577E-07  2.708613E-05
  5.228434E-03  3.858537E-07  2.805965E-05
  5.292744E-03  4.002688E-07  2.906817E-05
  5.357845E-03  4.152226E-07  3.011294E-05
  5.423746E-03  4.307350E-07  3.119526E-05
  5.490458E-03  4.468271E-07  3.231647E-05
  5.557991E-03  4.635203E-07  3.347798E-05
  5.626354E-03  4.808373E-07  3.468121E-05
  5.695558E-03  4.988012E-07  3.592767E-05
  5.765614E-03  5.174364E-07  3.721889E-05
  5.836531E-03  5.367678E-07  3.855649E-05
  5.908320E-03  5.568214E-07  3.994212E-05
  5.980992E-03  5.776244E-07  4.137750E-05
  6.054559E-03  5.992046E-07  4.286439E-05
  6.129030E-03  6.215911E-07  4.440466E-05
  6.204417E-03  6.448141E-07  4.600020E-05
  6.280731E-03  6.689047E-07  4.765298E-05
  6.357984E-03  6.938955E-07  4.936505E-05
  6.436187E-03  7.198201E-07  5.113852E-05
  6.515352E-03  7.467133E-07  5.297558E-05
  6.595491E-03  7.746114E-07  5.487851E-05
  6.676616E-03  8.035518E-07  5.684965E-05
  6.758738E-03  8.335737E-07  5.889142E-05
  6.841871E-03  8.647173E-07  6.100635E-05
  6.926026E-03  8.970247E-07  6.319704E-05
  7.011216E-03  9.305392E-07  6.546619E-05
  7.097454E-03  9.653060E-07  6.781659E-05
  7.184752E-03  1.001372E-06  7.025112E-05
  7.273125E-03  1.038786E-06  7.277278E-05
  7.362584E-03  1.077597E-06  7.538467E-05
  7.453144E-03  1.117859E-06  7.808998E-05
  7.544818E-03  1.159626E-06  8.089205E-05
  7.637619E-03  1.202953E-06  8.379429E-05
  7.731562E-03  1.247899E-06  8.680027E-05
  7.826660E-03  1.294525E-06  8.991366E-05
  7.922928E-03  1.342893E-06  9.313828E-05
  8.020380E-03  1.393069E-06  9.647805E-05
  8.119031E-03  1.445120E-06  9.993707E-05
  8.218895E-03  1.499116E-06  1.035195E-04
  8.319987E-03  1.555129E-06  1.072299E-04
  8.422323E-03  1.613236E-06  1.110725E-04
  8.525917E-03  1.673515E-06  1.150522E-04
  8.630786E-03  1.736046E-06  1.191737E-04
  8.736945E-03  1.800914E-06  1.234422E-04
  8.844409E-03  1.868207E-06  1.278626E-04
  8.953196E-03  1.938014E-06  1.324405E-04
  9.063320E-03  2.010430E-06  1.371814E-04
  9.174799E-03  2.085553E-06  1.420910E-04
  9.287649E-03  2.163483E-06  1.471753E-04
  9.401887E-03  2.244326E-06  1.524403E-04
  9.517530E-03  2.328191E-06  1.578926E-04
  9.634596E-03  2.415190E-06  1.635385E-04
  9.753101E-03  2.505440E-06  1.693850E-04
  9.873064E-03  2.599064E-06  1.754391E-04
  9.994503E-03  2.696188E-06  1.817081E-04
  1.011744E-02  2.796941E-06  1.881995E-04
  1.024188E-02  2.901461E-06  1.949211E-04
  1.036785E-02  3.009888E-06  2.018810E-04
  1.049538E-02  3.122367E-06  2.090875E-04
  1.062447E-02  3.239051E-06  2.165492E-04
  1.075515E-02  3.360096E-06  2.242751E-04
  1.088744E-02  3.485667E-06  2.322744E-04
  1.102136E-02  3.615932E-06  2.405567E-04
  1.115692E-02  3.751066E-06  2.491317E-04
  1.129415E-02  3.891252E-06  2.580098E-04
  1.143307E-02  4.036678E-06  2.672014E-04
  1.157370E-02  4.187542E-06  2.767175E-04
  1.171605E-02  4.344045E-06  2.865694E-04
  1.186016E-02  4.506400E-06  2.967688E-04
  1.200604E-02  4.674825E-06  3.073276E-04
  1.215371E-02  4.849546E-06  3.182585E-04
  1.230320E-02  5.030801E-06  3.295743E-04
  1.245453E-02  5.218832E-06  3.412883E-04
  1.260772E-02  5.413894E-06  3.534143E-04
  1.276280E-02  5.616249E-06  3.659667E-04
  1.291978E-02  5.826171E-06  3.789600E-04
  1.307870E-02  6.043943E-06  3.924096E-04
  1.323956E-02  6.269858E-06  4.063313E-04
  1.340241E-02  6.504221E-06  4.207412E-04
  1.356726E-02  6.747348E-06  4.356562E-04
  1.373414E-02  6.999567E-06  4.510937E-04
  1.390307E-02  7.261219E-06  4.670717E-04
  1.407407E-02  7.532656E-06  4.836087E-04
  1.424719E-02  7.814246E-06  5.007240E-04
  1.442243E-02  8.106366E-06  5.184373E-04
  1.459982E-02  8.409413E-06  5.367692E-04
  1.477940E-02  8.723795E-06  5.557408E-04
  1.496119E-02  9.049936E-06  5.753741E-04
  1.514521E-02  9.388277E-06  5.956915E-04
  1.533149E-02  9.739274E-06  6.167166E-04
  1.552007E-02  1.010340E-05  6.384733E-04
  1.571097E-02  1.048115E-05  6.609867E-04
  1.590421E-02  1.087303E-05  6.842825E-04
  1.609984E-02  1.127957E-05  7.083872E-04
  1.629786E-02  1.170132E-05  7.333284E-04
  1.649833E-02  1.213886E-05  7.591344E-04
  1.670126E-02  1.259276E-05  7.858346E-04
  1.690668E-02  1.306364E-05  8.134591E-04
  1.711463E-02  1.355215E-05  8.420392E-04
  1.732514E-02  1.405894E-05  8.716073E-04
  1.753824E-02  1.458469E-05  9.021966E-04
  1.775396E-02  1.513012E-05  9.338415E-04
  1.797234E-02  1.569596E-05  9.665776E-04
  1.819340E-02  1.628297E-05  1.000442E-03
  1.841718E-02  1.689196E-05  1.035471E-03
  1.864371E-02  1.752375E-05  1.071706E-03
  1.887303E-02  1.817918E-05  1.109185E-03
  1.910516E-02  1.885915E-05  1.147951E-03
  1.934016E-02  1.956457E-05  1.188047E-03
  1.957804E-02  2.029641E-05  1.229517E-03
  1.981885E-02  2.105564E-05  1.272407E-03
  2.006262E-02  2.184330E-05  1.316764E-03
  2.030939E-02  2.266045E-05  1.362637E-03
  2.055920E-02  2.350820E-05  1.410076E-03
  2.081208E-02  2.438770E-05  1.459133E-03
  2.106807E-02  2.530014E-05  1.509862E-03
  2.132720E-02  2.624674E-05  1.562317E-03
  2.158953E-02  2.722881E-05  1.616556E-03
  2.185508E-02  2.824765E-05  1.672637E-03
  2.212390E-02  2.930467E-05  1.730622E-03
  2.239602E-02  3.040127E-05  1.790572E-03
  2.267149E-02  3.153897E-05  1.852551E-03
  2.295035E-02  3.271928E-05  1.916628E-03
  2.323264E-02  3.394383E-05  1.982869E-03
  2.351840E-02  3.521425E-05  2.051346E-03
  2.380768E-02  3.653229E-05  2.122131E-03
  2.410051E-02  3.789972E-05  2.195300E-03
  2.439695E-02  3.931841E-05  2.270929E-03
  2.469703E-02  4.079027E-05  2.349099E-03
  2.500080E-02  4.231730E-05  2.429892E-03
  2.530831E-02  4.390158E-05  2.513393E-03
  2.561961E-02  4.554526E-05  2.599689E-03
  2.593473E-02  4.725056E-05  2.688869E-03
  2.625372E-02  4.901981E-05  2.781027E-03
  2.657664E-02  5.085541E-05  2.876257E-03
  2.690354E-02  5.275986E-05  2.974659E-03
  2.723445E-02  5.473574E-05  3.076334E-03
  2.756943E-02  5.678573E-05  3.181386E-03
  2.790854E-02  5.891264E-05  3.289922E-03
  2.825181E-02  6.111934E-05  3.402053E-03
  2.859931E-02  6.340884E-05  3.517894E-03
  2.895108E-02  6.578426E-05  3.637560E-03
  2.930718E-02  6.824883E-05  3.761174E-03
  2.966766E-02  7.080592E-05  3.888860E-03
  3.003257E-02  7.345899E-05  4.020745E-03
  3.040197E-02  7.621166E-05  4.156961E-03
  3.077592E-02  7.906769E-05  4.297644E-03
  3.115446E-02  8.203098E-05  4.442934E-03
  3.153766E-02  8.510555E-05  4.592973E-03
  3.192557E-02  8.829561E-05  4.747909E-03
  3.231826E-02  9.160551E-05  4.907895E-03
  3.271577E-02  9.503977E-05  5.073086E-03
  3.311818E-02  9.860307E-05  5.243644E-03
  3.352553E-02  1.023003E-04  5.419733E-03
  3.393789E-02  1.061365E-04  5.601524E-03
  3.435533E-02  1.101169E-04  5.789190E-03
  3.477790E-02  1.142469E-04  5.982913E-03
  3.520567E-02  1.185323E-04  6.182875E-03
  3.563870E-02  1.229788E-04  6.389268E-03
  3.607705E-02  1.275926E-04  6.602286E-03
  3.652080E-02  1.323800E-04  6.822129E-03
  3.697001E-02  1.373475E-04  7.049004E-03
  3.742474E-02  1.425019E-04  7.283121E-03
  3.788506E-02  1.478504E-04  7.524699E-03
  3.835105E-02  1.534002E-04  7.773960E-03
  3.882277E-02  1.591591E-04  8.031133E-03
  3.930029E-02  1.651348E-04  8.296454E-03
  3.978368E-02  1.713356E-04  8.570164E-03
  4.027302E-02  1.777700E-04  8.852512E-03
  4.076838E-02  1.844469E-04  9.143751E-03
  4.126983E-02  1.913755E-04  9.444144E-03
  4.177745E-02  1.985653E-04  9.753958E-03
  4.229131E-02  2.060262E-04  1.007347E-02
  4.281149E-02  2.137685E-04  1.040296E-02
  4.333808E-02  2.218029E-04  1.074271E-02
  4.387113E-02  2.301405E-04  1.109303E-02
  4.441075E-02  2.387927E-04  1.145422E-02
  4.495700E-02  2.477716E-04  1.182660E-02
  4.550997E-02  2.570896E-04  1.221047E-02
  4.606975E-02  2.667595E-04  1.260617E-02
  4.663640E-02  2.767948E-04  1.301403E-02
  4.721003E-02  2.872094E-04  1.343441E-02
  4.779071E-02  2.980176E-04  1.386765E-02
  4.837854E-02  3.092346E-04  1.431411E-02
  4.897360E-02  3.208758E-04  1.477416E-02
  4.957597E-02  3.329575E-04  1.524818E-02
  5.018576E-02  3.454964E-04  1.573657E-02
  5.080304E-02  3.585101E-04  1.623971E-02
  5.142792E-02  3.720166E-04  1.675802E-02
  5.206048E-02  3.860348E-04  1.729190E-02
  5.270083E-02  4.005842E-04  1.784179E-02
  5.334905E-02  4.156852E-04  1.840812E-02
  5.400524E-02  4.313589E-04  1.899134E-02
  5.466950E-02  4.476271E-04  1.959189E-02
  5.534194E-02  4.645128E-04  2.021025E-02
  5.602264E-02  4.820395E-04  2.084689E-02
  5.671172E-02  5.002319E-04  2.150230E-02
  5.740928E-02  5.191154E-04  2.217697E-02
  5.811541E-02  5.387167E-04  2.287141E-02
  5.883023E-02  5.590634E-04  2.358614E-02
  5.955384E-02  5.801841E-04  2.432169E-02
  6.028635E-02  6.021086E-04  2.507859E-02
  6.102788E-02  6.248678E-04  2.585741E-02
  6.177852E-02  6.484940E-04  2.665869E-02
  6.253839E-02  6.730205E-04  2.748302E-02
  6.330762E-02  6.984822E-04  2.833098E-02
  6.408630E-02  7.249151E-04  2.920317E-02
  6.487456E-02  7.523569E-04  3.010019E-02
  6.567252E-02  7.808464E-04  3.102267E-02
  6.648029E-02  8.104244E-04  3.197123E-02
  6.729800E-02  8.411329E-04  3.294653E-02
  6.812576E-02  8.730158E-04  3.394921E-02
  6.896371E-02  9.061188E-04  3.497995E-02
  6.981196E-02  9.404891E-04  3.603942E-02
  7.067065E-02  9.761762E-04  3.712832E-02
  7.153990E-02  1.013231E-03  3.824735E-02
  7.241984E-02  1.051707E-03  3.939722E-02
  7.331061E-02  1.091660E-03  4.057867E-02
  7.421233E-02  1.133147E-03  4.179243E-02
  7.512514E-02  1.176229E-03  4.303926E-02
  7.604918E-02  1.220967E-03  4.431991E-02
  7.698458E-02  1.267426E-03  4.563518E-02
  7.793149E-02  1.315674E-03  4.698584E-02
  7.889005E-02  1.365782E-03  4.837269E-02
  7.986040E-02  1.417821E-03  4.979654E-02
  8.084268E-02  1.471868E-03  5.125823E-02
  8.183705E-02  1.528003E-03  5.275858E-02
  8.284364E-02  1.586306E-03  5.429844E-02
  8.386262E-02  1.646865E-03  5.587866E-02
  8.489413E-02  1.709767E-03  5.750012E-02
  8.593833E-02  1.775107E-03  5.916370E-02
  8.699537E-02  1.842979E-03  6.087027E-02
  8.806541E-02  1.913484E-03  6.262075E-02
  8.914861E-02  1.986728E-03  6.441604E-02
  9.024514E-02  2.062819E-03  6.625706E-02
  9.135516E-02  2.141870E-03  6.814475E-02
  9.247883E-02  2.223998E-03  7.008003E-02
  9.361632E-02  2.309328E-03  7.206385E-02
  9.476780E-02  2.397987E-03  7.409717E-02
  9.593344E-02  2.490107E-03  7.618094E-02
  9.711342E-02  2.585828E-03  7.831614E-02
  9.830792E-02  2.685295E-03  8.050375E-02
  9.951710E-02  2.788657E-03  8.274474E-02
  1.007412E-01  2.896071E-03  8.504009E-02
  1.019803E-01  3.007701E-03  8.739081E-02
  1.032346E-01  3.123717E-03  8.979788E-02
  1.045044E-01  3.244297E-03  9.226231E-02
  1.057898E-01  3.369624E-03  9.478509E-02
  1.070910E-01  3.499893E-03  9.736724E-02
  1.084083E-01  3.635302E-03  1.000098E-01
  1.097417E-01  3.776062E-03  1.027136E-01
  1.110915E-01  3.922390E-03  1.054799E-01
  1.124579E-01  4.074515E-03  1.083096E-01
  1.138412E-01  4.232672E-03  1.112036E-01
  1.152414E-01  4.397109E-03  1.141630E-01
  1.166589E-01  4.568083E-03  1.171889E-01
  1.180938E-01  4.745864E-03  1.202821E-01
  1.195463E-01  4.930732E-03  1.234436E-01
  1.210168E-01  5.122979E-03  1.266746E-01
  1.225053E-01  5.322909E-03  1.299758E-01
  1.240121E-01  5.530841E-03  1.333484E-01
  1.255374E-01  5.747107E-03  1.367931E-01
  1.270815E-01  5.972054E-03  1.403111E-01
  1.286446E-01  6.206041E-03  1.439032E-01
  1.302270E-01  6.449447E-03  1.475704E-01
  1.318288E-01  6.702665E-03  1.513135E-01
  1.334503E-01  6.966106E-03  1.551334E-01
  1.350917E-01  7.240198E-03  1.590311E-01
  1.367533E-01  7.525390E-03  1.630073E-01
  1.384354E-01  7.822147E-03  1.670630E-01
  1.401381E-01  8.130959E-03  1.711989E-01
  1.418618E-01  8.452335E-03  1.754158E-01
  1.436067E-01  8.786806E-03  1.797145E-01
  1.453731E-01  9.134929E-03  1.840957E-01
  1.471612E-01  9.497283E-03  1.885602E-01
  1.489713E-01  9.874475E-03  1.931086E-01
  1.508036E-01  1.026714E-02  1.977416E-01
  1.526585E-01  1.067593E-02  2.024598E-01
  1.545362E-01  1.110155E-02  2.072639E-01
  1.564370E-01  1.154472E-02  2.121543E-01
  1.583612E-01  1.200618E-02  2.171316E-01
  1.603090E-01  1.248673E-02  2.221963E-01
  1.622808E-01  1.298720E-02  2.273488E-01
  1.642769E-01  1.350844E-02  2.325895E-01
  1.662975E-01  1.405135E-02  2.379188E-01
  1.683429E-01  1.461687E-02  2.433370E-01
  1.704136E-01  1.520599E-02  2.488443E-01
  1.725096E-01  1.581974E-02  2.544410E-01
  1.746315E-01  1.645919E-02  2.601271E-01
  1.767795E-01  1.712545E-02  2.659029E-01
  1.789539E-01  1.781972E-02  2.717683E-01
  1.811550E-01  1.854320E-02  2.777234E-01
  1.833832E-01  1.929720E-02  2.837680E-01
  1.856388E-01  2.008304E-02  2.899021E-01
  1.879222E-01  2.090213E-02  2.961254E-01
  1.902336E-01  2.175594E-02  3.024377E-01
  1.925735E-01  2.264600E-02  3.088387E-01
  1.949422E-01  2.357392E-02  3.153279E-01
  1.973399E-01  2.454136E-02  3.219049E-01
  1.997672E-01  2.555009E-02  3.285692E-01
  2.022244E-01  2.660193E-02  3.353200E-01
  2.047117E-01  2.769880E-02  3.421568E-01
  2.072297E-01  2.884270E-02  3.490787E-01
  2.097786E-01  3.003572E-02  3.560849E-01
  2.123589E-01  3.128006E-02  3.631745E-01
  2.149709E-01  3.257799E-02  3.703463E-01
  2.176150E-01  3.393190E-02  3.775994E-01
  2.202917E-01  3.534430E-02  3.849324E-01
  2.230013E-01  3.681778E-02  3.923441E-01
  2.257442E-01  3.835508E-02  3.998332E-01
  2.285209E-01  3.995904E-02  4.073981E-01
  2.313317E-01  4.163263E-02  4.150373E-01
  2.341770E-01  4.337896E-02  4.227491E-01
  2.370574E-01  4.520126E-02  4.305317E-01
  2.399732E-01  4.710292E-02  4.383834E-01
  2.429249E-01  4.908747E-02  4.463021E-01
  2.459129E-01  5.115859E-02  4.542858E-01
  2.489376E-01  5.332013E-02  4.623323E-01
  2.519995E-01  5.557608E-02  4.704394E-01
  2.550991E-01  5.793063E-02  4.786047E-01
  2.582368E-01  6.038813E-02  4.868258E-01
  2.614132E-01  6.295311E-02  4.951002E-01
  2.646285E-01  6.563029E-02  5.034251E-01
  2.678835E-01  6.842459E-02  5.117978E-01
  2.711784E-01  7.134112E-02  5.202155E-01
  2.745139E-01  7.438521E-02  5.286752E-01
  2.778905E-01  7.756237E-02  5.371738E-01
  2.813085E-01  8.087836E-02  5.457082E-01
  2.847686E-01  8.433915E-02  5.542752E-01
  2.882713E-01  8.795091E-02  5.628713E-01
  2.918170E-01  9.172007E-02  5.714932E-01
  2.954063E-01  9.565329E-02  5.801373E-01
  2.990398E-01  9.975746E-02  5.888000E-01
  3.027180E-01  1.040397E-01  5.974775E-01
  3.064415E-01  1.085074E-01  6.061661E-01
  3.102107E-01  1.131681E-01  6.148619E-01
  3.140263E-01  1.180297E-01  6.235608E-01
  3.178888E-01  1.231004E-01  6.322590E-01
  3.217988E-01  1.283883E-01  6.409521E-01
  3.257570E-01  1.339022E-01  6.496361E-01
  3.297638E-01  1.396508E-01  6.583068E-01
  3.338199E-01  1.456431E-01  6.669597E-01
  3.379259E-01  1.518883E-01  6.755905E-01
  3.420823E-01  1.583959E-01  6.841949E-01
  3.462900E-01  1.651756E-01  6.927683E-01
  3.505493E-01  1.722371E-01  7.013063E-01
  3.548611E-01  1.795904E-01  7.098044E-01
  3.592259E-01  1.872455E-01  7.182581E-01
  3.636443E-01  1.952127E-01  7.266627E-01
  3.681172E-01  2.035023E-01  7.350138E-01
  3.726450E-01  2.121246E-01  7.433067E-01
  3.772285E-01  2.210899E-01  7.515367E-01
  3.818685E-01  2.304085E-01  7.596993E-01
  3.865654E-01  2.400907E-01  7.677898E-01
  3.913202E-01  2.501466E-01  7.758034E-01
  3.961334E-01  2.605861E-01  7.837354E-01
  4.010059E-01  2.714190E-01  7.915808E-01
  4.059382E-01  2.826546E-01  7.993349E-01
  4.109313E-01  2.943019E-01  8.069924E-01
  4.159857E-01  3.063696E-01  8.145483E-01
  4.211024E-01  3.188656E-01  8.219973E-01
  4.262819E-01  3.317973E-01  8.293341E-01
  4.315252E-01  3.451715E-01  8.365531E-01
  4.368329E-01  3.589940E-01  8.436488E-01
  4.422060E-01  3.732698E-01  8.506154E-01
  4.476451E-01  3.880026E-01  8.574473E-01
  4.531512E-01  4.031953E-01  8.641387E-01
  4.587249E-01  4.188493E-01  8.706839E-01
  4.643672E-01  4.349646E-01  8.770771E-01
  4.700790E-01  4.515397E-01  8.833127E-01
  4.758609E-01  4.685715E-01  8.893852E-01
  4.817140E-01  4.860548E-01  8.952891E-01
  4.876391E-01  5.039827E-01  9.010191E-01
  4.936371E-01  5.223461E-01  9.065700E-01
  4.997088E-01  5.411336E-01  9.119368E-01
  5.058552E-01  5.603315E-01  9.171147E-01
  5.120772E-01  5.799236E-01  9.220988E-01
  5.183758E-01  5.998910E-01  9.268847E-01
  5.247518E-01  6.202120E-01  9.314680E-01
  5.312063E-01  6.408620E-01  9.358443E-01
  5.377401E-01  6.618136E-01  9.400098E-01
  5.443543E-01  6.830362E-01  9.439603E-01
  5.510499E-01  7.044962E-01  9.476924E-01
  5.578278E-01  7.261566E-01  9.512024E-01
  5.646890E-01  7.479775E-01  9.544870E-01
  5.716347E-01  7.699159E-01  9.575431E-01
  5.786658E-01  7.919254E-01  9.603677E-01
  5.857834E-01  8.139569E-01  9.629581E-01
  5.929886E-01  8.359582E-01  9.653117E-01
  6.002823E-01  8.578743E-01  9.674264E-01
  6.076658E-01  8.796476E-01  9.692999E-01
  6.151401E-01  9.012182E-01  9.709304E-01
  6.227063E-01  9.225237E-01  9.723164E-01
  6.303656E-01  9.434998E-01  9.734564E-01
  6.381191E-01  9.640802E-01  9.743492E-01
  6.459679E-01  9.841969E-01  9.749939E-01
  6.539134E-01  1.003781E+00  9.753899E-01
  6.619565E-01  1.022760E+00  9.755367E-01
  6.700986E-01  1.041065E+00  9.754340E-01
  6.783408E-01  1.058621E+00  9.750820E-01
  6.866844E-01  1.075357E+00  9.744809E-01
  6.951306E-01  1.091201E+00  9.736312E-01
  7.036807E-01  1.106082E+00  9.725336E-01
  7.123359E-01  1.119931E+00  9.711891E-01
  7.210977E-01  1.132681E+00  9.695988E-01
  7.299672E-01  1.144269E+00  9.677641E-01
  7.389458E-01  1.154636E+00  9.656867E-01
  7.480348E-01  1.163728E+00  9.633683E-01
  7.572356E-01  1.171495E+00  9.608111E-01
  7.665496E-01  1.177896E+00  9.580171E-01
  7.759782E-01  1.182895E+00  9.549888E-01
  7.855227E-01  1.186462E+00  9.517288E-01
  7.951847E-01  1.188579E+00  9.482399E-01
  8.049654E-01  1.189231E+00  9.445249E-01
  8.148665E-01  1.188416E+00  9.405871E-01
  8.248894E-01  1.186137E+00  9.364296E-01
  8.350355E-01  1.182409E+00  9.320560E-01
  8.453064E-01  1.177254E+00  9.274697E-01
  8.557037E-01  1.170702E+00  9.226744E-01
  8.662289E-01  1.162795E+00  9.176741E-01
  8.768835E-01  1.153579E+00  9.124726E-01
  8.876691E-01  1.143113E+00  9.070740E-01
  8.985875E-01  1.131459E+00  9.014826E-01
  9.096401E-01  1.118689E+00  8.957026E-01
  9.208287E-01  1.104881E+00  8.897385E-01
  9.321549E-01  1.090119E+00  8.835946E-01
  9.436204E-01  1.074490E+00  8.772757E-01
  9.552269E-01  1.058089E+00  8.707863E-01
  9.669762E-01  1.041011E+00  8.641312E-01
  9.788700E-01  1.023354E+00  8.573152E-01
  9.909101E-01  1.005220E+00  8.503431E-01
  1.003098E+00  9.867098E-01  8.432199E-01
  1.015436E+00  9.679233E-01  8.359505E-01
  1.027926E+00  9.489603E-01  8.285400E-01
  1.040570E+00  9.299183E-01  8.209934E-01
  1.053369E+00  9.108920E-01  8.133158E-01
  1.066325E+00  8.919723E-01  8.055123E-01
  1.079441E+00  8.732458E-01  7.975880E-01
  1.092718E+00  8.547940E-01  7.895481E-01
  1.106159E+00  8.366928E-01  7.813978E-01
  1.119764E+00  8.190119E-01  7.731423E-01
  1.133537E+00  8.018146E-01  7.647867E-01
  1.147480E+00  7.851570E-01  7.563363E-01
  1.161594E+00  7.690880E-01  7.477961E-01
  1.175882E+00  7.536488E-01  7.391713E-01
  1.190345E+00  7.388731E-01  7.304672E-01
  1.204986E+00  7.247866E-01  7.216888E-01
  1.219807E+00  7.114070E-01  7.128412E-01
  1.234811E+00  6.987442E-01  7.039294E-01
  1.249999E+00  6.867998E-01  6.949586E-01
  1.265374E+00  6.755680E-01  6.859337E-01
  1.280938E+00  6.650348E-01  6.768596E-01
  1.296694E+00  6.551787E-01  6.677413E-01
  1.312643E+00  6.459706E-01  6.585836E-01
  1.328789E+00  6.373742E-01  6.493913E-01
  1.345133E+00  6.293460E-01  6.401692E-01
  1.361678E+00  6.218360E-01  6.309220E-01
  1.378427E+00  6.147874E-01  6.216542E-01
  1.395381E+00  6.081379E-01  6.123704E-01
  1.412544E+00  6.018199E-01  6.030752E-01
  1.429919E+00  5.957613E-01  5.937730E-01
  1.447507E+00  5.898868E-01  5.844681E-01
  1.465311E+00  5.841188E-01  5.751648E-01
  1.483334E+00  5.783791E-01  5.658672E-01
  1.501579E+00  5.725902E-01  5.565797E-01
  1.520049E+00  5.666770E-01  5.473061E-01
  1.538745E+00  5.605689E-01  5.380504E-01
  1.557672E+00  5.542007E-01  5.288166E-01
  1.576831E+00  5.475152E-01  5.196085E-01
  1.596226E+00  5.404643E-01  5.104297E-01
  1.615860E+00  5.330104E-01  5.012839E-01
  1.635735E+00  5.251280E-01  4.921746E-01
  1.655855E+00  5.168045E-01  4.831052E-01
  1.676222E+00  5.080402E-01  4.740791E-01
  1.696839E+00  4.988493E-01  4.650996E-01
  1.717710E+00  4.892589E-01  4.561697E-01
  1.738838E+00  4.793085E-01  4.472925E-01
  1.760226E+00  4.690484E-01  4.384710E-01
  1.781877E+00  4.585385E-01  4.297079E-01
  1.803794E+00  4.478453E-01  4.210060E-01
  1.825980E+00  4.370407E-01  4.123678E-01
  1.848440E+00  4.261983E-01  4.037959E-01
  1.871176E+00  4.153911E-01  3.952926E-01
  1.894191E+00  4.046892E-01  3.868603E-01
  1.917490E+00  3.941562E-01  3.785011E-01
  1.941075E+00  3.838479E-01  3.702170E-01
  1.964950E+00  3.738092E-01  3.620101E-01
  1.989119E+00  3.640731E-01  3.538821E-01
  2.013585E+00  3.546592E-01  3.458350E-01
  2.038352E+00  3.455734E-01  3.378703E-01
  2.063424E+00  3.368080E-01  3.299898E-01
  2.088804E+00  3.283434E-01  3.221948E-01
  2.114496E+00  3.201497E-01  3.144870E-01
  2.140505E+00  3.121907E-01  3.068676E-01
  2.166833E+00  3.044272E-01  2.993379E-01
  2.193485E+00  2.968223E-01  2.918993E-01
  2.220465E+00  2.893452E-01  2.845528E-01
  2.247776E+00  2.819753E-01  2.772997E-01
  2.275424E+00  2.747034E-01  2.701410E-01
  2.303412E+00  2.675281E-01  2.630777E-01
  2.331744E+00  2.604500E-01  2.561107E-01
  2.360424E+00  2.534702E-01  2.492411E-01
  2.389458E+00  2.465895E-01  2.424697E-01
  2.418848E+00  2.398088E-01  2.357972E-01
  2.448600E+00  2.331289E-01  2.292246E-01
  2.478717E+00  2.265506E-01  2.227525E-01
  2.509206E+00  2.200747E-01  2.163816E-01
  2.540069E+00  2.137019E-01  2.101126E-01
  2.571312E+00  2.074328E-01  2.039460E-01
  2.602939E+00  2.012680E-01  1.978825E-01
  2.634955E+00  1.952082E-01  1.919226E-01
  2.667365E+00  1.892538E-01  1.860667E-01
  2.700174E+00  1.834053E-01  1.803153E-01
  2.733386E+00  1.776631E-01  1.746687E-01
  2.767006E+00  1.720277E-01  1.691273E-01
  2.801041E+00  1.664994E-01  1.636914E-01
  2.835493E+00  1.610784E-01  1.583612E-01
  2.870370E+00  1.557649E-01  1.531369E-01
  2.905675E+00  1.505593E-01  1.480188E-01
  2.941415E+00  1.454615E-01  1.430068E-01
  2.977595E+00  1.404716E-01  1.381010E-01
  3.014219E+00  1.355897E-01  1.333015E-01
  3.051294E+00  1.308157E-01  1.286080E-01
  3.088825E+00  1.261495E-01  1.240207E-01
  3.126817E+00  1.215909E-01  1.195391E-01
  3.165277E+00  1.171398E-01  1.151632E-01
  3.204210E+00  1.127957E-01  1.108926E-01
  3.243622E+00  1.085584E-01  1.067269E-01
  3.283519E+00  1.044273E-01  1.026658E-01
  3.323906E+00  1.004021E-01  9.870862E-02
  3.364790E+00  9.648215E-02  9.485494E-02
  3.406177E+00  9.266677E-02  9.110408E-02
  3.448073E+00  8.895529E-02  8.745535E-02
  3.490484E+00  8.534692E-02  8.390798E-02
  3.533417E+00  8.184080E-02  8.046112E-02
  3.576878E+00  7.843601E-02  7.711387E-02
  3.620874E+00  7.513156E-02  7.386525E-02
  3.665410E+00  7.192638E-02  7.071421E-02
  3.710495E+00  6.881934E-02  6.765964E-02
  3.756134E+00  6.580923E-02  6.470036E-02
  3.802334E+00  6.289479E-02  6.183512E-02
  3.849103E+00  6.007469E-02  5.906263E-02
  3.896447E+00  5.734754E-02  5.638150E-02
  3.944373E+00  5.471190E-02  5.379034E-02
  3.992889E+00  5.216626E-02  5.128766E-02
  4.042002E+00  4.970909E-02  4.887193E-02
  4.091718E+00  4.733877E-02  4.654160E-02
  4.142046E+00  4.505368E-02  4.429505E-02
  4.192994E+00  4.285214E-02  4.213064E-02
  4.244567E+00  4.073242E-02  4.004667E-02
  4.296776E+00  3.869280E-02  3.804145E-02
  4.349626E+00  3.673150E-02  3.611322E-02
  4.403126E+00  3.484674E-02  3.426023E-02
  4.457285E+00  3.303669E-02  3.248071E-02
  4.512109E+00  3.129955E-02  3.077285E-02
  4.567608E+00  2.963346E-02  2.913485E-02
  4.623790E+00  2.803660E-02  2.756491E-02
  4.680663E+00  2.650713E-02  2.606122E-02
  4.738235E+00  2.504318E-02  2.462195E-02
  4.796515E+00  2.364294E-02  2.324531E-02
  4.855512E+00  2.230455E-02  2.192948E-02
  4.915235E+00  2.102620E-02  2.067267E-02
  4.975692E+00  1.980608E-02  1.947311E-02
  5.036893E+00  1.864237E-02  1.832901E-02
  5.098847E+00  1.753331E-02  1.723863E-02
  5.161563E+00  1.647711E-02  1.620023E-02
  5.225050E+00  1.547204E-02  1.521209E-02
  5.289318E+00  1.451636E-02  1.427251E-02
  5.354377E+00  1.360837E-02  1.337981E-02
  5.420236E+00  1.274640E-02  1.253235E-02
  5.486905E+00  1.192878E-02  1.172850E-02
  5.554394E+00  1.115389E-02  1.096665E-02
  5.622713E+00  1.042011E-02  1.024522E-02
  5.691872E+00  9.725883E-03  9.562676E-03
  5.761882E+00  9.069648E-03  8.917481E-03
  5.832753E+00  8.449888E-03  8.308146E-03
  5.904496E+00  7.865114E-03  7.733206E-03
  5.977121E+00  7.313867E-03  7.191227E-03
  6.050640E+00  6.794717E-03  6.680805E-03
  6.125063E+00  6.306269E-03  6.200565E-03
  6.200401E+00  5.847157E-03  5.749167E-03
  6.276666E+00  5.416049E-03  5.325302E-03
  6.353869E+00  5.011647E-03  4.927692E-03
  6.432022E+00  4.632686E-03  4.555094E-03
  6.511135E+00  4.277935E-03  4.206298E-03
  6.591222E+00  3.946199E-03  3.880129E-03
  6.672294E+00  3.636316E-03  3.575446E-03
  6.754364E+00  3.347160E-03  3.291142E-03
  6.837442E+00  3.077643E-03  3.026145E-03
  6.921543E+00  2.826710E-03  2.779419E-03
  7.006678E+00  2.593343E-03  2.549964E-03
  7.092860E+00  2.376559E-03  2.336813E-03
  7.180102E+00  2.175413E-03  2.139038E-03
  7.268417E+00  1.988995E-03  1.955743E-03
  7.357819E+00  1.816431E-03  1.786068E-03
  7.448320E+00  1.656881E-03  1.629190E-03
  7.539935E+00  1.509543E-03  1.484319E-03
  7.632676E+00  1.373648E-03  1.350698E-03
  7.726558E+00  1.248462E-03  1.227607E-03
  7.821594E+00  1.133285E-03  1.114358E-03
  7.917800E+00  1.027451E-03  1.010294E-03
  8.015189E+00  9.303266E-04  9.147934E-04
  8.113776E+00  8.413089E-04  8.272642E-04
  8.213575E+00  7.598281E-04  7.471456E-04
  8.314602E+00  6.853442E-04  6.739066E-04
  8.416872E+00  6.173470E-04  6.070457E-04
  8.520399E+00  5.553552E-04  5.460896E-04
  8.625200E+00  4.989150E-04  4.905923E-04
  8.731290E+00  4.476000E-04  4.401344E-04
  8.838685E+00  4.010096E-04  3.943220E-04
  8.947401E+00  3.587680E-04  3.527857E-04
  9.057454E+00  3.205237E-04  3.151799E-04
  9.168860E+00  2.859481E-04  2.811814E-04
  9.281637E+00  2.547345E-04  2.504887E-04
  9.395802E+00  2.265973E-04  2.228209E-04
  9.511370E+00  2.012708E-04  1.979170E-04
  9.628360E+00  1.785084E-04  1.755342E-04
  9.746789E+00  1.580814E-04  1.554479E-04
  9.866674E+00  1.397783E-04  1.374500E-04
  9.988034E+00  1.234035E-04  1.213483E-04
  1.011089E+01  1.087769E-04  1.069655E-04
  1.023525E+01  9.573245E-05  9.413847E-05
  1.036114E+01  8.411762E-05  8.271721E-05
  1.048859E+01  7.379245E-05  7.256409E-05
  1.061760E+01  6.462876E-05  6.355307E-05
  1.074819E+01  5.650932E-05  5.556890E-05
  1.088040E+01  4.932719E-05  4.850640E-05
  1.101422E+01  4.298491E-05  4.226974E-05
  1.114970E+01  3.739385E-05  3.677178E-05
  1.128684E+01  3.247357E-05  3.193342E-05
  1.142567E+01  2.815117E-05  2.768298E-05
  1.156620E+01  2.436073E-05  2.395563E-05
  1.170847E+01  2.104274E-05  2.069287E-05
  1.185248E+01  1.814359E-05  1.784195E-05
  1.199827E+01  1.561504E-05  1.535548E-05
  1.214585E+01  1.341383E-05  1.319088E-05
  1.229524E+01  1.150116E-05  1.131003E-05
  1.244647E+01  9.842390E-06  9.678847E-06
  1.259956E+01  8.406571E-06  8.266905E-06
  1.275454E+01  7.166161E-06  7.047118E-06
  1.291142E+01  6.096676E-06  5.995413E-06
  1.307023E+01  5.176402E-06  5.090436E-06
  1.323099E+01  4.386120E-06  4.313289E-06
  1.339374E+01  3.708856E-06  3.647279E-06
  1.355848E+01  3.129646E-06  3.077693E-06
  1.372525E+01  2.635331E-06  2.591590E-06
  1.389407E+01  2.214361E-06  2.177614E-06
  1.406496E+01  1.856624E-06  1.825818E-06
  1.423796E+01  1.553280E-06  1.527511E-06
  1.441309E+01  1.296624E-06  1.275118E-06
  1.459037E+01  1.079954E-06  1.062045E-06
  1.476983E+01  8.974522E-07  8.825725E-07
  1.495150E+01  7.440802E-07  7.317465E-07
  1.513541E+01  6.154862E-07  6.052871E-07
  1.532157E+01  5.079191E-07  4.995055E-07
  1.551003E+01  4.181534E-07  4.112300E-07
  1.570080E+01  3.434225E-07  3.377400E-07
  1.589392E+01  2.813590E-07  2.767075E-07
  1.608942E+01  2.299422E-07  2.261455E-07
  1.628732E+01  1.874516E-07  1.843620E-07
  1.648765E+01  1.524258E-07  1.499202E-07
  1.669045E+01  1.236269E-07  1.395304E-08
  1.689574E+01  1.000089E-07  1.200753E-03
  1.710356E+01  8.069041E-08  1.096642E-03
  1.731393E+01  6.493039E-08  1.000249E-03
  1.752689E+01  5.210781E-08  9.111209E-04
  1.774247E+01  4.170341E-08  8.288247E-04
  1.796071E+01  3.328432E-08  7.529425E-04
  1.818162E+01  2.649061E-08  6.830735E-04
  1.840526E+01  2.102391E-08  6.188341E-04
  1.863164E+01  1.663752E-08  5.598570E-04
  1.886081E+01  1.312810E-08  5.057919E-04
  1.909280E+01  1.032851E-08  4.563050E-04
  1.932764E+01  8.101771E-09  4.110788E-04
  1.956537E+01  6.335956E-09  3.698120E-04
  1.980602E+01  4.939900E-09  3.322191E-04
  2.004964E+01  3.839564E-09  2.980299E-04
  2.029625E+01  2.974998E-09  2.669907E-04
  2.054589E+01  2.297819E-09  0.000000E+00
  2.079861E+01  1.769098E-09  0.000000E+00
  2.105443E+01  1.357618E-09  0.000000E+00
  2.131340E+01  1.038426E-09  0.000000E+00
  2.157555E+01  7.916401E-10  0.000000E+00
  2.184093E+01  6.014731E-10  0.000000E+00
  2.210958E+01  4.554312E-10  0.000000E+00
  2.238152E+01  3.436599E-10  0.000000E+00
  2.265682E+01  2.584139E-10  0.000000E+00
  2.293550E+01  1.936266E-10  0.000000E+00
  2.321760E+01  1.445629E-10  0.000000E+00
  2.350318E+01  1.075406E-10  0.000000E+00
  2.379227E+01  7.970609E-11  0.000000E+00
  2.408491E+01  5.885655E-11  0.000000E+00
  2.438116E+01  4.329742E-11  0.000000E+00
  2.468105E+01  3.173021E-11  0.000000E+00
  2.498462E+01  2.316365E-11  0.000000E+00
  2.529193E+01  1.684394E-11  0.000000E+00
  2.560302E+01  1.220007E-11  0.000000E+00
  2.591794E+01  8.801211E-12  0.000000E+00
  2.623673E+01  6.323595E-12  0.000000E+00
  2.655944E+01  4.524916E-12  0.000000E+00
  2.688612E+01  0.000000E+00  0.000000E+00
  2.721682E+01  0.000000E+00  0.000000E+00
  2.755159E+01  0.000000E+00  0.000000E+00
  2.789048E+01  0.000000E+00  0.000000E+00
  2.823353E+01  0.000000E+00  0.000000E+00
  2.858080E+01  0.000000E+00  0.000000E+00
  2.893234E+01  0.000000E+00  0.000000E+00
  2.928821E+01  0.000000E+00  0.000000E+00
  2.964846E+01  0.000000E+00  0.000000E+00
  3.001313E+01  0.000000E+00  0.000000E+00
  3.038229E+01  0.000000E+00  0.000000E+00
  3.075600E+01  0.000000E+00  0.000000E+00
  3.113430E+01  0.000000E+00  0.000000E+00
  3.151725E+01  0.000000E+00  0.000000E+00
  3.190491E+01  0.000000E+00  0.000000E+00
  3.229734E+01  0.000000E+00  0.000000E+00
  3.269460E+01  0.000000E+00  0.000000E+00
  3.309674E+01  0.000000E+00  0.000000E+00
  3.350383E+01  0.000000E+00  0.000000E+00
  3.391593E+01  0.000000E+00  0.000000E+00
  3.433309E+01  0.000000E+00  0.000000E+00
  3.475539E+01  0.000000E+00  0.000000E+00
  3.518288E+01  0.000000E+00  0.000000E+00
  3.561563E+01  0.000000E+00  0.000000E+00
  3.605370E+01  0.000000E+00  0.000000E+00
  3.649716E+01  0.000000E+00  0.000000E+00
  3.694608E+01  0.000000E+00  0.000000E+00
  3.740052E+01  0.000000E+00  0.000000E+00
  3.786054E+01  0.000000E+00  0.000000E+00
  3.832623E+01  0.000000E+00  0.000000E+00
  3.879764E+01  0.000000E+00  0.000000E+00
  3.927485E+01  0.000000E+00  0.000000E+00
  3.975793E+01  0.000000E+00  0.000000E+00
  4.024695E+01  0.000000E+00  0.000000E+00
  4.074199E+01  0.000000E+00  0.000000E+00
  4.124312E+01  0.000000E+00  0.000000E+00
  4.175041E+01  0.000000E+00  0.000000E+00
  4.226394E+01  0.000000E+00  0.000000E+00
  4.278379E+01  0.000000E+00  0.000000E+00
  4.331003E+01  0.000000E+00  0.000000E+00
  4.384274E+01  0.000000E+00  0.000000E+00
  4.438200E+01  0.000000E+00  0.000000E+00
  4.492790E+01  0.000000E+00  0.000000E+00
  4.548052E+01  0.000000E+00  0.000000E+00
  4.603993E+01  0.000000E+00  0.000000E+00
  4.660622E+01  0.000000E+00  0.000000E+00
  4.717947E+01  0.000000E+00  0.000000E+00
  4.775978E+01  0.000000E+00  0.000000E+00
  4.834723E+01  0.000000E+00  0.000000E+00
  4.894190E+01  0.000000E+00  0.000000E+00
  4.954388E+01  0.000000E+00  0.000000E+00
  5.015327E+01  0.000000E+00  0.000000E+00
  5.077016E+01  0.000000E+00  0.000000E+00
  5.139463E+01  0.000000E+00  0.000000E+00
  5.202679E+01  0.000000E+00  0.000000E+00
  5.266672E+01  0.000000E+00  0.000000E+00
  5.331452E+01  0.000000E+00  0.000000E+00
  5.397028E+01  0.000000E+00  0.000000E+00
  5.463412E+01  0.000000E+00  0.000000E+00
  5.530612E+01  0.000000E+00  0.000000E+00
  5.598638E+01  0.000000E+00  0.000000E+00
  5.667502E+01  0.000000E+00  0.000000E+00
  5.737212E+01  0.000000E+00  0.000000E+00
  5.807780E+01  0.000000E+00  0.000000E+00
  5.879215E+01  0.000000E+00  0.000000E+00
  5.951530E+01  0.000000E+00  0.000000E+00
  6.024733E+01  0.000000E+00  0.000000E+00
  6.098838E+01  0.000000E+00  0.000000E+00
  6.173853E+01  0.000000E+00  0.000000E+00
  6.249792E+01  0.000000E+00  0.000000E+00
  6.326664E+01  0.000000E+00  0.000000E+00
  6.404482E+01  0.000000E+00  0.000000E+00
  6.483257E+01  0.000000E+00  0.000000E+00
  6.563001E+01  0.000000E+00  0.000000E+00
  6.643726E+01  0.000000E+00  0.000000E+00
  6.725444E+01  0.000000E+00  0.000000E+00
  6.808167E+01  0.000000E+00  0.000000E+00
  6.891908E+01  0.000000E+00  0.000000E+00
  6.976678E+01  0.000000E+00  0.000000E+00
  7.062491E+01  0.000000E+00  0.000000E+00
  7.149360E+01  0.000000E+00  0.000000E+00
  7.237297E+01  0.000000E+00  0.000000E+00
  7.326316E+01  0.000000E+00  0.000000E+00
  7.416429E+01  0.000000E+00  0.000000E+00
  7.507651E+01  0.000000E+00  0.000000E+00
  7.599996E+01  0.000000E+00  0.000000E+00
  7.693476E+01  0.000000E+00  0.000000E+00
  7.788105E+01  0.000000E+00  0.000000E+00
  7.883899E+01  0.000000E+00  0.000000E+00
