  2.314815E-04  1.048847E-08  4.537311E-06
  2.343287E-04  1.074807E-08  4.629613E-06
  2.372109E-04  1.101410E-08  4.723789E-06
  2.401286E-04  1.128671E-08  4.819877E-06
  2.430822E-04  1.156607E-08  4.918024E-06
  2.460721E-04  1.185235E-08  5.018506E-06
  2.490988E-04  1.214571E-08  5.121312E-06
  2.521627E-04  1.244633E-08  5.226504E-06
  2.552643E-04  1.275439E-08  5.334132E-06
  2.584041E-04  1.307008E-08  5.444249E-06
  2.615825E-04  1.339358E-08  5.556908E-06
  2.647999E-04  1.372509E-08  5.672164E-06
  2.680570E-04  1.406480E-08  5.790072E-06
  2.713541E-04  1.441293E-08  5.910690E-06
  2.746917E-04  1.476966E-08  6.034077E-06
  2.780704E-04  1.513523E-08  6.160292E-06
  2.814907E-04  1.550985E-08  6.289397E-06
  2.849530E-04  1.589374E-08  6.421455E-06
  2.884580E-04  1.628713E-08  6.556530E-06
  2.920060E-04  1.669026E-08  6.694687E-06
  2.955977E-04  1.710336E-08  6.835995E-06
  2.992335E-04  1.752669E-08  6.980522E-06
  3.029141E-04  1.796050E-08  7.128338E-06
  3.066399E-04  1.840505E-08  7.279517E-06
  3.104116E-04  1.886060E-08  7.434131E-06
  3.142297E-04  1.932742E-08  7.592256E-06
  3.180947E-04  1.980580E-08  7.753971E-06
  3.220072E-04  2.029602E-08  7.919353E-06
  3.259679E-04  2.079837E-08  8.088485E-06
  3.299773E-04  2.131316E-08  8.261449E-06
  3.340361E-04  2.184069E-08  8.438329E-06
  3.381447E-04  2.238127E-08  8.619213E-06
  3.423039E-04  2.293524E-08  8.804190E-06
  3.465142E-04  2.350292E-08  8.993350E-06
  3.507764E-04  2.408464E-08  9.186787E-06
  3.550909E-04  2.468077E-08  9.384596E-06
  3.594585E-04  2.529165E-08  9.586874E-06
  3.638799E-04  2.591765E-08  9.793722E-06
  3.683556E-04  2.655915E-08  1.000524E-05
  3.728864E-04  2.721652E-08  1.022153E-05
  3.774729E-04  2.789017E-08  1.044271E-05
  3.821158E-04  2.858049E-08  1.066888E-05
  3.868158E-04  2.928789E-08  1.090015E-05
  3.915736E-04  3.001280E-08  1.113664E-05
  3.963900E-04  3.075566E-08  1.137846E-05
  4.012656E-04  3.151690E-08  1.162574E-05
  4.062011E-04  3.229699E-08  1.187860E-05
  4.111974E-04  3.309638E-08  1.213716E-05
  4.162552E-04  3.391556E-08  1.240156E-05
  4.213751E-04  3.475502E-08  1.267191E-05
  4.265580E-04  3.561525E-08  1.294837E-05
  4.318047E-04  3.649677E-08  1.323106E-05
  4.371159E-04  3.740012E-08  1.352012E-05
  4.424924E-04  3.832582E-08  1.381571E-05
  4.479350E-04  3.927443E-08  1.411796E-05
  4.534446E-04  4.024653E-08  1.442704E-05
  4.590220E-04  4.124268E-08  1.474308E-05
  4.646680E-04  4.226349E-08  1.506626E-05
  4.703834E-04  4.330957E-08  1.539673E-05
  4.761691E-04  4.438154E-08  1.573466E-05
  4.820260E-04  4.548004E-08  1.608022E-05
  4.879549E-04  4.660573E-08  1.643358E-05
  4.939568E-04  4.775929E-08  1.679491E-05
  5.000324E-04  4.894139E-08  1.716441E-05
  5.061828E-04  5.015276E-08  1.754225E-05
  5.124089E-04  5.139411E-08  1.792862E-05
  5.187115E-04  5.266618E-08  1.832373E-05
  5.250917E-04  5.396974E-08  1.872777E-05
  5.315503E-04  5.530556E-08  1.914093E-05
  5.380884E-04  5.667445E-08  1.956344E-05
  5.447068E-04  5.807722E-08  1.999550E-05
  5.514067E-04  5.951471E-08  2.043734E-05
  5.581890E-04  6.098778E-08  2.088917E-05
  5.650548E-04  6.249731E-08  2.135122E-05
  5.720049E-04  6.404420E-08  2.182374E-05
  5.790406E-04  6.562938E-08  2.230694E-05
  5.861628E-04  6.725379E-08  2.280109E-05
  5.933726E-04  6.891842E-08  2.330644E-05
  6.006711E-04  7.062424E-08  2.382323E-05
  6.080593E-04  7.237229E-08  2.435173E-05
  6.155385E-04  7.416360E-08  2.489222E-05
  6.231096E-04  7.599925E-08  2.544496E-05
  6.307738E-04  7.788033E-08  2.601023E-05
  6.385324E-04  7.980798E-08  2.658833E-05
  6.463863E-04  8.178334E-08  2.717954E-05
  6.543369E-04  8.380758E-08  2.778418E-05
  6.623852E-04  8.588194E-08  2.840255E-05
  6.705325E-04  8.800763E-08  2.903495E-05
  6.787801E-04  9.018594E-08  2.968173E-05
  6.871291E-04  9.241817E-08  3.034320E-05
  6.955808E-04  9.470565E-08  3.101971E-05
  7.041364E-04  9.704974E-08  3.171161E-05
  7.127973E-04  9.945186E-08  3.241924E-05
  7.215647E-04  1.019134E-07  3.314297E-05
  7.304399E-04  1.044359E-07  3.388317E-05
  7.394244E-04  1.070209E-07  3.464022E-05
  7.485193E-04  1.096698E-07  3.541451E-05
  7.577261E-04  1.123843E-07  3.620644E-05
  7.670461E-04  1.151659E-07  3.701641E-05
  7.764808E-04  1.180164E-07  3.784484E-05
  7.860315E-04  1.209375E-07  3.869217E-05
  7.956997E-04  1.239309E-07  3.955881E-05
  8.054868E-04  1.269984E-07  4.044523E-05
  8.153943E-04  1.301417E-07  4.135187E-05
  8.254236E-04  1.333629E-07  4.227922E-05
  8.355763E-04  1.366639E-07  4.322773E-05
  8.458539E-04  1.400465E-07  4.419791E-05
  8.562579E-04  1.435128E-07  4.519026E-05
  8.667899E-04  1.470650E-07  4.620529E-05
  8.774514E-04  1.507050E-07  4.724352E-05
  8.882440E-04  1.544352E-07  4.830550E-05
  8.991695E-04  1.582577E-07  4.939176E-05
  9.102292E-04  1.621748E-07  5.050289E-05
  9.214251E-04  1.661889E-07  5.163945E-05
  9.327586E-04  1.703023E-07  5.280203E-05
  9.442315E-04  1.745175E-07  5.399123E-05
  9.558456E-04  1.788371E-07  5.520768E-05
  9.676025E-04  1.832636E-07  5.645200E-05
  9.795040E-04  1.877996E-07  5.772485E-05
  9.915519E-04  1.924479E-07  5.902689E-05
  1.003748E-03  1.972113E-07  6.035878E-05
  1.016094E-03  2.020926E-07  6.172123E-05
  1.028592E-03  2.070946E-07  6.311495E-05
  1.041244E-03  2.122205E-07  6.454067E-05
  1.054051E-03  2.174733E-07  6.599912E-05
  1.067016E-03  2.228561E-07  6.749106E-05
  1.080140E-03  2.283721E-07  6.901729E-05
  1.093426E-03  2.340247E-07  7.057859E-05
  1.106875E-03  2.398172E-07  7.217578E-05
  1.120490E-03  2.457530E-07  7.380969E-05
  1.134272E-03  2.518358E-07  7.548118E-05
  1.148223E-03  2.580691E-07  7.719112E-05
  1.162346E-03  2.644567E-07  7.894042E-05
  1.176643E-03  2.710024E-07  8.072997E-05
  1.191116E-03  2.777101E-07  8.256073E-05
  1.205767E-03  2.845839E-07  8.443365E-05
  1.220597E-03  2.916278E-07  8.634971E-05
  1.235611E-03  2.988460E-07  8.830992E-05
  1.250809E-03  3.062429E-07  9.031531E-05
  1.266194E-03  3.138229E-07  9.236692E-05
  1.281768E-03  3.215905E-07  9.446583E-05
  1.297534E-03  3.295504E-07  9.661316E-05
  1.313493E-03  3.377073E-07  9.881002E-05
  1.329649E-03  3.460661E-07  1.010576E-04
  1.346004E-03  3.546318E-07  1.033570E-04
  1.362560E-03  3.634095E-07  1.057095E-04
  1.379319E-03  3.724045E-07  1.081163E-04
  1.396285E-03  3.816222E-07  1.105787E-04
  1.413459E-03  3.910679E-07  1.130980E-04
  1.430845E-03  4.007475E-07  1.156754E-04
  1.448444E-03  4.106667E-07  1.183125E-04
  1.466260E-03  4.208314E-07  1.210104E-04
  1.484295E-03  4.312477E-07  1.237708E-04
  1.502552E-03  4.419218E-07  1.265950E-04
  1.521033E-03  4.528601E-07  1.294845E-04
  1.539742E-03  4.640692E-07  1.324408E-04
  1.558681E-03  4.755557E-07  1.354655E-04
  1.577853E-03  4.873265E-07  1.385602E-04
  1.597260E-03  4.993887E-07  1.417265E-04
  1.616907E-03  5.117495E-07  1.449661E-04
  1.636794E-03  5.244162E-07  1.482808E-04
  1.656927E-03  5.373964E-07  1.516721E-04
  1.677307E-03  5.506980E-07  1.551420E-04
  1.697938E-03  5.643287E-07  1.586922E-04
  1.718823E-03  5.782969E-07  1.623247E-04
  1.739964E-03  5.926108E-07  1.660414E-04
  1.761366E-03  6.072790E-07  1.698442E-04
  1.783031E-03  6.223103E-07  1.737350E-04
  1.804962E-03  6.377137E-07  1.777161E-04
  1.827163E-03  6.534983E-07  1.817895E-04
  1.849637E-03  6.696737E-07  1.859572E-04
  1.872388E-03  6.862494E-07  1.902216E-04
  1.895418E-03  7.032354E-07  1.945849E-04
  1.918732E-03  7.206418E-07  1.990494E-04
  1.942332E-03  7.384792E-07  2.036174E-04
  1.966223E-03  7.567580E-07  2.082913E-04
  1.990407E-03  7.754893E-07  2.130737E-04
  2.014889E-03  7.946842E-07  2.179670E-04
  2.039672E-03  8.143543E-07  2.229738E-04
  2.064760E-03  8.345112E-07  2.280968E-04
  2.090157E-03  8.551671E-07  2.333387E-04
  2.115866E-03  8.763343E-07  2.387022E-04
  2.141891E-03  8.980255E-07  2.441901E-04
  2.168236E-03  9.202535E-07  2.498054E-04
  2.194906E-03  9.430318E-07  2.555511E-04
  2.221903E-03  9.663739E-07  2.614300E-04
  2.249232E-03  9.902938E-07  2.674455E-04
  2.276898E-03  1.014806E-06  2.736005E-04
  2.304904E-03  1.039925E-06  2.798984E-04
  2.333254E-03  1.065665E-06  2.863425E-04
  2.361953E-03  1.092043E-06  2.929361E-04
  2.391005E-03  1.119073E-06  2.996828E-04
  2.420414E-03  1.146773E-06  3.065861E-04
  2.450185E-03  1.175159E-06  3.136496E-04
  2.480323E-03  1.204247E-06  3.208771E-04
  2.510831E-03  1.234055E-06  3.282723E-04
  2.541714E-03  1.264600E-06  3.358391E-04
  2.572977E-03  1.295903E-06  3.435816E-04
  2.604625E-03  1.327979E-06  3.515037E-04
  2.636662E-03  1.360850E-06  3.596097E-04
  2.669092E-03  1.394535E-06  3.679037E-04
  2.701922E-03  1.429053E-06  3.763902E-04
  2.735156E-03  1.464426E-06  3.850737E-04
  2.768798E-03  1.500675E-06  3.939586E-04
  2.802855E-03  1.537821E-06  4.030496E-04
  2.837330E-03  1.575886E-06  4.123514E-04
  2.872229E-03  1.614893E-06  4.218691E-04
  2.907557E-03  1.654867E-06  4.316074E-04
  2.943320E-03  1.695829E-06  4.415716E-04
  2.979523E-03  1.737806E-06  4.517668E-04
  3.016171E-03  1.780822E-06  4.621984E-04
  3.053270E-03  1.824903E-06  4.728718E-04
  3.090825E-03  1.870075E-06  4.837925E-04
  3.128842E-03  1.916365E-06  4.949664E-04
  3.167327E-03  1.963801E-06  5.063992E-04
  3.206285E-03  2.012411E-06  5.180968E-04
  3.245723E-03  2.062225E-06  5.300654E-04
  3.285645E-03  2.113272E-06  5.423111E-04
  3.326059E-03  2.165582E-06  5.548405E-04
  3.366969E-03  2.219188E-06  5.676598E-04
  3.408383E-03  2.274120E-06  5.807759E-04
  3.450306E-03  2.330413E-06  5.941956E-04
  3.492745E-03  2.388099E-06  6.079257E-04
  3.535705E-03  2.447213E-06  6.219734E-04
  3.579195E-03  2.507791E-06  6.363460E-04
  3.623219E-03  2.569868E-06  6.510509E-04
  3.667784E-03  2.633482E-06  6.660957E-04
  3.712898E-03  2.698670E-06  6.814881E-04
  3.758567E-03  2.765473E-06  6.972362E-04
  3.804797E-03  2.833930E-06  7.133480E-04
  3.851596E-03  2.904081E-06  7.298318E-04
  3.898971E-03  2.975969E-06  7.466962E-04
  3.946928E-03  3.049637E-06  7.639497E-04
  3.995475E-03  3.125128E-06  7.816013E-04
  4.044620E-03  3.202489E-06  7.996600E-04
  4.094368E-03  3.281764E-06  8.181350E-04
  4.144729E-03  3.363003E-06  8.370358E-04
  4.195709E-03  3.446253E-06  8.563721E-04
  4.247316E-03  3.531563E-06  8.761538E-04
  4.299558E-03  3.618986E-06  8.963909E-04
  4.352443E-03  3.708574E-06  9.170938E-04
  4.405978E-03  3.800379E-06  9.382729E-04
  4.460172E-03  3.894458E-06  9.599392E-04
  4.515032E-03  3.990866E-06  9.821035E-04
  4.570567E-03  4.089660E-06  1.004777E-03
  4.626785E-03  4.190901E-06  1.027972E-03
  4.683694E-03  4.294649E-06  1.051699E-03
  4.741303E-03  4.400965E-06  1.075970E-03
  4.799622E-03  4.509914E-06  1.100798E-03
  4.858657E-03  4.621560E-06  1.126196E-03
  4.918418E-03  4.735970E-06  1.152176E-03
  4.978915E-03  4.853214E-06  1.178750E-03
  5.040156E-03  4.973361E-06  1.205934E-03
  5.102149E-03  5.096482E-06  1.233739E-03
  5.164906E-03  5.222652E-06  1.262180E-03
  5.228434E-03  5.351947E-06  1.291272E-03
  5.292744E-03  5.484443E-06  1.321028E-03
  5.357845E-03  5.620220E-06  1.351464E-03
  5.423746E-03  5.759359E-06  1.382595E-03
  5.490458E-03  5.901943E-06  1.414435E-03
  5.557991E-03  6.048058E-06  1.447002E-03
  5.626354E-03  6.197792E-06  1.480310E-03
  5.695558E-03  6.351234E-06  1.514377E-03
  5.765614E-03  6.508475E-06  1.549220E-03
  5.836531E-03  6.669611E-06  1.584855E-03
  5.908320E-03  6.834736E-06  1.621299E-03
  5.980992E-03  7.003952E-06  1.658572E-03
  6.054559E-03  7.177357E-06  1.696690E-03
  6.129030E-03  7.355058E-06  1.735673E-03
  6.204417E-03  7.537159E-06  1.775540E-03
  6.280731E-03  7.723771E-06  1.816310E-03
  6.357984E-03  7.915004E-06  1.858003E-03
  6.436187E-03  8.110973E-06  1.900639E-03
  6.515352E-03  8.311796E-06  1.944238E-03
  6.595491E-03  8.517594E-06  1.988822E-03
  6.676616E-03  8.728488E-06  2.034413E-03
  6.758738E-03  8.944606E-06  2.081031E-03
  6.841871E-03  9.166077E-06  2.128700E-03
  6.926026E-03  9.393034E-06  2.177442E-03
  7.011216E-03  9.625613E-06  2.227281E-03
  7.097454E-03  9.863953E-06  2.278240E-03
  7.184752E-03  1.010820E-05  2.330344E-03
  7.273125E-03  1.035849E-05  2.383616E-03
  7.362584E-03  1.061499E-05  2.438083E-03
  7.453144E-03  1.087784E-05  2.493770E-03
  7.544818E-03  1.114720E-05  2.550703E-03
  7.637619E-03  1.142323E-05  2.608909E-03
  7.731562E-03  1.170610E-05  2.668415E-03
  7.826660E-03  1.199598E-05  2.729248E-03
  7.922928E-03  1.229305E-05  2.791438E-03
  8.020380E-03  1.259747E-05  2.855013E-03
  8.119031E-03  1.290944E-05  2.920003E-03
  8.218895E-03  1.322913E-05  2.986437E-03
  8.319987E-03  1.355675E-05  3.054345E-03
  8.422323E-03  1.389249E-05  3.123760E-03
  8.525917E-03  1.423654E-05  3.194713E-03
  8.630786E-03  1.458912E-05  3.267236E-03
  8.736945E-03  1.495044E-05  3.341362E-03
  8.844409E-03  1.532071E-05  3.417125E-03
  8.953196E-03  1.570016E-05  3.494559E-03
  9.063320E-03  1.608902E-05  3.573698E-03
  9.174799E-03  1.648751E-05  3.654579E-03
  9.287649E-03  1.689588E-05  3.737237E-03
  9.401887E-03  1.731437E-05  3.821709E-03
  9.517530E-03  1.774323E-05  3.908033E-03
  9.634596E-03  1.818272E-05  3.996247E-03
  9.753101E-03  1.863311E-05  4.086390E-03
  9.873064E-03  1.909467E-05  4.178501E-03
  9.994503E-03  1.956766E-05  4.272621E-03
  1.011744E-02  2.005239E-05  4.368791E-03
  1.024188E-02  2.054913E-05  4.467052E-03
  1.036785E-02  2.105819E-05  4.567446E-03
  1.049538E-02  2.157987E-05  4.670018E-03
  1.062447E-02  2.211448E-05  4.774811E-03
  1.075515E-02  2.266236E-05  4.881870E-03
  1.088744E-02  2.322382E-05  4.991241E-03
  1.102136E-02  2.379920E-05  5.102968E-03
  1.115692E-02  2.438885E-05  5.217101E-03
  1.129415E-02  2.499313E-05  5.333687E-03
  1.143307E-02  2.561240E-05  5.452774E-03
  1.157370E-02  2.624703E-05  5.574411E-03
  1.171605E-02  2.689740E-05  5.698651E-03
  1.186016E-02  2.756391E-05  5.825542E-03
  1.200604E-02  2.824695E-05  5.955138E-03
  1.215371E-02  2.894694E-05  6.087492E-03
  1.230320E-02  2.966429E-05  6.222656E-03
  1.245453E-02  3.039945E-05  6.360686E-03
  1.260772E-02  3.115285E-05  6.501637E-03
  1.276280E-02  3.192494E-05  6.645566E-03
  1.291978E-02  3.271620E-05  6.792529E-03
  1.307870E-02  3.352710E-05  6.942585E-03
  1.323956E-02  3.435813E-05  7.095793E-03
  1.340241E-02  3.520978E-05  7.252212E-03
  1.356726E-02  3.608258E-05  7.411903E-03
  1.373414E-02  3.697704E-05  7.574928E-03
  1.390307E-02  3.789371E-05  7.741350E-03
  1.407407E-02  3.883315E-05  7.911232E-03
  1.424719E-02  3.979591E-05  8.084638E-03
  1.442243E-02  4.078259E-05  8.261634E-03
  1.459982E-02  4.179376E-05  8.442287E-03
  1.477940E-02  4.283006E-05  8.626662E-03
  1.496119E-02  4.389209E-05  8.814828E-03
  1.514521E-02  4.498051E-05  9.006855E-03
  1.533149E-02  4.609597E-05  9.202812E-03
  1.552007E-02  4.723915E-05  9.402770E-03
  1.571097E-02  4.841074E-05  9.606801E-03
  1.590421E-02  4.961143E-05  9.814977E-03
  1.609984E-02  5.084198E-05  1.002737E-02
  1.629786E-02  5.210310E-05  1.024406E-02
  1.649833E-02  5.339558E-05  1.046512E-02
  1.670126E-02  5.472019E-05  1.069062E-02
  1.690668E-02  5.607774E-05  1.092065E-02
  1.711463E-02  5.746904E-05  1.115528E-02
  1.732514E-02  5.889494E-05  1.139458E-02
  1.753824E-02  6.035631E-05  1.163865E-02
  1.775396E-02  6.185403E-05  1.188756E-02
  1.797234E-02  6.338900E-05  1.214138E-02
  1.819340E-02  6.496217E-05  1.240022E-02
  1.841718E-02  6.657448E-05  1.266414E-02
  1.864371E-02  6.822692E-05  1.293323E-02
  1.887303E-02  6.992049E-05  1.320757E-02
  1.910516E-02  7.165621E-05  1.348726E-02
  1.934016E-02  7.343515E-05  1.377238E-02
  1.957804E-02  7.525838E-05  1.406302E-02
  1.981885E-02  7.712701E-05  1.435925E-02
  2.006262E-02  7.904218E-05  1.466118E-02
  2.030939E-02  8.100506E-05  1.496889E-02
  2.055920E-02  8.301684E-05  1.528247E-02
  2.081208E-02  8.507875E-05  1.560202E-02
  2.106807E-02  8.719205E-05  1.592761E-02
  2.132720E-02  8.935801E-05  1.625935E-02
  2.158953E-02  9.157797E-05  1.659732E-02
  2.185508E-02  9.385329E-05  1.694163E-02
  2.212390E-02  9.618534E-05  1.729235E-02
  2.239602E-02  9.857555E-05  1.764960E-02
  2.267149E-02  1.010254E-04  1.801345E-02
  2.295035E-02  1.035364E-04  1.838400E-02
  2.323264E-02  1.061100E-04  1.876135E-02
  2.351840E-02  1.087479E-04  1.914560E-02
  2.380768E-02  1.114516E-04  1.953683E-02
  2.410051E-02  1.142228E-04  1.993515E-02
  2.439695E-02  1.170632E-04  2.034064E-02
  2.469703E-02  1.199746E-04  2.075341E-02
  2.500080E-02  1.229587E-04  2.117355E-02
  2.530831E-02  1.260174E-04  2.160115E-02
  2.561961E-02  1.291526E-04  2.203631E-02
  2.593473E-02  1.323661E-04  2.247913E-02
  2.625372E-02  1.356600E-04  2.292969E-02
  2.657664E-02  1.390363E-04  2.338809E-02
  2.690354E-02  1.424971E-04  2.385443E-02
  2.723445E-02  1.460445E-04  2.432880E-02
  2.756943E-02  1.496806E-04  2.481129E-02
  2.790854E-02  1.534078E-04  2.530200E-02
  2.825181E-02  1.572284E-04  2.580101E-02
  2.859931E-02  1.611447E-04  2.630842E-02
  2.895108E-02  1.651591E-04  2.682431E-02
  2.930718E-02  1.692741E-04  2.734877E-02
  2.966766E-02  1.734924E-04  2.788189E-02
  3.003257E-02  1.778164E-04  2.842376E-02
  3.040197E-02  1.822489E-04  2.897446E-02
  3.077592E-02  1.867926E-04  2.953408E-02
  3.115446E-02  1.914505E-04  3.010268E-02
  3.153766E-02  1.962253E-04  3.068037E-02
  3.192557E-02  2.011200E-04  3.126721E-02
  3.231826E-02  2.061378E-04  3.186327E-02
  3.271577E-02  2.112817E-04  3.246864E-02
  3.311818E-02  2.165550E-04  3.308338E-02
  3.352553E-02  2.219609E-04  3.370757E-02
  3.393789E-02  2.275030E-04  3.434127E-02
  3.435533E-02  2.331845E-04  3.498454E-02
  3.477790E-02  2.390092E-04  3.563745E-02
  3.520567E-02  2.449806E-04  3.630005E-02
  3.563870E-02  2.511026E-04  3.697241E-02
  3.607705E-02  2.573790E-04  3.765456E-02
  3.652080E-02  2.638137E-04  3.834656E-02
  3.697001E-02  2.704109E-04  3.904846E-02
  3.742474E-02  2.771747E-04  3.976029E-02
  3.788506E-02  2.841094E-04  4.048210E-02
  3.835105E-02  2.912194E-04  4.121391E-02
  3.882277E-02  2.985092E-04  4.195576E-02
  3.930029E-02  3.059835E-04  4.270766E-02
  3.978368E-02  3.136470E-04  4.346964E-02
  4.027302E-02  3.215047E-04  4.424170E-02
  4.076838E-02  3.295615E-04  4.502387E-02
  4.126983E-02  3.378227E-04  4.581614E-02
  4.177745E-02  3.462935E-04  4.661850E-02
  4.229131E-02  3.549793E-04  4.743096E-02
  4.281149E-02  3.638858E-04  4.825350E-02
  4.333808E-02  3.730188E-04  4.908609E-02
  4.387113E-02  3.823840E-04  4.992871E-02
  4.441075E-02  3.919876E-04  5.078132E-02
  4.495700E-02  4.018358E-04  5.164389E-02
  4.550997E-02  4.119351E-04  5.251636E-02
  4.606975E-02  4.222919E-04  5.339868E-02
  4.663640E-02  4.329131E-04  5.429078E-02
  4.721003E-02  4.438055E-04  5.519260E-02
  4.779071E-02  4.549763E-04  5.610404E-02
  4.837854E-02  4.664330E-04  5.702503E-02
  4.897360E-02  4.781829E-04  5.795546E-02
  4.957597E-02  4.902338E-04  5.889523E-02
  5.018576E-02  5.025937E-04  5.984422E-02
  5.080304E-02  5.152709E-04  6.080230E-02
  5.142792E-02  5.282736E-04  6.176933E-02
  5.206048E-02  5.416106E-04  6.274517E-02
  5.270083E-02  5.552907E-04  6.372967E-02
  5.334905E-02  5.693232E-04  6.472264E-02
  5.400524E-02  5.837173E-04  6.572391E-02
  5.466950E-02  5.984828E-04  6.673329E-02
  5.534194E-02  6.136297E-04  6.775058E-02
  5.602264E-02  6.291682E-04  6.877556E-02
  5.671172E-02  6.451088E-04  6.980800E-02
  5.740928E-02  6.614623E-04  7.084765E-02
  5.811541E-02  6.782398E-04  7.189428E-02
  5.883023E-02  6.954530E-04  7.294759E-02
  5.955384E-02  7.131135E-04  7.400733E-02
  6.028635E-02  7.312335E-04  7.507318E-02
  6.102788E-02  7.498255E-04  7.614485E-02
  6.177852E-02  7.689024E-04  7.722200E-02
  6.253839E-02  7.884774E-04  7.830429E-02
  6.330762E-02  8.085641E-04  7.939138E-02
  6.408630E-02  8.291766E-04  8.048289E-02
  6.487456E-02  8.503293E-04  8.157843E-02
  6.567252E-02  8.720372E-04  8.267761E-02
  6.648029E-02  8.943155E-04  8.378000E-02
  6.729800E-02  9.171801E-04  8.488516E-02
  6.812576E-02  9.406472E-04  8.599266E-02
  6.896371E-02  9.647335E-04  8.710200E-02
  6.981196E-02  9.894564E-04  8.821272E-02
  7.067065E-02  1.014834E-03  8.932431E-02
  7.153990E-02  1.040883E-03  9.043624E-02
  7.241984E-02  1.067625E-03  9.154796E-02
  7.331061E-02  1.095077E-03  9.265893E-02
  7.421233E-02  1.123261E-03  9.376857E-02
  7.512514E-02  1.152196E-03  9.487627E-02
  7.604918E-02  1.181904E-03  9.598143E-02
  7.698458E-02  1.212408E-03  9.708340E-02
  7.793149E-02  1.243729E-03  9.818154E-02
  7.889005E-02  1.275891E-03  9.927516E-02
  7.986040E-02  1.308919E-03  1.003636E-01
  8.084268E-02  1.342838E-03  1.014461E-01
  8.183705E-02  1.377672E-03  1.025219E-01
  8.284364E-02  1.413448E-03  1.035904E-01
  8.386262E-02  1.450195E-03  1.046507E-01
  8.489413E-02  1.487940E-03  1.057019E-01
  8.593833E-02  1.526712E-03  1.067435E-01
  8.699537E-02  1.566541E-03  1.077743E-01
  8.806541E-02  1.607460E-03  1.087937E-01
  8.914861E-02  1.649498E-03  1.098008E-01
  9.024514E-02  1.692691E-03  1.107946E-01
  9.135516E-02  1.737072E-03  1.117742E-01
  9.247883E-02  1.782676E-03  1.127388E-01
  9.361632E-02  1.829540E-03  1.136872E-01
  9.476780E-02  1.877702E-03  1.146186E-01
  9.593344E-02  1.927201E-03  1.155320E-01
  9.711342E-02  1.978078E-03  1.164263E-01
  9.830792E-02  2.030373E-03  1.173006E-01
  9.951710E-02  2.084131E-03  1.181536E-01
  1.007412E-01  2.139396E-03  1.189844E-01
  1.019803E-01  2.196214E-03  1.197919E-01
  1.032346E-01  2.254633E-03  1.205749E-01
  1.045044E-01  2.314702E-03  1.213324E-01
  1.057898E-01  2.376472E-03  1.220631E-01
  1.070910E-01  2.439997E-03  1.227659E-01
  1.084083E-01  2.505330E-03  1.234396E-01
  1.097417E-01  2.572530E-03  1.240830E-01
  1.110915E-01  2.641653E-03  1.246950E-01
  1.124579E-01  2.712762E-03  1.252741E-01
  1.138412E-01  2.785919E-03  1.258193E-01
  1.152414E-01  2.861188E-03  1.263292E-01
  1.166589E-01  2.938639E-03  1.268026E-01
  1.180938E-01  3.018340E-03  1.272381E-01
  1.195463E-01  3.100364E-03  1.276346E-01
  1.210168E-01  3.184785E-03  1.279907E-01
  1.225053E-01  3.271682E-03  1.283050E-01
  1.240121E-01  3.361136E-03  1.285763E-01
  1.255374E-01  3.453229E-03  1.288032E-01
  1.270815E-01  3.548049E-03  1.289844E-01
  1.286446E-01  3.645685E-03  1.291186E-01
  1.302270E-01  3.746230E-03  1.292044E-01
  1.318288E-01  3.849782E-03  1.292405E-01
  1.334503E-01  3.956439E-03  1.292256E-01
  1.350917E-01  4.066306E-03  1.291583E-01
  1.367533E-01  4.179491E-03  1.290373E-01
  1.384354E-01  4.296106E-03  1.288612E-01
  1.401381E-01  4.416266E-03  1.286288E-01
  1.418618E-01  4.540093E-03  1.283387E-01
  1.436067E-01  4.667711E-03  1.279896E-01
  1.453731E-01  4.799250E-03  1.275802E-01
  1.471612E-01  4.934844E-03  1.271093E-01
  1.489713E-01  5.074634E-03  1.265756E-01
  1.508036E-01  5.218765E-03  1.259779E-01
  1.526585E-01  5.367388E-03  1.253149E-01
  1.545362E-01  5.520659E-03  1.245854E-01
  1.564370E-01  5.678740E-03  1.237882E-01
  1.583612E-01  5.841802E-03  1.229222E-01
  1.603090E-01  6.010018E-03  1.219862E-01
  1.622808E-01  6.183573E-03  1.209792E-01
  1.642769E-01  6.362654E-03  1.199001E-01
  1.662975E-01  6.547458E-03  1.187478E-01
  1.683429E-01  6.738191E-03  1.175214E-01
  1.704136E-01  6.935063E-03  1.162198E-01
  1.725096E-01  7.138296E-03  1.148423E-01
  1.746315E-01  7.348119E-03  1.133878E-01
  1.767795E-01  7.564770E-03  1.118556E-01
  1.789539E-01  7.788497E-03  1.102448E-01
  1.811550E-01  8.019555E-03  1.085548E-01
  1.833832E-01  8.258213E-03  1.067849E-01
  1.856388E-01  8.504747E-03  1.049344E-01
  1.879222E-01  8.759447E-03  1.030027E-01
  1.902336E-01  9.022611E-03  1.009894E-01
  1.925735E-01  9.294550E-03  9.889409E-02
  1.949422E-01  9.575588E-03  9.671627E-02
  1.973399E-01  9.866060E-03  9.445567E-02
  1.997672E-01  1.016631E-02  9.211206E-02
  2.022244E-01  1.047671E-02  8.968525E-02
  2.047117E-01  1.079763E-02  8.717516E-02
  2.072297E-01  1.112946E-02  8.458176E-02
  2.097786E-01  1.147261E-02  8.190512E-02
  2.123589E-01  1.182749E-02  7.914537E-02
  2.149709E-01  1.219455E-02  7.630275E-02
  2.176150E-01  1.257423E-02  7.337757E-02
  2.202917E-01  1.296700E-02  7.037023E-02
  2.230013E-01  1.337335E-02  6.728123E-02
  2.257442E-01  1.379380E-02  6.411115E-02
  2.285209E-01  1.422885E-02  6.086068E-02
  2.313317E-01  1.467905E-02  5.753058E-02
  2.341770E-01  1.514497E-02  5.412175E-02
  2.370574E-01  1.562718E-02  5.063516E-02
  2.399732E-01  1.612629E-02  4.707189E-02
  2.429249E-01  1.664291E-02  4.343313E-02
  2.459129E-01  1.717770E-02  3.972017E-02
  2.489376E-01  1.773132E-02  3.593441E-02
  2.519995E-01  1.830446E-02  3.207735E-02
  2.550991E-01  1.889783E-02  2.815062E-02
  2.582368E-01  1.951215E-02  2.415595E-02
  2.614132E-01  2.014820E-02  2.009517E-02
  2.646285E-01  2.080674E-02  1.597023E-02
  2.678835E-01  2.148858E-02  1.178321E-02
  2.711784E-01  2.219454E-02  7.536281E-03
  2.745139E-01  2.292548E-02  3.231736E-03
  2.778905E-01  2.368226E-02 -1.128016E-03
  2.813085E-01  2.446578E-02 -5.540455E-03
  2.847686E-01  2.527697E-02 -1.000295E-02
  2.882713E-01  2.611675E-02 -1.451274E-02
  2.918170E-01  2.698609E-02 -1.906697E-02
  2.954063E-01  2.788597E-02 -2.366267E-02
  2.990398E-01  2.881739E-02 -2.829676E-02
  3.027180E-01  2.978136E-02 -3.296604E-02
  3.064415E-01  3.077894E-02 -3.766720E-02
  3.102107E-01  3.181115E-02 -4.239684E-02
  3.140263E-01  3.287908E-02 -4.715145E-02
  3.178888E-01  3.398378E-02 -5.192741E-02
  3.217988E-01  3.512634E-02 -5.672100E-02
  3.257570E-01  3.630785E-02 -6.152841E-02
  3.297638E-01  3.752939E-02 -6.634573E-02
  3.338199E-01  3.879205E-02 -7.116897E-02
  3.379259E-01  4.009691E-02 -7.599403E-02
  3.420823E-01  4.144502E-02 -8.081675E-02
  3.462900E-01  4.283744E-02 -8.563286E-02
  3.505493E-01  4.427520E-02 -9.043806E-02
  3.548611E-01  4.575929E-02 -9.522793E-02
  3.592259E-01  4.729067E-02 -9.999802E-02
  3.636443E-01  4.887025E-02 -1.047438E-01
  3.681172E-01  5.049890E-02 -1.094607E-01
  3.726450E-01  5.217742E-02 -1.141440E-01
  3.772285E-01  5.390654E-02 -1.187891E-01
  3.818685E-01  5.568691E-02 -1.233913E-01
  3.865654E-01  5.751906E-02 -1.279456E-01
  3.913202E-01  5.940346E-02 -1.324475E-01
  3.961334E-01  6.134042E-02 -1.368919E-01
  4.010059E-01  6.333014E-02 -1.412739E-01
  4.059382E-01  6.537265E-02 -1.455887E-01
  4.109313E-01  6.746784E-02 -1.498313E-01
  4.159857E-01  6.961540E-02 -1.539967E-01
  4.211024E-01  7.181482E-02 -1.580798E-01
  4.262819E-01  7.406539E-02 -1.620756E-01
  4.315252E-01  7.636615E-02 -1.659789E-01
  4.368329E-01  7.871589E-02 -1.697848E-01
  4.422060E-01  8.111313E-02 -1.734882E-01
  4.476451E-01  8.355609E-02 -1.770838E-01
  4.531512E-01  8.604268E-02 -1.805667E-01
  4.587249E-01  8.857045E-02 -1.839318E-01
  4.643672E-01  9.113664E-02 -1.871741E-01
  4.700790E-01  9.373807E-02 -1.902887E-01
  4.758609E-01  9.637119E-02 -1.932706E-01
  4.817140E-01  9.903201E-02 -1.961150E-01
  4.876391E-01  1.017161E-01 -1.988172E-01
  4.936371E-01  1.044187E-01 -2.013726E-01
  4.997088E-01  1.071344E-01 -2.037766E-01
  5.058552E-01  1.098574E-01 -2.060247E-01
  5.120772E-01  1.125814E-01 -2.081128E-01
  5.183758E-01  1.152996E-01 -2.100364E-01
  5.247518E-01  1.180047E-01 -2.117917E-01
  5.312063E-01  1.206888E-01 -2.133747E-01
  5.377401E-01  1.233438E-01 -2.147814E-01
  5.443543E-01  1.259607E-01 -2.160084E-01
  5.510499E-01  1.285302E-01 -2.170521E-01
  5.578278E-01  1.310426E-01 -2.179092E-01
  5.646890E-01  1.334877E-01 -2.185764E-01
  5.716347E-01  1.358547E-01 -2.190508E-01
  5.786658E-01  1.381327E-01 -2.193295E-01
  5.857834E-01  1.403102E-01 -2.194099E-01
  5.929886E-01  1.423757E-01 -2.192894E-01
  6.002823E-01  1.443171E-01 -2.189659E-01
  6.076658E-01  1.461225E-01 -2.184372E-01
  6.151401E-01  1.477795E-01 -2.177014E-01
  6.227063E-01  1.492760E-01 -2.167568E-01
  6.303656E-01  1.505997E-01 -2.156020E-01
  6.381191E-01  1.517383E-01 -2.142357E-01
  6.459679E-01  1.526800E-01 -2.126567E-01
  6.539134E-01  1.534127E-01 -2.108642E-01
  6.619565E-01  1.539250E-01 -2.088576E-01
  6.700986E-01  1.542056E-01 -2.066365E-01
  6.783408E-01  1.542436E-01 -2.042005E-01
  6.866844E-01  1.540286E-01 -2.015497E-01
  6.951306E-01  1.535508E-01 -1.986844E-01
  7.036807E-01  1.528012E-01 -1.956048E-01
  7.123359E-01  1.517713E-01 -1.923116E-01
  7.210977E-01  1.504538E-01 -1.888057E-01
  7.299672E-01  1.488423E-01 -1.850881E-01
  7.389458E-01  1.469316E-01 -1.811601E-01
  7.480348E-01  1.447176E-01 -1.770230E-01
  7.572356E-01  1.421977E-01 -1.726786E-01
  7.665496E-01  1.393704E-01 -1.681286E-01
  7.759782E-01  1.362358E-01 -1.633751E-01
  7.855227E-01  1.327952E-01 -1.584204E-01
  7.951847E-01  1.290515E-01 -1.532668E-01
  8.049654E-01  1.250088E-01 -1.479169E-01
  8.148665E-01  1.206728E-01 -1.423735E-01
  8.248894E-01  1.160502E-01 -1.366396E-01
  8.350355E-01  1.111491E-01 -1.307182E-01
  8.453064E-01  1.059786E-01 -1.246127E-01
  8.557037E-01  1.005488E-01 -1.183264E-01
  8.662289E-01  9.487077E-02 -1.118630E-01
  8.768835E-01  8.895619E-02 -1.052261E-01
  8.876691E-01  8.281735E-02 -9.841971E-02
  8.985875E-01  7.646693E-02 -9.144779E-02
  9.096401E-01  6.991781E-02 -8.431451E-02
  9.208287E-01  6.318292E-02 -7.702415E-02
  9.321549E-01  5.627499E-02 -6.958111E-02
  9.436204E-01  4.920640E-02 -6.198990E-02
  9.552269E-01  4.198900E-02 -5.425517E-02
  9.669762E-01  3.463387E-02 -4.638166E-02
  9.788700E-01  2.715120E-02 -3.837420E-02
  9.909101E-01  1.955012E-02 -3.023773E-02
  1.003098E+00  1.183851E-02 -2.197728E-02
  1.015436E+00  4.022916E-03 -1.359796E-02
  1.027926E+00 -3.891575E-03 -5.104958E-03
  1.040570E+00 -1.190143E-02  3.496456E-03
  1.053369E+00 -2.000470E-02  1.220095E-02
  1.066325E+00 -2.820109E-02  2.100313E-02
  1.079441E+00 -3.649192E-02  2.989755E-02
  1.092718E+00 -4.488011E-02  3.887869E-02
  1.106159E+00 -5.337010E-02  4.794101E-02
  1.119764E+00 -6.196775E-02  5.707890E-02
  1.133537E+00 -7.068021E-02  6.628674E-02
  1.147480E+00 -7.951573E-02  7.555887E-02
  1.161594E+00 -8.848347E-02  8.488958E-02
  1.175882E+00 -9.759321E-02  9.427317E-02
  1.190345E+00 -1.068551E-01  1.037039E-01
  1.204986E+00 -1.162792E-01  1.131760E-01
  1.219807E+00 -1.258755E-01  1.226838E-01
  1.234811E+00 -1.356529E-01  1.322215E-01
  1.249999E+00 -1.456196E-01  1.417833E-01
  1.265374E+00 -1.557817E-01  1.513635E-01
  1.280938E+00 -1.661436E-01  1.609562E-01
  1.296694E+00 -1.767070E-01  1.705559E-01
  1.312643E+00 -1.874705E-01  1.801567E-01
  1.328789E+00 -1.984293E-01  1.897530E-01
  1.345133E+00 -2.095744E-01  1.993390E-01
  1.361678E+00 -2.208923E-01  2.089091E-01
  1.378427E+00 -2.323645E-01  2.184577E-01
  1.395381E+00 -2.439674E-01  2.279791E-01
  1.412544E+00 -2.556716E-01  2.374678E-01
  1.429919E+00 -2.674426E-01  2.469182E-01
  1.447507E+00 -2.792398E-01  2.563249E-01
  1.465311E+00 -2.910180E-01  2.656823E-01
  1.483334E+00 -3.027271E-01  2.749851E-01
  1.501579E+00 -3.143132E-01  2.842279E-01
  1.520049E+00 -3.257198E-01  2.934053E-01
  1.538745E+00 -3.368887E-01  3.025121E-01
  1.557672E+00 -3.477617E-01  3.115430E-01
  1.576831E+00 -3.582824E-01  3.204928E-01
  1.596226E+00 -3.683973E-01  3.293564E-01
  1.615860E+00 -3.780585E-01  3.381288E-01
  1.635735E+00 -3.872251E-01  3.468049E-01
  1.655855E+00 -3.958649E-01  3.553796E-01
  1.676222E+00 -4.039562E-01  3.638482E-01
  1.696839E+00 -4.114889E-01  3.722056E-01
  1.717710E+00 -4.184658E-01  3.804470E-01
  1.738838E+00 -4.249025E-01  3.885677E-01
  1.760226E+00 -4.308281E-01  3.965629E-01
  1.781877E+00 -4.362840E-01  4.044279E-01
  1.803794E+00 -4.413229E-01  4.121579E-01
  1.825980E+00 -4.460076E-01  4.197485E-01
  1.848440E+00 -4.504082E-01  4.271948E-01
  1.871176E+00 -4.545996E-01  4.344924E-01
  1.894191E+00 -4.586586E-01  4.416367E-01
  1.917490E+00 -4.626605E-01  4.486232E-01
  1.941075E+00 -4.666753E-01  4.554475E-01
  1.964950E+00 -4.707643E-01  4.621050E-01
  1.989119E+00 -4.749764E-01  4.685913E-01
  2.013585E+00 -4.793450E-01  4.749021E-01
  2.038352E+00 -4.838857E-01  4.810331E-01
  2.063424E+00 -4.885942E-01  4.869799E-01
  2.088804E+00 -4.934467E-01  4.927383E-01
  2.114496E+00 -4.984013E-01  4.983042E-01
  2.140505E+00 -5.034014E-01  5.036734E-01
  2.166833E+00 -5.083817E-01  5.088420E-01
  2.193485E+00 -5.132761E-01  5.138060E-01
  2.220465E+00 -5.180258E-01  5.185616E-01
  2.247776E+00 -5.225870E-01  5.231050E-01
  2.275424E+00 -5.269357E-01  5.274327E-01
  2.303412E+00 -5.310635E-01  5.315411E-01
  2.331744E+00 -5.349678E-01  5.354268E-01
  2.360424E+00 -5.386447E-01  5.390867E-01
  2.389458E+00 -5.420912E-01  5.425177E-01
  2.418848E+00 -5.453043E-01  5.457169E-01
  2.448600E+00 -5.482814E-01  5.486816E-01
  2.478717E+00 -5.510200E-01  5.514093E-01
  2.509206E+00 -5.535178E-01  5.538975E-01
  2.540069E+00 -5.557727E-01  5.561443E-01
  2.571312E+00 -5.577829E-01  5.581477E-01
  2.602939E+00 -5.595468E-01  5.599059E-01
  2.634955E+00 -5.610630E-01  5.614176E-01
  2.667365E+00 -5.623303E-01  5.626815E-01
  2.700174E+00 -5.633480E-01  5.636967E-01
  2.733386E+00 -5.641155E-01  5.644624E-01
  2.767006E+00 -5.646323E-01  5.649784E-01
  2.801041E+00 -5.648985E-01  5.652444E-01
  2.835493E+00 -5.649143E-01  5.652607E-01
  2.870370E+00 -5.646803E-01  5.650275E-01
  2.905675E+00 -5.641972E-01  5.645458E-01
  2.941415E+00 -5.634662E-01  5.638165E-01
  2.977595E+00 -5.624888E-01  5.628409E-01
  3.014219E+00 -5.612665E-01  5.616209E-01
  3.051294E+00 -5.598016E-01  5.601581E-01
  3.088825E+00 -5.580962E-01  5.584551E-01
  3.126817E+00 -5.561531E-01  5.565143E-01
  3.165277E+00 -5.539751E-01  5.543386E-01
  3.204210E+00 -5.515655E-01  5.519311E-01
  3.243622E+00 -5.489277E-01  5.492954E-01
  3.283519E+00 -5.460654E-01  5.464350E-01
  3.323906E+00 -5.429827E-01  5.433540E-01
  3.364790E+00 -5.396838E-01  5.400566E-01
  3.406177E+00 -5.361732E-01  5.365472E-01
  3.448073E+00 -5.324555E-01  5.328305E-01
  3.490484E+00 -5.285355E-01  5.289114E-01
  3.533417E+00 -5.244184E-01  5.247948E-01
  3.576878E+00 -5.201093E-01  5.204860E-01
  3.620874E+00 -5.156136E-01  5.159903E-01
  3.665410E+00 -5.109366E-01  5.113131E-01
  3.710495E+00 -5.060840E-01  5.064601E-01
  3.756134E+00 -5.010613E-01  5.014367E-01
  3.802334E+00 -4.958743E-01  4.962489E-01
  3.849103E+00 -4.905287E-01  4.909022E-01
  3.896447E+00 -4.850303E-01  4.854024E-01
  3.944373E+00 -4.793848E-01  4.797554E-01
  3.992889E+00 -4.735980E-01  4.739670E-01
  4.042002E+00 -4.676757E-01  4.680429E-01
  4.091718E+00 -4.616237E-01  4.619889E-01
  4.142046E+00 -4.554477E-01  4.558108E-01
  4.192994E+00 -4.491535E-01  4.495144E-01
  4.244567E+00 -4.427467E-01  4.431052E-01
  4.296776E+00 -4.362331E-01  4.365891E-01
  4.349626E+00 -4.296182E-01  4.299716E-01
  4.403126E+00 -4.229078E-01  4.232585E-01
  4.457285E+00 -4.161073E-01  4.164552E-01
  4.512109E+00 -4.092225E-01  4.095674E-01
  4.567608E+00 -4.022588E-01  4.026007E-01
  4.623790E+00 -3.952219E-01  3.955607E-01
  4.680663E+00 -3.881174E-01  3.884530E-01
  4.738235E+00 -3.809509E-01  3.812833E-01
  4.796515E+00 -3.737281E-01  3.740571E-01
  4.855512E+00 -3.664547E-01  3.667801E-01
  4.915235E+00 -3.591363E-01  3.594582E-01
  4.975692E+00 -3.517789E-01  3.520970E-01
  5.036893E+00 -3.443881E-01  3.447025E-01
  5.098847E+00 -3.369700E-01  3.372805E-01
  5.161563E+00 -3.295305E-01  3.298369E-01
  5.225050E+00 -3.220756E-01  3.223779E-01
  5.289318E+00 -3.146114E-01  3.149095E-01
  5.354377E+00 -3.071440E-01  3.074377E-01
  5.420236E+00 -2.996796E-01  2.999689E-01
  5.486905E+00 -2.922244E-01  2.925092E-01
  5.554394E+00 -2.847848E-01  2.850648E-01
  5.622713E+00 -2.773668E-01  2.776421E-01
  5.691872E+00 -2.699768E-01  2.702473E-01
  5.761882E+00 -2.626211E-01  2.628866E-01
  5.832753E+00 -2.553058E-01  2.555662E-01
  5.904496E+00 -2.480372E-01  2.482924E-01
  5.977121E+00 -2.408212E-01  2.410711E-01
  6.050640E+00 -2.336639E-01  2.339085E-01
  6.125063E+00 -2.265713E-01  2.268104E-01
  6.200401E+00 -2.195490E-01  2.197827E-01
  6.276666E+00 -2.126027E-01  2.128308E-01
  6.353869E+00 -2.057378E-01  2.059603E-01
  6.432022E+00 -1.989596E-01  1.991765E-01
  6.511135E+00 -1.922732E-01  1.924844E-01
  6.591222E+00 -1.856834E-01  1.858889E-01
  6.672294E+00 -1.791949E-01  1.793946E-01
  6.754364E+00 -1.728120E-01  1.730059E-01
  6.837442E+00 -1.665389E-01  1.667271E-01
  6.921543E+00 -1.603794E-01  1.605618E-01
  7.006678E+00 -1.543370E-01  1.545138E-01
  7.092860E+00 -1.484153E-01  1.485863E-01
  7.180102E+00 -1.426170E-01  1.427823E-01
  7.268417E+00 -1.369450E-01  1.371047E-01
  7.357819E+00 -1.314017E-01  1.315559E-01
  7.448320E+00 -1.259893E-01  1.261379E-01
  7.539935E+00 -1.207096E-01  1.208528E-01
  7.632676E+00 -1.155641E-01  1.157019E-01
  7.726558E+00 -1.105542E-01  1.106867E-01
  7.821594E+00 -1.056808E-01  1.058082E-01
  7.917800E+00 -1.009447E-01  1.010669E-01
  8.015189E+00 -9.634628E-02  9.646347E-02
  8.113776E+00 -9.188569E-02  9.199797E-02
  8.213575E+00 -8.756287E-02  8.767035E-02
  8.314602E+00 -8.337749E-02  8.348028E-02
  8.416872E+00 -7.932897E-02  7.942718E-02
  8.520399E+00 -7.541650E-02  7.551025E-02
  8.625200E+00 -7.163906E-02  7.172847E-02
  8.731290E+00 -6.799541E-02  6.808061E-02
  8.838685E+00 -6.448413E-02  6.456524E-02
  8.947401E+00 -6.110359E-02  6.118073E-02
  9.057454E+00 -5.785201E-02  5.792530E-02
  9.168860E+00 -5.472741E-02  5.479699E-02
  9.281637E+00 -5.172769E-02  5.179368E-02
  9.395802E+00 -4.885061E-02  4.891314E-02
  9.511370E+00 -4.609378E-02  4.615297E-02
  9.628360E+00 -4.345471E-02  4.351069E-02
  9.746789E+00 -4.093080E-02  4.098370E-02
  9.866674E+00 -3.851936E-02  3.856929E-02
  9.988034E+00 -3.621762E-02  3.626471E-02
  1.011089E+01 -3.402271E-02  3.406708E-02
  1.023525E+01 -3.193175E-02  3.197351E-02
  1.036114E+01 -2.994176E-02  2.998103E-02
  1.048859E+01 -2.804975E-02  2.808665E-02
  1.061760E+01 -2.625269E-02  2.628732E-02
  1.074819E+01 -2.454753E-02  2.457999E-02
  1.088040E+01 -2.293119E-02  2.296159E-02
  1.101422E+01 -2.140061E-02  2.142906E-02
  1.114970E+01 -1.995272E-02  1.997932E-02
  1.128684E+01 -1.858447E-02  1.860931E-02
  1.142567E+01 -1.729282E-02  1.731599E-02
  1.156620E+01 -1.607475E-02  1.609635E-02
  1.170847E+01 -1.492730E-02  1.494740E-02
  1.185248E+01 -1.384751E-02  1.386621E-02
  1.199827E+01 -1.283248E-02  1.284986E-02
  1.214585E+01 -1.187937E-02  1.189550E-02
  1.229524E+01 -1.098538E-02  1.100032E-02
  1.244647E+01 -1.014776E-02  1.016160E-02
  1.259956E+01 -9.363823E-03  9.376626E-03
  1.275454E+01 -8.630964E-03  8.642795E-03
  1.291142E+01 -7.946629E-03  7.957548E-03
  1.307023E+01 -7.308335E-03  7.318403E-03
  1.323099E+01 -6.713674E-03  6.722946E-03
  1.339374E+01 -6.160311E-03  6.168840E-03
  1.355848E+01 -5.645986E-03  5.653822E-03
  1.372525E+01 -5.168514E-03  5.175706E-03
  1.389407E+01 -4.725790E-03  4.732382E-03
  1.406496E+01 -4.315785E-03  4.321820E-03
  1.423796E+01 -3.936548E-03  3.942067E-03
  1.441309E+01 -3.586208E-03  3.591249E-03
  1.459037E+01 -3.262970E-03  3.267568E-03
  1.476983E+01 -2.965117E-03  2.969306E-03
  1.495150E+01 -2.691009E-03  2.694821E-03
  1.513541E+01 -2.439082E-03  2.442546E-03
  1.532157E+01 -2.207845E-03  2.210988E-03
  1.551003E+01 -1.995882E-03  1.998731E-03
  1.570080E+01 -1.801848E-03  1.804427E-03
  1.589392E+01 -1.624469E-03  1.626800E-03
  1.608942E+01 -1.462539E-03  1.464644E-03
  1.628732E+01 -1.314919E-03  1.316816E-03
  1.648765E+01 -1.180533E-03  1.182242E-03
  1.669045E+01 -1.058371E-03  1.059907E-03
  1.689574E+01 -9.474816E-04  9.488601E-04
  1.710356E+01 -8.469709E-04  8.482067E-04
  1.731393E+01 -7.560029E-04  7.571090E-04
  1.752689E+01 -6.737948E-04  6.747834E-04
  1.774247E+01 -5.996158E-04  6.004981E-04
  1.796071E+01 -5.327844E-04  5.335707E-04
  1.818162E+01 -4.726664E-04  4.733659E-04
  1.840526E+01 -4.186723E-04  4.192938E-04
  1.863164E+01 -3.702556E-04  3.708068E-04
  1.886081E+01 -3.269099E-04  3.273981E-04
  1.909280E+01 -2.881676E-04  2.885991E-04
  1.932764E+01 -2.535967E-04  2.539777E-04
  1.956537E+01 -2.227997E-04  2.231354E-04
  1.980602E+01 -1.954110E-04  1.957063E-04
  2.004964E+01 -1.710954E-04  1.713548E-04
  2.029625E+01 -1.495455E-04  1.497730E-04
  2.054589E+01 -1.304803E-04  1.306794E-04
  2.079861E+01 -1.136432E-04  1.138171E-04
  2.105443E+01 -9.880045E-05  9.895215E-05
  2.131340E+01 -8.573969E-05  8.587177E-05
  2.157555E+01 -7.426814E-05  7.438292E-05
  2.184093E+01 -6.421119E-05  6.431075E-05
  2.210958E+01 -5.541104E-05  5.549725E-05
  2.238152E+01 -4.772535E-05  4.779985E-05
  2.265682E+01 -4.102596E-05  4.109022E-05
  2.293550E+01 -3.519774E-05  3.525305E-05
  2.321760E+01 -3.013745E-05  3.018497E-05
  2.350318E+01 -2.575272E-05  2.579347E-05
  2.379227E+01 -2.196109E-05  2.199596E-05
  2.408491E+01 -1.868907E-05  1.871885E-05
  2.438116E+01 -1.587133E-05  1.589672E-05
  2.468105E+01 -1.344992E-05  1.347151E-05
  2.498462E+01 -1.137353E-05  1.139185E-05
  2.529193E+01 -9.596847E-06  9.612361E-06
  2.560302E+01 -8.079932E-06  8.093042E-06
  2.591794E+01 -6.787673E-06  6.798727E-06
  2.623673E+01 -5.689266E-06  5.698566E-06
  2.655944E+01 -4.757749E-06  4.765555E-06
  2.688612E+01 -3.969579E-06  3.976117E-06
  2.721682E+01 -3.304248E-06  3.309711E-06
  2.755159E+01 -2.743933E-06  2.748487E-06
  2.789048E+01 -2.273182E-06  2.276969E-06
  2.823353E+01 -1.878633E-06  1.881775E-06
  2.858080E+01 -1.548758E-06  1.551359E-06
  2.893234E+01 -1.273638E-06  1.275785E-06
  2.928821E+01 -1.044758E-06  1.046527E-06
  2.964846E+01 -8.548293E-07  8.562822E-07
  3.001313E+01 -6.976267E-07  6.988173E-07
  3.038229E+01 -5.678492E-07  5.688223E-07
  3.075600E+01 -4.609938E-07  4.617871E-07
  3.113430E+01 -3.732460E-07  3.738910E-07
  3.151725E+01 -3.013831E-07  3.019060E-07
  3.190491E+01 -2.426898E-07  2.431127E-07
  3.229734E+01 -1.948850E-07  1.952261E-07
  3.269460E+01 -1.560575E-07  1.563318E-07
  3.309674E+01 -1.246107E-07  1.248306E-07
  3.350383E+01 -9.921438E-08  9.939027E-08
  3.391593E+01 -7.876395E-08  7.890420E-08
  3.433309E+01 -6.234449E-08  6.245600E-08
  3.475539E+01 -4.920063E-08  4.928902E-08
  3.518288E+01 -3.871052E-08  3.878038E-08
  3.561563E+01 -3.036386E-08  3.041890E-08
  3.605370E+01 -2.374313E-08  2.378637E-08
  3.649716E+01 -1.850783E-08  1.854169E-08
  3.694608E+01 -1.438112E-08  1.440755E-08
  3.740052E+01 -1.113864E-08  1.115921E-08
  3.786054E+01 -8.599179E-09  8.615133E-09
  3.832623E+01 -6.616824E-09  6.629158E-09
  3.879764E+01 -5.074487E-09  5.083991E-09
  3.927485E+01 -3.878527E-09  3.885826E-09
  3.975793E+01 -2.954305E-09  2.959892E-09
  4.024695E+01 -2.242536E-09  2.246798E-09
  4.074199E+01 -1.696292E-09  1.699531E-09
  4.124312E+01 -1.278556E-09  1.281009E-09
  4.175041E+01 -9.602357E-10  9.620877E-10
  4.226394E+01 -7.185480E-10  7.199408E-10
  4.278379E+01 -5.357151E-10  5.367588E-10
  4.331003E+01 -3.979169E-10  3.986961E-10
  4.384274E+01 -2.944498E-10  2.950293E-10
  4.438200E+01 -2.170552E-10  2.174846E-10
  4.492790E+01 -1.593855E-10  1.597024E-10
  4.548052E+01 -1.165805E-10  1.168136E-10
  4.603993E+01 -8.493390E-11  8.510458E-11
  4.660622E+01 -6.163005E-11  6.175455E-11
  4.717947E+01 -4.453883E-11  4.462929E-11
  4.775978E+01 -3.205518E-11  3.212063E-11
  4.834723E+01 -2.297462E-11  2.302179E-11
  4.894190E+01 -1.639710E-11  1.643095E-11
  4.954388E+01 -1.165284E-11  1.167702E-11
  5.015327E+01 -8.245542E-12  8.262750E-12
  5.077016E+01 -5.809067E-12  5.821258E-12
  5.139463E+01 -4.074457E-12  4.083055E-12
  5.202679E+01 -2.845020E-12  2.851058E-12
  5.266672E+01 -1.977558E-12  1.981778E-12
  5.331452E+01 -1.368286E-12  1.371223E-12
  5.397028E+01 -9.423311E-13  9.443653E-13
  5.463412E+01 -6.459282E-13  6.473306E-13
  5.530612E+01 -4.406498E-13  4.416121E-13
  5.598638E+01 -2.991617E-13  2.998188E-13
  5.667502E+01 -2.021135E-13  2.025601E-13
  5.737212E+01 -1.358737E-13  1.361757E-13
  5.807780E+01 -9.088651E-14  9.108971E-14
  5.879215E+01 -6.048678E-14  6.062283E-14
  5.951530E+01 -4.004896E-14  4.013959E-14
  6.024733E+01 -2.637935E-14  2.643940E-14
  6.098838E+01 -1.728426E-14  1.732385E-14
  6.173853E+01 -1.126480E-14  1.129076E-14
  6.249792E+01 -7.302184E-15  7.319116E-15
  6.326664E+01 -4.707716E-15  4.718700E-15
  6.404482E+01 -3.018331E-15  3.025417E-15
  6.483257E+01 -1.924395E-15  1.928941E-15
  6.563001E+01 -1.220011E-15  1.222911E-15
  6.643726E+01 -7.690628E-16  7.709021E-16
  6.725444E+01  0.000000E+00  0.000000E+00
  6.808167E+01  0.000000E+00  0.000000E+00
  6.891908E+01  0.000000E+00  0.000000E+00
  6.976678E+01  0.000000E+00  0.000000E+00
  7.062491E+01  0.000000E+00  0.000000E+00
  7.149360E+01  0.000000E+00  0.000000E+00
  7.237297E+01  0.000000E+00  0.000000E+00
  7.326316E+01  0.000000E+00  0.000000E+00
  7.416429E+01  0.000000E+00  0.000000E+00
  7.507651E+01  0.000000E+00  0.000000E+00
  7.599996E+01  0.000000E+00  0.000000E+00
  7.693476E+01  0.000000E+00  0.000000E+00
  7.788105E+01  0.000000E+00  0.000000E+00
  7.883899E+01  0.000000E+00  0.000000E+00
