  2.314814814814800E-004  0.237368395576152     
  2.343287037037000E-004  0.237368406325087     
  2.372109467592600E-004  0.237368417340072     
  2.401286414044000E-004  0.237368428627693     
  2.430822236936700E-004  0.237368440338472     
  2.460721350451000E-004  0.237368452770767     
  2.490988223061600E-004  0.237368465861581     
  2.521627378205200E-004  0.237368479637732     
  2.552643394957200E-004  0.237368494111811     
  2.584040908715100E-004  0.237368509296804     
  2.615824611892300E-004  0.237368525205980     
  2.647999254618600E-004  0.237368541853044     
  2.680569645450400E-004  0.237368559252088     
  2.713540652089500E-004  0.237368577417578     
  2.746917202110200E-004  0.237368596364429     
  2.780704283696100E-004  0.237368616107949     
  2.814906946385600E-004  0.237368636663852     
  2.849530301826100E-004  0.237368658048344     
  2.884579524538600E-004  0.237368680278021     
  2.920059852690400E-004  0.237368703369991     
  2.955976588878500E-004  0.237368727341792     
  2.992335100921700E-004  0.237368752211465     
  3.029140822663000E-004  0.237368777997538     
  3.066399254781800E-004  0.237368804719023     
  3.104115965615600E-004  0.237368832395486     
  3.142296591992700E-004  0.237368861046984     
  3.180946840074200E-004  0.237368890694142     
  3.220072486207100E-004  0.237368921358122     
  3.259679377787500E-004  0.237368953060645     
  3.299773434134200E-004  0.237368985824054     
  3.340360647374100E-004  0.237369019671215     
  3.381447083336800E-004  0.237369054625668     
  3.423038882461800E-004  0.237369090711548     
  3.465142260716100E-004  0.237369127953615     
  3.507763510522900E-004  0.237369166377307     
  3.550909001702400E-004  0.237369206008706     
  3.594585182423300E-004  0.237369246874614     
  3.638798580167100E-004  0.237369289002495     
  3.683555802703200E-004  0.237369332420543     
  3.728863539076400E-004  0.237369377157710     
  3.774728560607100E-004  0.237369423243657     
  3.821157721902500E-004  0.237369470708870     
  3.868157961881900E-004  0.237369519584574     
  3.915736304813100E-004  0.237369569902825     
  3.963899861362300E-004  0.237369621696521     
  4.012655829657000E-004  0.237369674999396     
  4.062011496361800E-004  0.237369729846038     
  4.111974237767100E-004  0.237369786271943     
  4.162551520891600E-004  0.237369844313530     
  4.213750904598600E-004  0.237369904008122     
  4.265580040725100E-004  0.237369965394033     
  4.318046675226000E-004  0.237370028510523     
  4.371158649331300E-004  0.237370093397874     
  4.424923900718100E-004  0.237370160097400     
  4.479350464696900E-004  0.237370228651469     
  4.534446475412700E-004  0.237370299103513     
  4.590220167060300E-004  0.237370371498086     
  4.646679875115100E-004  0.237370445880876     
  4.703834037579000E-004  0.237370522298716     
  4.761691196241300E-004  0.237370600799631     
  4.820259997955000E-004  0.237370681432894     
  4.879549195929900E-004  0.237370764248976     
  4.939567651039800E-004  0.237370849299674     
  5.000324333147600E-004  0.237370936638060     
  5.061828322445300E-004  0.237371026318571     
  5.124088810811400E-004  0.237371118397001     
  5.187115103184400E-004  0.237371212930569     
  5.250916618953500E-004  0.237371309977936     
  5.315502893366700E-004  0.237371409599216     
  5.380883578955100E-004  0.237371511856078     
  5.447068446976200E-004  0.237371616811721     
  5.514067388874000E-004  0.237371724530929     
  5.581890417757200E-004  0.237371835080123     
  5.650547669895600E-004  0.237371948527405     
  5.720049406235300E-004  0.237372064942573     
  5.790406013932000E-004  0.237372184397181     
  5.861628007903400E-004  0.237372306964580     
  5.933726032400600E-004  0.237372432719969     
  6.006710862599100E-004  0.237372561740424     
  6.080593406209100E-004  0.237372694104950     
  6.155384705105400E-004  0.237372829894550     
  6.231095936978200E-004  0.237372969192230     
  6.307738417003100E-004  0.237373112083090     
  6.385323599532200E-004  0.237373258654370     
  6.463863079806500E-004  0.237373408995468     
  6.543368595688099E-004  0.237373563198043     
  6.623852029415000E-004  0.237373721356034     
  6.705325409376800E-004  0.237373883565720     
  6.787800911912200E-004  0.237374049925797     
  6.871290863128700E-004  0.237374220537435     
  6.955807740745200E-004  0.237374395504314     
  7.041364175956300E-004  0.237374574932719     
  7.127972955320600E-004  0.237374758931567     
  7.215647022671100E-004  0.237374947612514     
  7.304399481049900E-004  0.237375141090003     
  7.394243594666800E-004  0.237375339481315     
  7.485192790881200E-004  0.237375542906668     
  7.577260662209100E-004  0.237375751489274     
  7.670460968354200E-004  0.237375965355433     
  7.764807638265000E-004  0.237376184634563     
  7.860314772215600E-004  0.237376409459340     
  7.956996643913900E-004  0.237376639965721     
  8.054867702634001E-004  0.237376876293072     
  8.153942575376400E-004  0.237377118584215     
  8.254236069053600E-004  0.237377366985535     
  8.355763172702900E-004  0.237377621647078     
  8.458539059727199E-004  0.237377882722598     
  8.562579090161800E-004  0.237378150369708     
  8.667898812970800E-004  0.237378424749922     
  8.774513968370300E-004  0.237378706028792     
  8.882440490181300E-004  0.237378994375978     
  8.991694508210500E-004  0.237379289965378     
  9.102292350661500E-004  0.237379592975205     
  9.214250546574700E-004  0.237379903588114     
  9.327585828297500E-004  0.237380221991314     
  9.442315133985600E-004  0.237380548376654     
  9.558455610133600E-004  0.237380882940776     
  9.676024614138300E-004  0.237381225885200     
  9.795039716892200E-004  0.237381577416474     
  9.915518705409900E-004  0.237381937746281     
  1.003747958548600E-003  0.237382307091581     
  1.016094058438800E-003  0.237382685674658     
  1.028592015357600E-003  0.237383073723456     
  1.041243697146500E-003  0.237383471471501     
  1.054050994621400E-003  0.237383879158149     
  1.067015821855200E-003  0.237384297028729     
  1.080140116464100E-003  0.237384725334582     
  1.093425839896600E-003  0.237385164333471     
  1.106874977727300E-003  0.237385614289445     
  1.120489539953300E-003  0.237386075473151     
  1.134271561294800E-003  0.237386548161914     
  1.148223101498700E-003  0.237387032640110     
  1.162346245647100E-003  0.237387529199055     
  1.176643104468600E-003  0.237388038137321     
  1.191115814653500E-003  0.237388559761013     
  1.205766539173800E-003  0.237389094383689     
  1.220597467605600E-003  0.237389642326889     
  1.235610816457200E-003  0.237390203919992     
  1.250808829499600E-003  0.237390779500709     
  1.266193778102400E-003  0.237391369415072     
  1.281767961573100E-003  0.237391974017703     
  1.297533707500400E-003  0.237392593672157     
  1.313493372102700E-003  0.237393228750905     
  1.329649340579600E-003  0.237393879635792     
  1.346004027468700E-003  0.237394546718153     
  1.362559877006600E-003  0.237395230398997     
  1.379319363493700E-003  0.237395931089425     
  1.396284991664700E-003  0.237396649210633     
  1.413459297062200E-003  0.237397385194422     
  1.430844846416100E-003  0.237398139483301     
  1.448444238027000E-003  0.237398912530827     
  1.466260102154700E-003  0.237399704801816     
  1.484295101411200E-003  0.237400516772663     
  1.502551931158600E-003  0.237401348931638     
  1.521033319911800E-003  0.237402201779228     
  1.539742029746700E-003  0.237403075828300     
  1.558680856712600E-003  0.237403971604549     
  1.577852631250200E-003  0.237404889646770     
  1.597260218614600E-003  0.237405830507195     
  1.616906519303500E-003  0.237406794751832     
  1.636794469490900E-003  0.237407782960746     
  1.656927041465700E-003  0.237408795728481     
  1.677307244075700E-003  0.237409833664478     
  1.697938123177800E-003  0.237410897393303     
  1.718822762092900E-003  0.237411987555110     
  1.739964282066700E-003  0.237413104806040     
  1.761365842736100E-003  0.237414249818636     
  1.783030642601800E-003  0.237415423282157     
  1.804961919505800E-003  0.237416625903132     
  1.827162951115700E-003  0.237417858405690     
  1.849637055414400E-003  0.237419121532045     
  1.872387591196000E-003  0.237420416042941     
  1.895417958567700E-003  0.237421742718144     
  1.918731599458100E-003  0.237423102356876     
  1.942331998131400E-003  0.237424495778360     
  1.966222681708400E-003  0.237425923822255     
  1.990407220693500E-003  0.237427387349204     
  2.014889229508000E-003  0.237428887241441     
  2.039672367030900E-003  0.237430424403184     
  2.064760337145400E-003  0.237431999761268     
  2.090156889292300E-003  0.237433614265755     
  2.115865819030600E-003  0.237435268890459     
  2.141890968604700E-003  0.237436964633561     
  2.168236227518500E-003  0.237438702518252     
  2.194905533117000E-003  0.237440483593297     
  2.221902871174300E-003  0.237442308933783     
  2.249232276489800E-003  0.237444179641665     
  2.276897833490600E-003  0.237446096846580     
  2.304903676842500E-003  0.237448061706428     
  2.333253992067700E-003  0.237450075408129     
  2.361953016170100E-003  0.237452139168417     
  2.391005038269000E-003  0.237454254234489     
  2.420414400239700E-003  0.237456421884867     
  2.450185497362700E-003  0.237458643430132     
  2.480322778980200E-003  0.237460920213814     
  2.510830749161700E-003  0.237463253613100     
  2.541713967376400E-003  0.237465645039837     
  2.572977049175100E-003  0.237468095941317     
  2.604624666880000E-003  0.237470607801184     
  2.636661550282600E-003  0.237473182140424     
  2.669092487351100E-003  0.237475820518224     
  2.701922324945500E-003  0.237478524533028     
  2.735155969542300E-003  0.237481295823479     
  2.768798387967700E-003  0.237484136069456     
  2.802854608139700E-003  0.237487046993165     
  2.837329719819800E-003  0.237490030360166     
  2.872228875373600E-003  0.237493087980496     
  2.907557290540700E-003  0.237496221709828     
  2.943320245214300E-003  0.237499433450616     
  2.979523084230500E-003  0.237502725153261     
  3.016171218166500E-003  0.237506098817429     
  3.053270124149900E-003  0.237509556493205     
  3.090825346677000E-003  0.237513100282425     
  3.128842498441100E-003  0.237516732340056     
  3.167327261171900E-003  0.237520454875464     
  3.206285386484400E-003  0.237524270153848     
  3.245722696738100E-003  0.237528180497732     
  3.285645085908000E-003  0.237532188288306     
  3.326058520464700E-003  0.237536295967052     
  3.366969040266400E-003  0.237540506037239     
  3.408382759461700E-003  0.237544821065498     
  3.450305867403000E-003  0.237549243683499     
  3.492744629572100E-003  0.237553776589543     
  3.535705388515800E-003  0.237558422550383     
  3.579194564794600E-003  0.237563184402875     
  3.623218657941500E-003  0.237568065055890     
  3.667784247434200E-003  0.237573067492049     
  3.712897993677700E-003  0.237578194769725     
  3.758566638999900E-003  0.237583450024963     
  3.804797008659600E-003  0.237588836473440     
  3.851596011866100E-003  0.237594357412572     
  3.898970642812100E-003  0.237600016223588     
  3.946927981718700E-003  0.237605816373719     
  3.995475195893800E-003  0.237611761418393     
  4.044619540803300E-003  0.237617855003503     
  4.094368361155200E-003  0.237624100867769     
  4.144729091997400E-003  0.237630502845119     
  4.195709259828900E-003  0.237637064867145     
  4.247316483724800E-003  0.237643790965604     
  4.299558476474600E-003  0.237650685275045     
  4.352443045735300E-003  0.237657752035417     
  4.405978095197800E-003  0.237664995594838     
  4.460171625768800E-003  0.237672420412313     
  4.515031736765700E-003  0.237680031060681     
  4.570566627127900E-003  0.237687832229464     
  4.626784596641600E-003  0.237695828727930     
  4.683694047180300E-003  0.237704025488173     
  4.741303483960600E-003  0.237712427568256     
  4.799621516813300E-003  0.237721040155464     
  4.858656861470100E-003  0.237729868569629     
  4.918418340866200E-003  0.237738918266539     
  4.978914886458900E-003  0.237748194841431     
  5.040155539562300E-003  0.237757704032582     
  5.102149452698900E-003  0.237767451724949     
  5.164905890967100E-003  0.237777443953959     
  5.228434233426000E-003  0.237787686909357     
  5.292743974497200E-003  0.237798186939141     
  5.357844725383500E-003  0.237808950553632     
  5.423746215505700E-003  0.237819984429586     
  5.490458293956400E-003  0.237831295414457     
  5.557990930972100E-003  0.237842890530734     
  5.626354219423000E-003  0.237854776980411     
  5.695558376321900E-003  0.237866962149504     
  5.765613744350700E-003  0.237879453612750     
  5.836530793406200E-003  0.237892259138376     
  5.908320122165100E-003  0.237905386692963     
  5.980992459667700E-003  0.237918844446464     
  6.054558666921700E-003  0.237932640777302     
  6.129029738524800E-003  0.237946784277639     
  6.204416804308700E-003  0.237961283758664     
  6.280731131001600E-003  0.237976148256135     
  6.357984123913000E-003  0.237991387035896     
  6.436187328637100E-003  0.238007009599681     
  6.515352432779300E-003  0.238023025690888     
  6.595491267702500E-003  0.238039445300582     
  6.676615810295300E-003  0.238056278673602     
  6.758738184761900E-003  0.238073536314795     
  6.841870664434500E-003  0.238091228995358     
  6.926025673607000E-003  0.238109367759380     
  7.011215789392400E-003  0.238127963930440     
  7.097453743601900E-003  0.238147029118427     
  7.184752424648200E-003  0.238166575226422     
  7.273124879471400E-003  0.238186614457775     
  7.362584315488900E-003  0.238207159323314     
  7.453144102569400E-003  0.238228222648679     
  7.544817775031000E-003  0.238249817581828     
  7.637619033663900E-003  0.238271957600679     
  7.731561747777900E-003  0.238294656520919     
  7.826659957275601E-003  0.238317928503924     
  7.922927874750100E-003  0.238341788064908     
  8.020379887609499E-003  0.238366250081157     
  8.119030560227100E-003  0.238391329800458     
  8.218894636117901E-003  0.238417042849697     
  8.319987040142200E-003  0.238443405243601     
  8.422322880735900E-003  0.238470433393679     
  8.525917452168999E-003  0.238498144117282     
  8.630786236830600E-003  0.238526554646920     
  8.736944907543700E-003  0.238555682639659     
  8.844409329906400E-003  0.238585546186817     
  8.953195564664300E-003  0.238616163823715     
  9.063319870109700E-003  0.238647554539758     
  9.174798704512000E-003  0.238679737788611     
  9.287648728577499E-003  0.238712733498618     
  9.401886807939000E-003  0.238746562083445     
  9.517530015676699E-003  0.238781244452918     
  9.634595634869500E-003  0.238816802024102     
  9.753101161178401E-003  0.238853256732585     
  9.873064305460900E-003  0.238890631044046     
  9.994502996418001E-003  0.238928947966039     
  1.011743538327400E-002  0.238968231060040     
  1.024187983848800E-002  0.239008504453810     
  1.036785496050200E-002  0.239049792853907     
  1.049537957651600E-002  0.239092121558788     
  1.062447274530700E-002  0.239135516471781     
  1.075515376007400E-002  0.239180004114770     
  1.088744215132300E-002  0.239225611641993     
  1.102135768978400E-002  0.239272366854336     
  1.115692038936900E-002  0.239320298213781     
  1.129415051015800E-002  0.239369434858588     
  1.143306856143300E-002  0.239419806618401     
  1.157369530473900E-002  0.239471444030213     
  1.171605175698700E-002  0.239524378354580     
  1.186015919359800E-002  0.239578641592177     
  1.200603915167900E-002  0.239634266501111     
  1.215371343324500E-002  0.239691286614444     
  1.230320410847400E-002  0.239749736258511     
  1.245453351900800E-002  0.239809650571538     
  1.260772428129200E-002  0.239871065522935     
  1.276279928995200E-002  0.239934017933262     
  1.291978172121800E-002  0.239998545494668     
  1.307869503638900E-002  0.240064686791985     
  1.323956298533600E-002  0.240132481324657     
  1.340240961005600E-002  0.240201969529064     
  1.356725924826000E-002  0.240273192801927     
  1.373413653701300E-002  0.240346193524163     
  1.390306641641900E-002  0.240421015085512     
  1.407407413334100E-002  0.240497701910325     
  1.424718524518100E-002  0.240576299483681     
  1.442242562369600E-002  0.240656854378720     
  1.459982145886800E-002  0.240739414284625     
  1.477939926281200E-002  0.240824028035832     
  1.496118587374500E-002  0.240910745641754     
  1.514520845999200E-002  0.240999618317868     
  1.533149452405000E-002  0.241090698517516     
  1.552007190669500E-002  0.241184039964958     
  1.571096879114800E-002  0.241279697689231     
  1.590421370727900E-002  0.241377728059498     
  1.609983553587800E-002  0.241478188821057     
  1.629786351297000E-002  0.241581139132768     
  1.649832723417900E-002  0.241686639605791     
  1.670125665916000E-002  0.241794752343108     
  1.690668211606700E-002  0.241905540980864     
  1.711463430609500E-002  0.242019070730422     
  1.732514430806000E-002  0.242135408422274     
  1.753824358304900E-002  0.242254622550911     
  1.775396397912000E-002  0.242376783321296     
  1.797233773606400E-002  0.242501962696659     
  1.819339749021700E-002  0.242630234447991     
  1.841717627934700E-002  0.242761674204628     
  1.864370754758300E-002  0.242896359506872     
  1.887302515041800E-002  0.243034369859850     
  1.910516335976800E-002  0.243175786789162     
  1.934015686909300E-002  0.243320693898214     
  1.957804079858300E-002  0.243469176927231     
  1.981885070040600E-002  0.243621323814088     
  2.006262256402100E-002  0.243777224756963     
  2.030939282155800E-002  0.243936972278825     
  2.055919835326300E-002  0.244100661293883     
  2.081207649300900E-002  0.244268389176040     
  2.106806503387300E-002  0.244440255829444     
  2.132720223378900E-002  0.244616363760955     
  2.158952682126500E-002  0.244796818154918     
  2.185507800116600E-002  0.244981726950255     
  2.212389546058100E-002  0.245171200919572     
  2.239601937474600E-002  0.245365353750981     
  2.267149041305500E-002  0.245564302132034     
  2.295034974513600E-002  0.245768165836364     
  2.323263904700100E-002  0.245977067812931     
  2.351840050727900E-002  0.246191134277784     
  2.380767683351900E-002  0.246410494808725     
  2.410051125857100E-002  0.246635282442807     
  2.439694754705100E-002  0.246865633776654     
  2.469703000188000E-002  0.247101689069934     
  2.500080347090300E-002  0.247343592351973     
  2.530831335359500E-002  0.247591491531493     
  2.561960560784500E-002  0.247845538509790     
  2.593472675682100E-002  0.248105889297425     
  2.625372389593000E-002  0.248372704134277     
  2.657664469985000E-002  0.248646147613577     
  2.690353742965800E-002  0.248926388809581     
  2.723445094004300E-002  0.249213601409267     
  2.756943468660500E-002  0.249507963848180     
  2.790853873325100E-002  0.249809659450414     
  2.825181375967000E-002  0.250118876573198     
  2.859931106891400E-002  0.250435808755808     
  2.895108259506100E-002  0.250760654873410     
  2.930718091098000E-002  0.251093619295666     
  2.966765923618500E-002  0.251434912050548     
  3.003257144479100E-002  0.251784748993337     
  3.040197207356100E-002  0.252143351981209     
  3.077591633006600E-002  0.252510949053270     
  3.115446010092600E-002  0.252887774616821     
  3.153765996016700E-002  0.253274069639494     
  3.192557317767800E-002  0.253670081847807     
  3.231825772776300E-002  0.254076065932468     
  3.271577229781400E-002  0.254492283760291     
  3.311817629707800E-002  0.254919004593457     
  3.352552986553200E-002  0.255356505316185     
  3.393789388287800E-002  0.255805070668950     
  3.435532997763700E-002  0.256264993490900     
  3.477790053636200E-002  0.256736574970519     
  3.520566871295900E-002  0.257220124905035     
  3.563869843812900E-002  0.257715961968782     
  3.607705442891800E-002  0.258224413991083     
  3.652080219839300E-002  0.258745818243791     
  3.697000806543400E-002  0.259280521739074     
  3.742473916463800E-002  0.259828881537937     
  3.788506345636300E-002  0.260391265069543     
  3.835104973687700E-002  0.260968050462317     
  3.882276764864000E-002  0.261559626886941     
  3.930028769071900E-002  0.262166394911775     
  3.978368122931400E-002  0.262788766871558     
  4.027302050843500E-002  0.263427167249420     
  4.076837866068900E-002  0.264082033073359     
  4.126982971821500E-002  0.264753814327317     
  4.177744862374900E-002  0.265442974377747     
  4.229131124182100E-002  0.266149990416341     
  4.281149437009600E-002  0.266875353919479     
  4.333807575084800E-002  0.267619571125318     
  4.387113408258300E-002  0.268383163529080     
  4.441074903179900E-002  0.269166668397561     
  4.495700124489000E-002  0.269970639303604     
  4.550997236020200E-002  0.270795646681382     
  4.606974502023300E-002  0.271642278403524     
  4.663640288398200E-002  0.272511140381039     
  4.721003063945500E-002  0.273402857186983     
  4.779071401632000E-002  0.274318072705071     
  4.837853979872100E-002  0.275257450804268     
  4.897359583824500E-002  0.276221676040652     
  4.957597106705500E-002  0.277211454387650     
  5.018575551118000E-002  0.278227513996106     
  5.080304030396800E-002  0.279270605985504     
  5.142791769970700E-002  0.280341505267759     
  5.206048108741300E-002  0.281441011405141     
  5.270082500478800E-002  0.282569949503915     
  5.334904515234700E-002  0.283729171145412     
  5.400523840772100E-002  0.284919555356259     
  5.466950284013600E-002  0.286142009619634     
  5.534193772506900E-002  0.287397470929531     
  5.602264355908800E-002  0.288686906890034     
  5.671172207486500E-002  0.290011316861915     
  5.740927625638500E-002  0.291371733158601     
  5.811541035433900E-002  0.292769222294089     
  5.883022990169700E-002  0.294204886285376     
  5.955384172948800E-002  0.295679864011814     
  6.028635398276100E-002  0.297195332634509     
  6.102787613674900E-002  0.298752509078485     
  6.177851901323100E-002  0.300352651580818     
  6.253839479709400E-002  0.301997061308026     
  6.330761705309799E-002  0.303687084046157     
  6.408630074285100E-002  0.305424111967179     
  6.487456224198800E-002  0.307209585475602     
  6.567251935756500E-002  0.309044995139291     
  6.648029134566300E-002  0.310931883708833     
  6.729799892921400E-002  0.312871848229863     
  6.812576431604400E-002  0.314866542253189     
  6.896371121713100E-002  0.316917678147775     
  6.981196486510199E-002  0.319027029521688     
  7.067065203294200E-002  0.321196433756877     
  7.153990105294800E-002  0.323427794663418     
  7.241984183589900E-002  0.325723085259746     
  7.331060589048000E-002  0.328084350685153     
  7.421232634293300E-002  0.330513711251786     
  7.512513795695100E-002  0.333013365643374     
  7.604917715382201E-002  0.335585594268432     
  7.698458203281400E-002  0.338232762776253     
  7.793149239181700E-002  0.340957325744276     
  7.889004974823700E-002  0.343761830546073     
  7.986039736014000E-002  0.346648921409712     
  8.084268024767000E-002  0.349621343676593     
  8.183704521471601E-002  0.352681948271861     
  8.284364087085699E-002  0.355833696397672     
  8.386261765356900E-002  0.359079664461640     
  8.489412785070800E-002  0.362423049253253     
  8.593832562327100E-002  0.365867173381878     
  8.699536702843801E-002  0.369415490990814     
  8.806541004288700E-002  0.373071593762728     
  8.914861458641500E-002  0.376839217232421     
  9.024514254582799E-002  0.380722247424388     
  9.135515779914100E-002  0.384724727832992     
  9.247882624007100E-002  0.388850866764658     
  9.361631580282399E-002  0.393105045062456     
  9.476779648719801E-002  0.397491824234517     
  9.593344038399100E-002  0.402015955009252     
  9.711342170071401E-002  0.406682386341659     
  9.830791678763300E-002  0.411496274896233     
  9.951710416412100E-002  0.416462995033907     
  0.100741164545340       0.421588149331770     
  0.101980280869250       0.426877579666236     
  0.103234638323940       0.432337378892219     
  0.104504424375320       0.437973903152448     
  0.105789828795140       0.443793784853773     
  0.107091043689320       0.449803946349381     
  0.108408263526700       0.456011614367127     
  0.109741685168080       0.462424335228722     
  0.111091507895640       0.469049990905306     
  0.112457933442760       0.475896815958351     
  0.113841166024110       0.482973415419113     
  0.115241412366200       0.490288783660295     
  0.116658881738310       0.497852324319278     
  0.118093785983690       0.505673871336091     
  0.119546339551290       0.513763711169958     
  0.121016759527770       0.522132606266629     
  0.122505265669960       0.530791819849391     
  0.124012080437700       0.539753142113258     
  0.125537429027080       0.549028917905856     
  0.127081539404120       0.558632075983449     
  0.128644642338790       0.568576159937172     
  0.130226971439560       0.578875360887710     
  0.131828763188260       0.589544552056312     
  0.133450256975480       0.600599325322480     
  0.135091695136280       0.612056029889516     
  0.136753322986450       0.623931813182077     
  0.138435388859190       0.636244664110772     
  0.140138144142150       0.649013458846219     
  0.141861843315100       0.662258009250371     
  0.143606743987880       0.675999114127524     
  0.145373106938930       0.690258613460777     
  0.147161196154280       0.705059445813476     
  0.148971278866980       0.720425709084610     
  0.150803625597040       0.736382724817192     
  0.152658510191880       0.752957106270735     
  0.154536209867240       0.770176830481412     
  0.156437005248610       0.788071314544978     
  0.158361180413170       0.806671496371321     
  0.160309022932250       0.826009920172987     
  0.162280823914320       0.846120826964276     
  0.164276878048460       0.867040250362955     
  0.166297483648460       0.888806117999902     
  0.168342942697330       0.911458358861757     
  0.170413560892510       0.935039016902681     
  0.172509647691490       0.959592371284344     
  0.174631516358090       0.985165063614752     
  0.176779484009300        1.01180623257790     
  0.178953871662610        1.03956765636389     
  0.181155004284060        1.06850390332383     
  0.183383210836760        1.09867249129742     
  0.185638824330050        1.13013405607442     
  0.187922181869310        1.16295252947087     
  0.190233624706300        1.19719532751988     
  0.192573498290190        1.23293354929035     
  0.194942152319160        1.27024218686590     
  0.197339940792680        1.30920034702861     
  0.199767222064430        1.34989148520643     
  0.202224358895830        1.39240365225470     
  0.204711718510250        1.43682975464898     
  0.207229672647920        1.48326782867299     
  0.209778597621490        1.53182132918798     
  0.212358874372240        1.58259943356726     
  0.214970888527010        1.63571736137076     
  0.217615030455900        1.69129671032122     
  0.220291695330500        1.74946580912749     
  0.223001283183070        1.81036008766159     
  0.225744198966220        1.87412246497091     
  0.228520852613510        1.94090375554447     
  0.231331659100650        2.01086309420145     
  0.234177038507590        2.08416837988436     
  0.237057416081230        2.16099673855520     
  0.239973222299030        2.24153500527231     
  0.242924892933310        2.32598022540101     
  0.245912869116390        2.41454017474785     
  0.248937597406520        2.50743389822782     
  0.251999529854620        2.60489226645806     
  0.255099124071830        2.70715854942333     
  0.258236843297920        2.81448900607050     
  0.261413156470480        2.92715348836264     
  0.264628538295070        3.04543605794086     
  0.267883469316100        3.16963561312166     
  0.271178435988690        3.30006652345989     
  0.274513930751350        3.43705926856548     
  0.277890452099590        3.58096107723504     
  0.281308504660410        3.73213656226576     
  0.284768599267740        3.89096834553539     
  0.288271253038730        4.05785766706595     
  0.291816989451110        4.23322497081220     
  0.295406338421350        4.41751045885744     
  0.299039836383940        4.61117460449996     
  0.302718026371460        4.81469861343264     
  0.306441458095830        5.02858482077408     
  0.310210688030410        5.25335701018186     
  0.314026279493180        5.48956063958139     
  0.317888802730950        5.73776295624004     
  0.321798835004540        5.99855298197484     
  0.325756960675090        6.27254134720488     
  0.329763771291400        6.56035995038066     
  0.333819865678280        6.86266141702638     
  0.337925850026120        7.18011833023919     
  0.342082337981450        7.51342220206006     
  0.346289950738620        7.86328215263838     
  0.350549317132700        8.23042326164234     
  0.354861073733430        8.61558455396681     
  0.359225864940360        9.01951657948461     
  0.363644343079120        9.44297854449563     
  0.368117168499000        9.88673495069353     
  0.372645009671530        10.3515516960481     
  0.377228543290490        10.8381915910058     
  0.381868454372970        11.3474092431085     
  0.386565436361750        11.8799452635049     
  0.391320191229000        12.4365197501501     
  0.396133429581120        13.0178250048711     
  0.401005870764970        13.6245174450420     
  0.405938242975380        14.2572086756244     
  0.410931283363970        14.9164556938656     
  0.415985738149350        15.6027502072240     
  0.421102362728590        16.3165070552558     
  0.426281921790150        17.0580517383567     
  0.431525189428170        17.8276070705964     
  0.436832949258130        18.6252789904550     
  0.442205994534010        19.4510415821702     
  0.447645128266780        20.3047213817223     
  0.453151163344460        21.1859810651473     
  0.458724922653600        22.0943026429892     
  0.464367239202240        23.0289703130892     
  0.470078956244420        23.9890531545160     
  0.475860927406230        24.9733878780584     
  0.481714016813330        25.9805618830434     
  0.487639099220130        27.0088969058798     
  0.493637060140540        28.0564335822386     
  0.499708795980270        29.1209172814070     
  0.505855214170820        30.1997856073060     
  0.512077233305120        31.2901579949779     
  0.518375783274780        32.3888278627926     
  0.524751805409060        33.4922578077732     
  0.531206252615590        34.5965783526843     
  0.537740089522760        35.6975907668359     
  0.544354292623890        36.7907744854649     
  0.551049850423160        37.8712996420456     
  0.557827763583370        38.9340451999186     
  0.564689045075440        39.9736231189848     
  0.571634720329870        40.9844089128477     
  0.578665827389930        41.9605788329105     
  0.585783417066830        42.8961537475644     
  0.592988553096750        43.7850495557545     
  0.600282312299840        44.6211336764384     
  0.607665784741130        45.3982867904806     
  0.615140073893440        46.1104686013690     
  0.622706296802330        46.7517859814303     
  0.630365584253000        47.3165615790140     
  0.638119080939310        47.7994009130708     
  0.645967945634860        48.1952563077070     
  0.653913351366170        48.4994867813346     
  0.661956485587980        48.7079141068325     
  0.670098550360710        48.8168764021312     
  0.678340762530150        48.8232813504279     
  0.686684353909270        48.7246610714697     
  0.695130571462350        48.5192296104020     
  0.703680677491340        48.2059422115374     
  0.712335949824480        47.7845535667876     
  0.721097682007320        47.2556707268084     
  0.729967183496010        46.6207957873008     
  0.738945779853010        45.8823538883383     
  0.748034812945210        45.0437032244594     
  0.757235641144430        44.1091252330878     
  0.766549639530510        43.0837945301120     
  0.775978200096730        41.9737292775322     
  0.785522731957920        40.7857234490602     
  0.795184661561010        39.5272629618923     
  0.804965432898210        38.2064279577420     
  0.814866507722850        36.8317837235072     
  0.824889365767840        35.4122628912321     
  0.835035504966790        33.9570416689346     
  0.845306441677880        32.4754129290347     
  0.855703710910520        30.9766590100360     
  0.866228866554720        29.4699270575990     
  0.876883481613340        27.9641096330797     
  0.887669148437190        26.4677331453659     
  0.898587478962960        24.9888564150107     
  0.909640104954210        23.5349813631255     
  0.920828678245140        22.1129774408794     
  0.932154870987560        20.7290209920297     
  0.943620375900710        19.3885502870343     
  0.955226906524280        18.0962365007386     
  0.966976197474530        16.8559704566581     
  0.978870004703470        15.6708644590066     
  0.990910105761320        14.5432683284763     
   1.00309830006220        13.4747980086561     
   1.01543640915300        12.4663754902344     
   1.02792627698550        11.5182778932073     
   1.04056977019250        10.6301938914496     
   1.05336877836580        9.80128545214512     
   1.06632521433970        9.03025291653051     
   1.07944101447610        8.31540154424671     
   1.09271813895420        7.65470779546632     
   1.10615857206330        7.04588382145632     
   1.11976432249970        6.48643886196743     
   1.13353742366640        5.97373649388741     
   1.14747993397750        5.50504692730774     
   1.16159393716540        5.07759379151738     
   1.17588154259260        4.68859508487937     
   1.19034488556650        4.33529817193581     
   1.20498612765890        4.01500889319364     
   1.21980745702910        3.72511500514296     
   1.23481108875060        3.46310428936950     
   1.24999926514220        3.22657776155858     
   1.26537425610350        3.01325847701453     
   1.28093835945350        2.82099647389008     
   1.29669390127480        2.64777042449434     
   1.31264323626050        2.49168658469835     
   1.32878874806650        2.35097564550579     
   1.34513284966770        2.22398809960773     
   1.36167798371860        2.10918873395791     
   1.37842662291840        2.00515083694485     
   1.39538127038030        1.91055065366701     
   1.41254446000600        1.82416252750139     
   1.42991875686400        1.74485503347172     
   1.44750675757350        1.67158825461981     
   1.46531109069160        1.60341220105621     
   1.48333441710710        1.53946624542199     
   1.50157943043750        1.47897935925833     
   1.52004885743190        1.42127087772252     
   1.53874545837830        1.36575148066014     
   1.55767202751640        1.31192404225125     
   1.57683139345480        1.25938396515507     
   1.59622641959430        1.20781858658786     
   1.61586000455530        1.15700524016237     
   1.63573508261140        1.10680759707332     
   1.65585462412750        1.05717000562692     
   1.67622163600430        1.00810969938108     
   1.69683916212710       0.959706937189111     
   1.71771028382130       0.912093346883020     
   1.73883812031230       0.865438935832959     
   1.76022582919210       0.819938375864183     
   1.78187660689120       0.775797246123026     
   1.80379368915590       0.733218917996677     
   1.82598035153260       0.692392698623874     
   1.84843990985640       0.653483733084635     
   1.87117572074760       0.616624949762213     
   1.89419118211280       0.581911307246720     
   1.91748973365280       0.549396290936842     
   1.94107485737670       0.519090559507583     
   1.96495007812250       0.490962537060702     
   1.98911896408340       0.464940711041909     
   2.01358512734160       0.440917414390949     
   2.03835222440790       0.418753933394586     
   2.06342395676810       0.398286863855239     
   2.08880407143640       0.379335693428128     
   2.11449636151510       0.361711565215893     
   2.14050466676170       0.345227035641608     
   2.16683287416290       0.329706363883967     
   2.19348491851510       0.314995478049126     
   2.22046478301280       0.300970242201365     
   2.24777649984380       0.287541198631243     
   2.27542415079190       0.274652696973965     
   2.30341186784670       0.262271921341887     
   2.33174383382120       0.250374492896291     
   2.36042428297720       0.238937492155166     
   2.38945750165780       0.227940145326209     
   2.41884782892820       0.217363477279132     
   2.44859965722400       0.207190020048630     
   2.47871743300790       0.197403687710650     
   2.50920565743390       0.187989632347259     
   2.54006888702030       0.178934115523245     
   2.57131173433060       0.170224390606627     
   2.60293886866290       0.161848595228999     
   2.63495501674750       0.153795653022545     
   2.66736496345350       0.146055184140573     
   2.70017355250390       0.138617423983978     
   2.73338568719970       0.131473149512390     
   2.76700633115230       0.124613612617560     
   2.80104050902550       0.118030479995678     
   2.83549330728650       0.111715779193839     
   2.87036987496610       0.105661850252685     
   2.90567542442820       9.986130269806905E-002
   2.94141523214870       9.430697738170578E-002
   2.97759463950410       8.899191290138005E-002
   3.01421905357000       8.390931615081799E-002
   3.05129394792890       7.905253687811803E-002
   3.08882486348840       7.441504590054455E-002
   3.12681740930930       6.999041657005944E-002
   3.16527726344380       6.577230945848341E-002
   3.20421017378420       6.175445997434094E-002
   3.24362195892170       5.793066854012977E-002
   3.28351850901650       5.429479327847204E-002
   3.32390578667740       5.084074496909838E-002
   3.36478982785350       4.756248403089860E-002
   3.40617674273610       4.445401932981117E-002
   3.44807271667180       4.150940861854273E-002
   3.49048401108680       3.872276048488337E-002
   3.53341696442320       3.608823752665887E-002
   3.57687799308560       3.360006059678981E-002
   3.62087359240050       3.125251396205930E-002
   3.66541033758710       2.903995113785200E-002
   3.71049488473940       2.695680128495197E-002
   3.75613397182170       2.499757592929827E-002
   3.80233441967510       2.315687593293884E-002
   3.84910313303710       2.142939847803489E-002
   3.89644710157350       1.980994399294082E-002
   3.94437340092280       1.829342286653820E-002
   3.99288919375420       1.687486184736782E-002
   4.04200173083730       1.554941003859134E-002
   4.09171835212660       1.431234438993241E-002
   4.14204648785780       1.315907464529012E-002
   4.19299365965840       1.208514767874801E-002
   4.24456748167220       1.108625119311078E-002
   4.29677566169680       1.015821674912035E-002
   4.34962600233570       9.297022118724881E-003
   4.40312640216440       8.498792977301588E-003
   4.45728485691100       7.759803918502904E-003
   4.51210946065100       7.076478847285623E-003
   4.56760840701700       6.445390761255615E-003
   4.62378999042340       5.863260940008390E-003
   4.68066260730560       5.326957619084926E-003
   4.73823475737540       4.833494158697957E-003
   4.79651504489110       4.380026776227535E-003
   4.85551217994330       3.963851881302780E-003
   4.91523497975660       3.582403052824939E-003
   4.97569237000760       3.233247720722942E-003
   5.03689338615870       2.914083585584065E-003
   5.09884717480850       2.622734834833091E-003
   5.16156299505860       2.357148183319307E-003
   5.22505021989780       2.115388779526082E-003
   5.28931833760260       1.895636014081319E-003
   5.35437695315510       1.696179258922487E-003
   5.42023578967890       1.515413575884473E-003
   5.48690468989190       1.351835406375262E-003
   5.55439361757760       1.204038270345108E-003
   5.62271265907380       1.070708489100742E-003
   5.69187202478040       9.506209526821337E-004
   5.76188205068520       8.426349409198992E-004
   5.83275319990860       7.456900107486057E-004
   5.90449606426750       6.588019581308896E-004
   5.97712136585800       5.810588628856755E-004
   6.05063995865810       5.116172218005416E-004
   6.12506283014960       4.496981791435108E-004
   6.20040110296040       3.945838540688786E-004
   6.27666603652680       3.456137734801591E-004
   6.35386902877610       3.021814107689290E-004
   6.43202161783000       2.637308376692632E-004
   6.51113548372930       2.297534885789191E-004
   6.59122245017920       1.997850413859756E-004
   6.67229448631640       1.734024174414895E-004
   6.75436370849810       1.502209032226595E-004
   6.83744238211260       1.298913942442264E-004
   6.92154292341260       1.120977626922145E-004
   7.00667790137060       9.655435072100023E-005
   7.09286003955750       8.300358831147169E-005
   7.18010221804400       7.121373674696542E-005
   7.26841747532600       6.097675650965440E-005
   7.35781901027250       5.210629817531154E-005
   7.44832018409880       4.443581550328674E-005
   7.53993452236320       3.781679761866765E-005
   7.63267571698830       3.211711810977691E-005
   7.72655762830730       2.721949776399906E-005
   7.82159428713540       2.302007747162457E-005
   7.91779989686720       1.942709725577541E-005
   8.01518883559870       1.635967744361973E-005
   8.11377565827650       1.374669737942433E-005
   8.21357509887330       1.152576687946085E-005
   8.31460207258950       9.642285906025671E-006
   8.41687167808230       8.048587239919869E-006
   8.52039919972270       6.703157335829801E-006
   8.62520010987930       5.569930355252820E-006
   8.73129007123080       4.617650432774270E-006
   8.83868493910700       3.819297308494958E-006
   8.94740076385800       3.151570596286954E-006
   9.05745379325340       2.594428101834620E-006
   9.16886047491050       2.130673808430859E-006
   9.28163745875190       1.745591224147231E-006
   9.39580159949450       1.426618129393568E-006
   9.51136995916830       1.163058887124744E-006
   9.62835980966610       9.458307530418859E-007
   9.74678863532500       7.672408430264191E-007
   9.86667413553940       6.207906325392297E-007
   9.98803422740660       5.010051149010420E-007
   10.1108870484040       4.032839472433710E-007
   10.2352509590990       3.237721481609706E-007
   10.3611445458960       2.592481176857197E-007
   10.4885866238100       2.070269575849696E-007
   10.6175962392830       1.648772481461817E-007
   10.7481926730270       1.309496273721283E-007
   10.8803954429050       1.037156894528966E-007
   11.0142243068520       8.191586760561292E-008
   11.1496992658270       6.451511949381045E-008
   11.2868405667960       5.066536276396432E-008
   11.4256687057680       3.967373135276705E-008
   11.5662044308490       3.097583438778060E-008
   11.7084687453480       2.411330038903558E-008
   11.8524829109160       1.871497923958075E-008
   11.9982684507200       1.448125611467978E-008
   12.1458471526640       1.117100418592752E-008
   12.2952410726420       8.590767309446577E-009
   12.4464725378360       6.585820482294240E-009
   12.5995641500510       5.032806158854044E-009
   12.7545387890970       3.833688724927666E-009
   12.9114196162030       2.910807750231315E-009
   13.0702300774820       2.202843720921363E-009
   13.2309939074350       1.661539055351055E-009
   13.3937351324960       1.249042124031135E-009
   13.5584780746260       9.357632693091174E-010
   13.7252473549440       6.986501296116377E-010
   13.8940678974100       5.198051040597634E-010
   14.0649649325480       3.853810284663670E-010
   14.2379640012180       2.847021956591705E-010
   14.4130909584330       2.095672577884312E-010
   14.5903719772220       1.536984009729003E-010
   14.7698335525420       1.123076877595487E-010
   14.9515025052380       8.175691358903947E-011
   15.1354059860520       5.929181406398702E-011
   15.3215714796810       4.283515571463124E-011
   15.5100268088810       3.082628343571236E-011
   15.7008001386300       2.209717529101520E-011
   15.8939199803350       1.577707278251500E-011
   16.0894151960930       1.121938867790179E-011
   16.2873150030050       7.945912794722093E-012
   16.4876489775420       5.604394434294512E-012
   16.6904470599660       3.936425795146461E-012
   16.8957395588040       2.753225690422750E-012
   17.1035571553770       1.917456528682200E-012
   17.3139309083880       1.329629118193530E-012
   17.5268922585610       9.179812233295192E-013
   17.7424730333420       6.309748981255343E-013
   17.9607054516520       4.317593768418765E-013
   18.1816221287070       2.941026822017107E-013
   18.4052560808900       1.994157632313112E-013
   18.6316407306850       1.345856427200483E-013
   18.8608099116720       9.040487451043701E-014
   19.0927978735860       6.043848479310526E-014
   19.3276392874310       4.021040240355864E-014
   19.5653692506670       2.662195233349704E-014
   19.8060232924500       1.753849526806479E-014
   20.0496373789470       1.149662289413419E-014
   20.2962479187080       7.498032265667840E-015
   20.5458917681080       4.865150425030378E-015
   20.7986062368560       3.140434520720843E-015
   21.0544290935690       2.016507911249679E-015
   21.3133985714200       1.287949126844530E-015
   21.5755533738480       8.181964788048648E-016
   21.8409326803470       5.169491173231718E-016
   22.1095761523150       3.248180140068546E-016
   22.3815239389890       2.029574483663551E-016
   22.6568166834380       1.260992661773490E-016
   22.9354955286440       7.789911638936361E-017
   23.2176021236470       4.784474753843736E-017
   23.5031786297680       2.921371212055129E-017
   23.7922677269140       1.773203426197509E-017
   24.0849126199550       1.069837766503040E-017
   24.3811570451800       6.415531630347315E-018
   24.6810452768360       3.823579793448650E-018
   24.9846221337410       2.264631078520121E-018
   25.2919329859860       1.332849686072436E-018
   25.6030237617140       7.794486098572402E-019
   25.9179409539830       4.528789971016911E-019
   26.2367316277170       2.614150630971684E-019
   26.5594434267380       1.498986421039960E-019
   26.8861245808860       8.537828951977439E-020
   27.2168239132310       4.829975904998496E-020
   27.5515908473640       2.713646571358766E-020
   27.8904754147870       1.514033784587769E-020
   28.2335282623890       8.387924472581979E-021
   28.5808006600160       4.613944398107303E-021
   28.9323445081340       2.519711809875391E-021
   29.2882123455840       1.366002050381482E-021
   29.6484573574350       7.350800050046906E-022
   30.0131333829310       3.926096528089780E-022
   30.3822949235410       2.081087188107609E-022
   30.7559971511010       1.094666559042229E-022
   31.1342959160590       5.713398644464302E-023
   31.5172477558270       2.958602502413310E-023
   31.9049099032240       1.519903185315333E-023
   32.2973402950330       7.745326181688967E-024
   32.6945975806620       3.914846320836150E-024
   33.0967411309040       1.962443401372468E-024
   33.5038310468150       9.755344876296639E-025
   33.9159281686900       4.808462958862521E-025
   34.3330940851650       2.349863394357798E-025
   34.7553911424130       1.138428122867387E-025
   35.1828824534640       5.466994808327032E-026
   35.6156319076420       2.602103437925913E-026
   36.0537041801060       1.227398285489587E-026
   36.4971647415210       5.736977407126503E-027
   36.9460798678420       2.656858595135412E-027
   37.4005166502170       1.218966588580837E-027
   37.8605430050140       5.539913496554668E-028
   38.3262276839760       2.493739666391622E-028
   38.7976402844890       1.111692506531692E-028
   39.2748512599880       4.907400614299249E-029
   39.7579319304860       2.144859227687909E-029
   40.2469544932310       9.280535305597332E-030
   40.7419920334980       3.974843580676171E-030
   41.2431185355100       1.684942098261495E-030
   41.7504088934960       7.068256250128635E-031
   42.2639389228860       2.933902622247338E-031
   42.7837853716380       1.204836815728832E-031
   43.3100259317090       4.894430676050059E-032
   43.8427392506690       1.966568644442946E-032
   44.3820049434520       7.814295415159815E-033
   44.9279036042570       3.070325203150242E-033
   45.4805168185890       1.192702282033597E-033
   46.0399271754580       4.580061934069279E-034
   46.6062182797160       1.738361075830950E-034
   47.1794747645560       6.520410765504420E-035
   47.7597823041600       2.416641209270947E-035
   48.3472276265020       8.848875918810184E-036
   48.9418985263070       3.200610237354963E-036
   49.5438838781810       1.143424390586672E-036
   50.1532736498830       0.000000000000000E+000
   50.7701589157760       0.000000000000000E+000
   51.3946318704400       0.000000000000000E+000
   52.0267858424470       0.000000000000000E+000
   52.6667153083090       0.000000000000000E+000
   53.3145159066010       0.000000000000000E+000
   53.9702844522520       0.000000000000000E+000
   54.6341189510150       0.000000000000000E+000
   55.3061186141120       0.000000000000000E+000
   55.9863838730660       0.000000000000000E+000
   56.6750163947050       0.000000000000000E+000
   57.3721190963600       0.000000000000000E+000
   58.0777961612450       0.000000000000000E+000
   58.7921530540280       0.000000000000000E+000
   59.5152965365930       0.000000000000000E+000
   60.2473346839930       0.000000000000000E+000
   60.9883769006060       0.000000000000000E+000
   61.7385339364830       0.000000000000000E+000
   62.4979179039020       0.000000000000000E+000
   63.2666422941200       0.000000000000000E+000
   64.0448219943380       0.000000000000000E+000
   64.8325733048680       0.000000000000000E+000
   65.6300139565180       0.000000000000000E+000
   66.4372631281830       0.000000000000000E+000
   67.2544414646600       0.000000000000000E+000
   68.0816710946750       0.000000000000000E+000
   68.9190756491400       0.000000000000000E+000
   69.7667802796240       0.000000000000000E+000
   70.6249116770630       0.000000000000000E+000
   71.4935980906910       0.000000000000000E+000
   72.3729693472070       0.000000000000000E+000
   73.2631568701770       0.000000000000000E+000
   74.1642936996810       0.000000000000000E+000
   75.0765145121870       0.000000000000000E+000
   75.9999556406860       0.000000000000000E+000
   76.9347550950670       0.000000000000000E+000
   77.8810525827360       0.000000000000000E+000
   78.8389895295040       0.000000000000000E+000
