  8.223684E-05  6.374415E-13  8.904475E-09
  8.426809E-05  6.858522E-13  9.471780E-09
  8.634951E-05  7.379394E-13  1.007519E-08
  8.848235E-05  7.939825E-13  1.071700E-08
  9.066786E-05  8.542818E-13  1.140050E-08
  9.290736E-05  9.191606E-13  1.213015E-08
  9.520217E-05  9.889666E-13  1.290845E-08
  9.755366E-05  1.064074E-12  1.373863E-08
  9.996324E-05  1.144886E-12  1.462402E-08
  1.024323E-04  1.231834E-12  1.556822E-08
  1.049624E-04  1.325387E-12  1.657501E-08
  1.075550E-04  1.426044E-12  1.764848E-08
  1.102116E-04  1.534345E-12  1.879296E-08
  1.129338E-04  1.650871E-12  2.001306E-08
  1.157233E-04  1.776247E-12  2.131371E-08
  1.185816E-04  1.911145E-12  2.270018E-08
  1.215106E-04  2.056288E-12  2.417807E-08
  1.245119E-04  2.212454E-12  2.575335E-08
  1.275874E-04  2.380479E-12  2.743240E-08
  1.307388E-04  2.561266E-12  2.922201E-08
  1.339680E-04  2.755782E-12  3.112942E-08
  1.372770E-04  2.965071E-12  3.316235E-08
  1.406678E-04  3.190254E-12  3.532905E-08
  1.441423E-04  3.432540E-12  3.763829E-08
  1.477026E-04  3.693225E-12  4.009943E-08
  1.513508E-04  3.973709E-12  4.272244E-08
  1.550892E-04  4.275494E-12  4.551797E-08
  1.589199E-04  4.600198E-12  4.849737E-08
  1.628452E-04  4.949561E-12  5.167271E-08
  1.668675E-04  5.325458E-12  5.505691E-08
  1.709891E-04  5.729902E-12  5.866370E-08
  1.752126E-04  6.165061E-12  6.250775E-08
  1.795403E-04  6.633269E-12  6.660468E-08
  1.839750E-04  7.137036E-12  7.097116E-08
  1.885191E-04  7.679061E-12  7.562495E-08
  1.931756E-04  8.262250E-12  8.058500E-08
  1.979470E-04  8.889730E-12  8.587152E-08
  2.028363E-04  9.564864E-12  9.150603E-08
  2.078463E-04  1.029127E-11  9.751152E-08
  2.129802E-04  1.107285E-11  1.039125E-07
  2.182408E-04  1.191378E-11  1.107350E-07
  2.236313E-04  1.281857E-11  1.180070E-07
  2.291550E-04  1.379209E-11  1.257580E-07
  2.348151E-04  1.483953E-11  1.340199E-07
  2.406151E-04  1.596653E-11  1.428264E-07
  2.465583E-04  1.717911E-11  1.522135E-07
  2.526482E-04  1.848378E-11  1.622196E-07
  2.588887E-04  1.988754E-11  1.728858E-07
  2.652832E-04  2.139791E-11  1.842556E-07
  2.718357E-04  2.302298E-11  1.963757E-07
  2.785500E-04  2.477147E-11  2.092959E-07
  2.854302E-04  2.665275E-11  2.230691E-07
  2.924804E-04  2.867690E-11  2.377519E-07
  2.997046E-04  3.085478E-11  2.534047E-07
  3.071073E-04  3.319806E-11  2.700917E-07
  3.146929E-04  3.571930E-11  2.878818E-07
  3.224658E-04  3.843202E-11  3.068480E-07
  3.304307E-04  4.135075E-11  3.270685E-07
  3.385923E-04  4.449115E-11  3.486266E-07
  3.469556E-04  4.787005E-11  3.716114E-07
  3.555254E-04  5.150556E-11  3.961175E-07
  3.643068E-04  5.541717E-11  4.222464E-07
  3.733052E-04  5.962585E-11  4.501058E-07
  3.825259E-04  6.415416E-11  4.798111E-07
  3.919743E-04  6.902637E-11  5.114851E-07
  4.016560E-04  7.426861E-11  5.452591E-07
  4.115769E-04  7.990897E-11  5.812731E-07
  4.217429E-04  8.597769E-11  6.196763E-07
  4.321599E-04  9.250730E-11  6.606281E-07
  4.428343E-04  9.953280E-11  7.042987E-07
  4.537723E-04  1.070919E-10  7.508696E-07
  4.649805E-04  1.152250E-10  8.005345E-07
  4.764655E-04  1.239758E-10  8.535001E-07
  4.882342E-04  1.333912E-10  9.099871E-07
  5.002936E-04  1.435216E-10  9.702309E-07
  5.126508E-04  1.544214E-10  1.034483E-06
  5.253133E-04  1.661490E-10  1.103012E-06
  5.382885E-04  1.787673E-10  1.176103E-06
  5.515842E-04  1.923439E-10  1.254063E-06
  5.652084E-04  2.069515E-10  1.337219E-06
  5.791690E-04  2.226685E-10  1.425917E-06
  5.934745E-04  2.395791E-10  1.520531E-06
  6.081333E-04  2.577741E-10  1.621456E-06
  6.231542E-04  2.773508E-10  1.729118E-06
  6.385461E-04  2.984144E-10  1.843968E-06
  6.543182E-04  3.210776E-10  1.966490E-06
  6.704799E-04  3.454619E-10  2.097199E-06
  6.870407E-04  3.716982E-10  2.236646E-06
  7.040106E-04  3.999269E-10  2.385419E-06
  7.213997E-04  4.302995E-10  2.544147E-06
  7.392183E-04  4.629788E-10  2.713499E-06
  7.574769E-04  4.981399E-10  2.894191E-06
  7.761866E-04  5.359714E-10  3.086988E-06
  7.953584E-04  5.766759E-10  3.292707E-06
  8.150038E-04  6.204718E-10  3.512219E-06
  8.351344E-04  6.675938E-10  3.746455E-06
  8.557622E-04  7.182945E-10  3.996410E-06
  8.768995E-04  7.728457E-10  4.263146E-06
  8.985589E-04  8.315397E-10  4.547796E-06
  9.207534E-04  8.946914E-10  4.851574E-06
  9.434960E-04  9.626391E-10  5.175772E-06
  9.668003E-04  1.035747E-09  5.521772E-06
  9.906803E-04  1.114407E-09  5.891050E-06
  1.015150E-03  1.199041E-09  6.285184E-06
  1.040224E-03  1.290103E-09  6.705857E-06
  1.065918E-03  1.388081E-09  7.154869E-06
  1.092246E-03  1.493499E-09  7.634140E-06
  1.119224E-03  1.606923E-09  8.145725E-06
  1.146869E-03  1.728962E-09  8.691814E-06
  1.175197E-03  1.860268E-09  9.274752E-06
  1.204224E-03  2.001547E-09  9.897039E-06
  1.233969E-03  2.153556E-09  1.056135E-05
  1.264448E-03  2.317108E-09  1.127054E-05
  1.295680E-03  2.493082E-09  1.202766E-05
  1.327683E-03  2.682420E-09  1.283597E-05
  1.360477E-03  2.886138E-09  1.369894E-05
  1.394080E-03  3.105327E-09  1.462031E-05
  1.428514E-03  3.341162E-09  1.560404E-05
  1.463798E-03  3.594908E-09  1.665438E-05
  1.499954E-03  3.867925E-09  1.777585E-05
  1.537003E-03  4.161676E-09  1.897332E-05
  1.574967E-03  4.477737E-09  2.025195E-05
  1.613869E-03  4.817800E-09  2.161727E-05
  1.653731E-03  5.183690E-09  2.307519E-05
  1.694579E-03  5.577368E-09  2.463202E-05
  1.736435E-03  6.000944E-09  2.629451E-05
  1.779325E-03  6.456688E-09  2.806984E-05
  1.823274E-03  6.947044E-09  2.996572E-05
  1.868309E-03  7.474640E-09  3.199036E-05
  1.914456E-03  8.042305E-09  3.415254E-05
  1.961743E-03  8.653082E-09  3.646165E-05
  2.010198E-03  9.310244E-09  3.892769E-05
  2.059850E-03  1.001731E-08  4.156137E-05
  2.110728E-03  1.077808E-08  4.437411E-05
  2.162863E-03  1.159663E-08  4.737813E-05
  2.216286E-03  1.247734E-08  5.058646E-05
  2.271028E-03  1.342494E-08  5.401302E-05
  2.327123E-03  1.444450E-08  5.767270E-05
  2.384603E-03  1.554150E-08  6.158136E-05
  2.443502E-03  1.672181E-08  6.575597E-05
  2.503857E-03  1.799175E-08  7.021465E-05
  2.565702E-03  1.935814E-08  7.497674E-05
  2.629075E-03  2.082831E-08  8.006288E-05
  2.694013E-03  2.241012E-08  8.549512E-05
  2.760555E-03  2.411207E-08  9.129702E-05
  2.828741E-03  2.594328E-08  9.749369E-05
  2.898611E-03  2.791355E-08  1.041120E-04
  2.970207E-03  3.003346E-08  1.111805E-04
  3.043571E-03  3.231437E-08  1.187298E-04
  3.118747E-03  3.476850E-08  1.267926E-04
  3.195780E-03  3.740902E-08  1.354037E-04
  3.274716E-03  4.025006E-08  1.446002E-04
  3.355601E-03  4.330688E-08  1.544217E-04
  3.438484E-03  4.659585E-08  1.649106E-04
  3.523415E-03  5.013459E-08  1.761120E-04
  3.610443E-03  5.394210E-08  1.880741E-04
  3.699621E-03  5.803876E-08  2.008482E-04
  3.791002E-03  6.244655E-08  2.144891E-04
  3.884640E-03  6.718909E-08  2.290551E-04
  3.980590E-03  7.229181E-08  2.446087E-04
  4.078911E-03  7.778206E-08  2.612162E-04
  4.179660E-03  8.368927E-08  2.789483E-04
  4.282898E-03  9.004511E-08  2.978807E-04
  4.388685E-03  9.688365E-08  3.180936E-04
  4.497086E-03  1.042415E-07  3.396729E-04
  4.608164E-03  1.121582E-07  3.627099E-04
  4.721985E-03  1.206762E-07  3.873018E-04
  4.838618E-03  1.298410E-07  4.135524E-04
  4.958132E-03  1.397019E-07  4.415720E-04
  5.080598E-03  1.503117E-07  4.714782E-04
  5.206089E-03  1.617272E-07  5.033962E-04
  5.334679E-03  1.740097E-07  5.374592E-04
  5.466446E-03  1.872251E-07  5.738090E-04
  5.601467E-03  2.014440E-07  6.125965E-04
  5.739823E-03  2.167429E-07  6.539823E-04
  5.881597E-03  2.332036E-07  6.981372E-04
  6.026872E-03  2.509145E-07  7.452429E-04
  6.175736E-03  2.699705E-07  7.954925E-04
  6.328277E-03  2.904736E-07  8.490913E-04
  6.484585E-03  3.125340E-07  9.062575E-04
  6.644755E-03  3.362697E-07  9.672230E-04
  6.808880E-03  3.618081E-07  1.032234E-03
  6.977059E-03  3.892860E-07  1.101553E-03
  7.149393E-03  4.188508E-07  1.175456E-03
  7.325983E-03  4.506610E-07  1.254240E-03
  7.506934E-03  4.848870E-07  1.338216E-03
  7.692356E-03  5.217124E-07  1.427717E-03
  7.882357E-03  5.613345E-07  1.523095E-03
  8.077051E-03  6.039659E-07  1.624724E-03
  8.276554E-03  6.498350E-07  1.732999E-03
  8.480985E-03  6.991877E-07  1.848339E-03
  8.690466E-03  7.522886E-07  1.971189E-03
  8.905120E-03  8.094224E-07  2.102018E-03
  9.125076E-03  8.708954E-07  2.241326E-03
  9.350466E-03  9.370370E-07  2.389639E-03
  9.581422E-03  1.008202E-06  2.547514E-03
  9.818084E-03  1.084772E-06  2.715540E-03
  1.006059E-02  1.167157E-06  2.894340E-03
  1.030909E-02  1.255799E-06  3.084573E-03
  1.056372E-02  1.351174E-06  3.286932E-03
  1.082465E-02  1.453791E-06  3.502152E-03
  1.109201E-02  1.564203E-06  3.731005E-03
  1.136599E-02  1.683000E-06  3.974309E-03
  1.164673E-02  1.810820E-06  4.232922E-03
  1.193440E-02  1.948348E-06  4.507752E-03
  1.222918E-02  2.096320E-06  4.799751E-03
  1.253124E-02  2.255531E-06  5.109924E-03
  1.284076E-02  2.426834E-06  5.439327E-03
  1.315793E-02  2.611148E-06  5.789068E-03
  1.348293E-02  2.809460E-06  6.160315E-03
  1.381596E-02  3.022834E-06  6.554289E-03
  1.415721E-02  3.252414E-06  6.972276E-03
  1.450690E-02  3.499430E-06  7.415621E-03
  1.486522E-02  3.765208E-06  7.885732E-03
  1.523239E-02  4.051172E-06  8.384088E-03
  1.560863E-02  4.358856E-06  8.912229E-03
  1.599416E-02  4.689909E-06  9.471771E-03
  1.638922E-02  5.046105E-06  1.006440E-02
  1.679403E-02  5.429356E-06  1.069186E-02
  1.720884E-02  5.841716E-06  1.135601E-02
  1.763390E-02  6.285397E-06  1.205873E-02
  1.806946E-02  6.762776E-06  1.280202E-02
  1.851577E-02  7.276414E-06  1.358793E-02
  1.897311E-02  7.829066E-06  1.441862E-02
  1.944175E-02  8.423695E-06  1.529629E-02
  1.992196E-02  9.063488E-06  1.622324E-02
  2.041403E-02  9.751878E-06  1.720186E-02
  2.091826E-02  1.049256E-05  1.823459E-02
  2.143494E-02  1.128949E-05  1.932397E-02
  2.196438E-02  1.214697E-05  2.047260E-02
  2.250690E-02  1.306957E-05  2.168317E-02
  2.306282E-02  1.406225E-05  2.295841E-02
  2.363248E-02  1.513034E-05  2.430116E-02
  2.421620E-02  1.627956E-05  2.571428E-02
  2.481434E-02  1.751608E-05  2.720071E-02
  2.542725E-02  1.884653E-05  2.876344E-02
  2.605531E-02  2.027804E-05  3.040551E-02
  2.669887E-02  2.181829E-05  3.212998E-02
  2.735833E-02  2.347555E-05  3.393995E-02
  2.803408E-02  2.525870E-05  3.583856E-02
  2.872653E-02  2.717732E-05  3.782891E-02
  2.943607E-02  2.924169E-05  3.991414E-02
  3.016314E-02  3.146289E-05  4.209734E-02
  3.090817E-02  3.385283E-05  4.438160E-02
  3.167160E-02  3.642434E-05  4.676993E-02
  3.245389E-02  3.919121E-05  4.926528E-02
  3.325550E-02  4.216830E-05  5.187051E-02
  3.407691E-02  4.537158E-05  5.458840E-02
  3.491861E-02  4.881823E-05  5.742155E-02
  3.578110E-02  5.252675E-05  6.037245E-02
  3.666490E-02  5.651706E-05  6.344336E-02
  3.757052E-02  6.081055E-05  6.663636E-02
  3.849851E-02  6.543029E-05  6.995328E-02
  3.944943E-02  7.040106E-05  7.339568E-02
  4.042383E-02  7.574956E-05  7.696479E-02
  4.142230E-02  8.150449E-05  8.066150E-02
  4.244543E-02  8.769677E-05  8.448634E-02
  4.349383E-02  9.435962E-05  8.843938E-02
  4.456813E-02  1.015288E-04  9.252024E-02
  4.566896E-02  1.092429E-04  9.672803E-02
  4.679698E-02  1.175433E-04  1.010613E-01
  4.795287E-02  1.264746E-04  1.055180E-01
  4.913730E-02  1.360848E-04  1.100954E-01
  5.035099E-02  1.464254E-04  1.147900E-01
  5.159466E-02  1.575521E-04  1.195978E-01
  5.286905E-02  1.695247E-04  1.245137E-01
  5.417492E-02  1.824075E-04  1.295320E-01
  5.551304E-02  1.962698E-04  1.346457E-01
  5.688421E-02  2.111860E-04  1.398473E-01
  5.828925E-02  2.272365E-04  1.451280E-01
  5.972899E-02  2.445074E-04  1.504779E-01
  6.120430E-02  2.630918E-04  1.558863E-01
  6.271605E-02  2.830896E-04  1.613409E-01
  6.426513E-02  3.046083E-04  1.668285E-01
  6.585248E-02  3.277639E-04  1.723347E-01
  6.747904E-02  3.526809E-04  1.778435E-01
  6.914577E-02  3.794935E-04  1.833378E-01
  7.085367E-02  4.083461E-04  1.887991E-01
  7.260376E-02  4.393941E-04  1.942078E-01
  7.439707E-02  4.728048E-04  1.995424E-01
  7.623468E-02  5.087582E-04  2.047805E-01
  7.811767E-02  5.474481E-04  2.098982E-01
  8.004718E-02  5.890832E-04  2.148701E-01
  8.202435E-02  6.338881E-04  2.196695E-01
  8.405035E-02  6.821044E-04  2.242687E-01
  8.612639E-02  7.339923E-04  2.286384E-01
  8.825371E-02  7.898321E-04  2.327482E-01
  9.043358E-02  8.499253E-04  2.365668E-01
  9.266729E-02  9.145965E-04  2.400616E-01
  9.495617E-02  9.841952E-04  2.431992E-01
  9.730159E-02  1.059098E-03  2.459454E-01
  9.970494E-02  1.139709E-03  2.482654E-01
  1.021676E-01  1.226466E-03  2.501237E-01
  1.046912E-01  1.319838E-03  2.514846E-01
  1.072771E-01  1.420330E-03  2.523121E-01
  1.099268E-01  1.528487E-03  2.525704E-01
  1.126420E-01  1.644896E-03  2.522237E-01
  1.154243E-01  1.770187E-03  2.512371E-01
  1.182752E-01  1.905041E-03  2.495763E-01
  1.211966E-01  2.050190E-03  2.472081E-01
  1.241902E-01  2.206422E-03  2.441006E-01
  1.272577E-01  2.374586E-03  2.402240E-01
  1.304010E-01  2.555598E-03  2.355502E-01
  1.336219E-01  2.750441E-03  2.300537E-01
  1.369223E-01  2.960177E-03  2.237117E-01
  1.403043E-01  3.185949E-03  2.165045E-01
  1.437698E-01  3.428987E-03  2.084160E-01
  1.473209E-01  3.690617E-03  1.994337E-01
  1.509598E-01  3.972267E-03  1.895496E-01
  1.546885E-01  4.275475E-03  1.787599E-01
  1.585093E-01  4.601899E-03  1.670658E-01
  1.624244E-01  4.953322E-03  1.544738E-01
  1.664363E-01  5.331669E-03  1.409958E-01
  1.705473E-01  5.739010E-03  1.266495E-01
  1.747598E-01  6.177577E-03  1.114585E-01
  1.790764E-01  6.649774E-03  9.545286E-02
  1.834996E-01  7.158190E-03  7.866895E-02
  1.880320E-01  7.705615E-03  6.114976E-02
  1.926764E-01  8.295054E-03  4.294496E-02
  1.974355E-01  8.929745E-03  2.411096E-02
  2.023122E-01  9.613173E-03  4.710891E-03
  2.073093E-01  1.034910E-02 -1.518544E-02
  2.124298E-01  1.114156E-02 -3.550172E-02
  2.176768E-01  1.199491E-02 -5.615528E-02
  2.230535E-01  1.291385E-02 -7.705738E-02
  2.285629E-01  1.390343E-02 -9.811357E-02
  2.342084E-01  1.496907E-02 -1.192240E-01
  2.399933E-01  1.611665E-02 -1.402842E-01
  2.459212E-01  1.735245E-02 -1.611850E-01
  2.519954E-01  1.868325E-02 -1.818139E-01
  2.582197E-01  2.011634E-02 -2.020550E-01
  2.645977E-01  2.165956E-02 -2.217904E-01
  2.711333E-01  2.332133E-02 -2.409000E-01
  2.778303E-01  2.511073E-02 -2.592630E-01
  2.846927E-01  2.703746E-02 -2.767579E-01
  2.917246E-01  2.911198E-02 -2.932640E-01
  2.989302E-01  3.134550E-02 -3.086615E-01
  3.063138E-01  3.375002E-02 -3.228330E-01
  3.138797E-01  3.633845E-02 -3.356645E-01
  3.216326E-01  3.912455E-02 -3.470467E-01
  3.295769E-01  4.212310E-02 -3.568757E-01
  3.377174E-01  4.534987E-02 -3.650545E-01
  3.460590E-01  4.882168E-02 -3.714936E-01
  3.546067E-01  5.255651E-02 -3.761116E-01
  3.633655E-01  5.657345E-02 -3.788364E-01
  3.723406E-01  6.089286E-02 -3.796055E-01
  3.815374E-01  6.553628E-02 -3.783666E-01
  3.909614E-01  7.052659E-02 -3.750786E-01
  4.006182E-01  7.588791E-02 -3.697114E-01
  4.105134E-01  8.164572E-02 -3.622468E-01
  4.206531E-01  8.782678E-02 -3.526781E-01
  4.310432E-01  9.445913E-02 -3.410109E-01
  4.416900E-01  1.015721E-01 -3.272626E-01
  4.525997E-01  1.091960E-01 -3.114624E-01
  4.637790E-01  1.173626E-01 -2.936510E-01
  4.752343E-01  1.261041E-01 -2.738806E-01
  4.869726E-01  1.354538E-01 -2.522143E-01
  4.990008E-01  1.454455E-01 -2.287258E-01
  5.113261E-01  1.561131E-01 -2.034986E-01
  5.239559E-01  1.674904E-01 -1.766258E-01
  5.368976E-01  1.796108E-01 -1.482094E-01
  5.501590E-01  1.925066E-01 -1.183594E-01
  5.637479E-01  2.062085E-01 -8.719332E-02
  5.776725E-01  2.207449E-01 -5.483545E-02
  5.919410E-01  2.361414E-01 -2.141591E-02
  6.065619E-01  2.524196E-01  1.293008E-02
  6.215440E-01  2.695963E-01  4.806305E-02
  6.368961E-01  2.876824E-01  8.384016E-02
  6.526275E-01  3.066820E-01  1.201161E-01
  6.687474E-01  3.265909E-01  1.567438E-01
  6.852654E-01  3.473956E-01  1.935757E-01
  7.021915E-01  3.690720E-01  2.304640E-01
  7.195356E-01  3.915836E-01  2.672620E-01
  7.373081E-01  4.148810E-01  3.038247E-01
  7.555197E-01  4.389002E-01  3.400094E-01
  7.741810E-01  4.635615E-01  3.756765E-01
  7.933033E-01  4.887683E-01  4.106900E-01
  8.128979E-01  5.144068E-01  4.449182E-01
  8.329764E-01  5.403449E-01  4.782342E-01
  8.535509E-01  5.664323E-01  5.105164E-01
  8.746337E-01  5.925004E-01  5.416491E-01
  8.962371E-01  6.183633E-01  5.715233E-01
  9.183742E-01  6.438191E-01  6.000371E-01
  9.410580E-01  6.686522E-01  6.270963E-01
  9.643021E-01  6.926364E-01  6.526151E-01
  9.881204E-01  7.155390E-01  6.765166E-01
  1.012527E+00  7.371256E-01  6.987330E-01
  1.037536E+00  7.571662E-01  7.192062E-01
  1.063164E+00  7.754414E-01  7.378880E-01
  1.089424E+00  7.917491E-01  7.547402E-01
  1.116332E+00  8.059116E-01  7.697347E-01
  1.143906E+00  8.177819E-01  7.828532E-01
  1.172160E+00  8.272500E-01  7.940877E-01
  1.201113E+00  8.342478E-01  8.034396E-01
  1.230780E+00  8.387530E-01  8.109197E-01
  1.261180E+00  8.407913E-01  8.165479E-01
  1.292332E+00  8.404365E-01  8.203527E-01
  1.324252E+00  8.378093E-01  8.223705E-01
  1.356961E+00  8.330731E-01  8.226453E-01
  1.390478E+00  8.264280E-01  8.212280E-01
  1.424823E+00  8.181034E-01  8.181757E-01
  1.460016E+00  8.083483E-01  8.135512E-01
  1.496078E+00  7.974205E-01  8.074220E-01
  1.533032E+00  7.855752E-01  7.998601E-01
  1.570898E+00  7.730529E-01  7.909409E-01
  1.609699E+00  7.600682E-01  7.807426E-01
  1.649458E+00  7.467994E-01  7.693456E-01
  1.690200E+00  7.333789E-01  7.568320E-01
  1.731948E+00  7.198875E-01  7.432845E-01
  1.774727E+00  7.063502E-01  7.287864E-01
  1.818563E+00  6.927363E-01  7.134205E-01
  1.863481E+00  6.789650E-01  6.972693E-01
  1.909509E+00  6.649145E-01  6.804136E-01
  1.956674E+00  6.504375E-01  6.629330E-01
  2.005004E+00  6.353809E-01  6.449050E-01
  2.054527E+00  6.196091E-01  6.264049E-01
  2.105274E+00  6.030270E-01  6.075056E-01
  2.157275E+00  5.856011E-01  5.882775E-01
  2.210559E+00  5.673720E-01  5.687881E-01
  2.265160E+00  5.484545E-01  5.491025E-01
  2.321110E+00  5.290229E-01  5.292827E-01
  2.378441E+00  5.092801E-01  5.093881E-01
  2.437188E+00  4.894158E-01  4.894756E-01
  2.497387E+00  4.695586E-01  4.695991E-01
  2.559072E+00  4.497822E-01  4.498102E-01
  2.622282E+00  4.301389E-01  4.301579E-01
  2.687052E+00  4.106761E-01  4.106887E-01
  2.753422E+00  3.914387E-01  3.914467E-01
  2.821432E+00  3.724691E-01  3.724739E-01
  2.891121E+00  3.538071E-01  3.538097E-01
  2.962532E+00  3.354903E-01  3.354913E-01
  3.035706E+00  3.175538E-01  3.175536E-01
  3.110688E+00  3.000306E-01  3.000293E-01
  3.187522E+00  2.829509E-01  2.829488E-01
  3.266254E+00  2.663428E-01  2.663399E-01
  3.346930E+00  2.502315E-01  2.502279E-01
  3.429600E+00  2.346398E-01  2.346355E-01
  3.514311E+00  2.195877E-01  2.195828E-01
  3.601114E+00  2.050921E-01  2.050868E-01
  3.690062E+00  1.911670E-01  1.911612E-01
  3.781206E+00  1.778230E-01  1.778170E-01
  3.874602E+00  1.650678E-01  1.650617E-01
  3.970305E+00  1.529057E-01  1.528995E-01
  4.068371E+00  1.413376E-01  1.413315E-01
  4.168860E+00  1.303617E-01  1.303557E-01
  4.271831E+00  1.199728E-01  1.199671E-01
  4.377345E+00  1.101635E-01  1.101580E-01
  4.485465E+00  1.009236E-01  1.009184E-01
  4.596256E+00  9.224092E-02  9.223608E-02
  4.709784E+00  8.410144E-02  8.409694E-02
  4.826116E+00  7.648958E-02  7.648542E-02
  4.945321E+00  6.938854E-02  6.938472E-02
  5.067470E+00  6.278054E-02  6.277706E-02
  5.192637E+00  5.664705E-02  5.664389E-02
  5.320895E+00  5.096900E-02  5.096614E-02
  5.452321E+00  4.572691E-02  4.572433E-02
  5.586993E+00  4.090101E-02  4.089870E-02
  5.724992E+00  3.647137E-02  3.646930E-02
  5.866399E+00  3.241792E-02  3.241608E-02
  6.011299E+00  2.872056E-02  2.871894E-02
  6.159778E+00  2.535921E-02  2.535777E-02
  6.311925E+00  2.231383E-02  2.231256E-02
  6.467829E+00  1.956453E-02  1.956343E-02
  6.627585E+00  1.709166E-02  1.709069E-02
  6.791286E+00  1.487580E-02  1.487497E-02
  6.959031E+00  1.289798E-02  1.289725E-02
  7.130919E+00  1.113962E-02  1.113901E-02
  7.307053E+00  9.582764E-03  9.582234E-03
  7.487537E+00  8.210041E-03  8.209590E-03
  7.672479E+00  7.004822E-03  7.004440E-03
  7.861989E+00  5.951252E-03  5.950931E-03
  8.056180E+00  5.034321E-03  5.034051E-03
  8.255168E+00  4.239899E-03  4.239674E-03
  8.459071E+00  3.554776E-03  3.554589E-03
  8.668010E+00  2.966675E-03  2.966521E-03
  8.882110E+00  2.464259E-03  2.464132E-03
  9.101498E+00  2.037125E-03  2.037022E-03
  9.326305E+00  1.675789E-03  1.675705E-03
  9.556664E+00  1.371654E-03  1.371587E-03
  9.792714E+00  1.116980E-03  1.116927E-03
  1.003459E+01  9.048419E-04  9.047992E-04
  1.028245E+01  7.290795E-04  7.290457E-04
  1.053642E+01  5.842505E-04  5.842240E-04
  1.079667E+01  4.655762E-04  4.655555E-04
  1.106335E+01  3.688869E-04  3.688709E-04
  1.133662E+01  2.905684E-04  2.905560E-04
  1.161663E+01  2.275075E-04  2.274981E-04
  1.190356E+01  1.770408E-04  1.770337E-04
  1.219758E+01  1.369044E-04  1.368990E-04
  1.249886E+01  1.051868E-04  1.051828E-04
  1.280758E+01  8.028554E-05  8.028261E-05
  1.312393E+01  6.086608E-05  6.086394E-05
  1.344809E+01  4.582508E-05  4.582353E-05
  1.378026E+01  3.425679E-05  3.425568E-05
  1.412063E+01  2.542314E-05  2.542236E-05
  1.446941E+01  1.872719E-05  1.872663E-05
  1.482681E+01  1.368976E-05  1.368937E-05
  1.519303E+01  9.929240E-06  9.928977E-06
  1.556830E+01  7.144109E-06  7.143931E-06
  1.595283E+01  5.098054E-06  5.097935E-06
  1.634687E+01  3.607409E-06  3.607331E-06
  1.675063E+01  2.530629E-06  2.530579E-06
  1.716438E+01  1.759582E-06  1.759550E-06
  1.758834E+01  1.212386E-06  1.212367E-06
  1.802277E+01  8.276059E-07  8.275941E-07
  1.846793E+01  5.595706E-07  5.595637E-07
  1.892409E+01  3.746539E-07  3.746500E-07
  1.939151E+01  2.483367E-07  2.483346E-07
  1.987048E+01  1.629209E-07  1.629199E-07
  2.036128E+01  1.057613E-07  1.057608E-07
  2.086421E+01  6.791641E-08  6.791629E-08
  2.137955E+01  4.313226E-08  4.313228E-08
  2.190763E+01  2.708239E-08  2.708247E-08
  2.244875E+01  1.680754E-08  1.680762E-08
  2.300323E+01  1.030683E-08  1.030691E-08
  2.357141E+01  6.243364E-09  6.243428E-09
  2.415362E+01  3.734648E-09  3.734697E-09
  2.475022E+01  2.205362E-09  2.205397E-09
  2.536155E+01  1.285190E-09  1.285214E-09
  2.598798E+01  7.388672E-10  7.388828E-10
  2.662988E+01  4.189165E-10  4.189264E-10
  2.728764E+01  2.341517E-10  2.341577E-10
  2.796165E+01  1.289788E-10  1.289820E-10
  2.865230E+01  6.998894E-11  6.999032E-11
  2.936001E+01  3.739938E-11  3.739819E-11
  3.008520E+01  1.967220E-11  1.967008E-11
  3.082831E+01  1.018169E-11  1.190179E-08
  3.158977E+01  5.183028E-12  7.248587E-09
  3.237003E+01  2.593936E-12  4.359601E-09
  3.316957E+01  1.275592E-12  0.000000E+00
  3.398886E+01  6.160760E-13  0.000000E+00
  3.482839E+01  0.000000E+00  0.000000E+00
  3.568865E+01  0.000000E+00  0.000000E+00
  3.657016E+01  0.000000E+00  0.000000E+00
  3.747344E+01  0.000000E+00  0.000000E+00
  3.839903E+01  0.000000E+00  0.000000E+00
  3.934749E+01  0.000000E+00  0.000000E+00
  4.031937E+01  0.000000E+00  0.000000E+00
  4.131526E+01  0.000000E+00  0.000000E+00
  4.233575E+01  0.000000E+00  0.000000E+00
  4.338144E+01  0.000000E+00  0.000000E+00
  4.445296E+01  0.000000E+00  0.000000E+00
  4.555095E+01  0.000000E+00  0.000000E+00
  4.667606E+01  0.000000E+00  0.000000E+00
  4.782896E+01  0.000000E+00  0.000000E+00
  4.901033E+01  0.000000E+00  0.000000E+00
  5.022089E+01  0.000000E+00  0.000000E+00
  5.146134E+01  0.000000E+00  0.000000E+00
  5.273244E+01  0.000000E+00  0.000000E+00
  5.403493E+01  0.000000E+00  0.000000E+00
  5.536959E+01  0.000000E+00  0.000000E+00
  5.673722E+01  0.000000E+00  0.000000E+00
  5.813863E+01  0.000000E+00  0.000000E+00
  5.957466E+01  0.000000E+00  0.000000E+00
  6.104615E+01  0.000000E+00  0.000000E+00
  6.255399E+01  0.000000E+00  0.000000E+00
  6.409907E+01  0.000000E+00  0.000000E+00
  6.568232E+01  0.000000E+00  0.000000E+00
  6.730467E+01  0.000000E+00  0.000000E+00
  6.896710E+01  0.000000E+00  0.000000E+00
  7.067059E+01  0.000000E+00  0.000000E+00
  7.241615E+01  0.000000E+00  0.000000E+00
  7.420483E+01  0.000000E+00  0.000000E+00
  7.603769E+01  0.000000E+00  0.000000E+00
  7.791582E+01  0.000000E+00  0.000000E+00
