     8.2236842E-05    -9.2394243E+05
     8.4268092E-05    -9.0166861E+05
     8.6349514E-05    -8.7993175E+05
     8.8482347E-05    -8.5871890E+05
     9.0667861E-05    -8.3801742E+05
     9.2907357E-05    -8.1781498E+05
     9.5202169E-05    -7.9809954E+05
     9.7553662E-05    -7.7885936E+05
     9.9963238E-05    -7.6008297E+05
     1.0243233E-04    -7.4175919E+05
     1.0496241E-04    -7.2387710E+05
     1.0755498E-04    -7.0642603E+05
     1.1021159E-04    -6.8939559E+05
     1.1293381E-04    -6.7277563E+05
     1.1572328E-04    -6.5655625E+05
     1.1858164E-04    -6.4072777E+05
     1.2151061E-04    -6.2528077E+05
     1.2451192E-04    -6.1020603E+05
     1.2758737E-04    -5.9549458E+05
     1.3073878E-04    -5.8113763E+05
     1.3396802E-04    -5.6712665E+05
     1.3727703E-04    -5.5345327E+05
     1.4066778E-04    -5.4010934E+05
     1.4414227E-04    -5.2708691E+05
     1.4770258E-04    -5.1437823E+05
     1.5135084E-04    -5.0197572E+05
     1.5508920E-04    -4.8987198E+05
     1.5891991E-04    -4.7805980E+05
     1.6284523E-04    -4.6653216E+05
     1.6686751E-04    -4.5528217E+05
     1.7098913E-04    -4.4430314E+05
     1.7521257E-04    -4.3358852E+05
     1.7954032E-04    -4.2313194E+05
     1.8397496E-04    -4.1292717E+05
     1.8851914E-04    -4.0296814E+05
     1.9317557E-04    -3.9324891E+05
     1.9794700E-04    -3.8376370E+05
     2.0283629E-04    -3.7450687E+05
     2.0784635E-04    -3.6547290E+05
     2.1298015E-04    -3.5665643E+05
     2.1824076E-04    -3.4805221E+05
     2.2363131E-04    -3.3965513E+05
     2.2915500E-04    -3.3146018E+05
     2.3481513E-04    -3.2346251E+05
     2.4061507E-04    -3.1565736E+05
     2.4655826E-04    -3.0804009E+05
     2.5264825E-04    -3.0060618E+05
     2.5888866E-04    -2.9335121E+05
     2.6528321E-04    -2.8627088E+05
     2.7183570E-04    -2.7936098E+05
     2.7855005E-04    -2.7261741E+05
     2.8543023E-04    -2.6603617E+05
     2.9248036E-04    -2.5961336E+05
     2.9970462E-04    -2.5334516E+05
     3.0710733E-04    -2.4722785E+05
     3.1469288E-04    -2.4125781E+05
     3.2246579E-04    -2.3543150E+05
     3.3043070E-04    -2.2974547E+05
     3.3859234E-04    -2.2419633E+05
     3.4695557E-04    -2.1878080E+05
     3.5552537E-04    -2.1349568E+05
     3.6430685E-04    -2.0833782E+05
     3.7330523E-04    -2.0330417E+05
     3.8252587E-04    -1.9839174E+05
     3.9197425E-04    -1.9359762E+05
     4.0165602E-04    -1.8891897E+05
     4.1157692E-04    -1.8435301E+05
     4.2174287E-04    -1.7989704E+05
     4.3215992E-04    -1.7554840E+05
     4.4283427E-04    -1.7130453E+05
     4.5377228E-04    -1.6716291E+05
     4.6498045E-04    -1.6312107E+05
     4.7646547E-04    -1.5917662E+05
     4.8823417E-04    -1.5532721E+05
     5.0029355E-04    -1.5157057E+05
     5.1265080E-04    -1.4790446E+05
     5.2531328E-04    -1.4432670E+05
     5.3828851E-04    -1.4083517E+05
     5.5158424E-04    -1.3742779E+05
     5.6520837E-04    -1.3410254E+05
     5.7916902E-04    -1.3085745E+05
     5.9347449E-04    -1.2769058E+05
     6.0813331E-04    -1.2460005E+05
     6.2315421E-04    -1.2158403E+05
     6.3854611E-04    -1.1864072E+05
     6.5431820E-04    -1.1576836E+05
     6.7047986E-04    -1.1296526E+05
     6.8704072E-04    -1.1022975E+05
     7.0401062E-04    -1.0756019E+05
     7.2139968E-04    -1.0495499E+05
     7.3921826E-04    -1.0241262E+05
     7.5747695E-04    -9.9931544E+04
     7.7618663E-04    -9.7510298E+04
     7.9535844E-04    -9.5147436E+04
     8.1500379E-04    -9.2841552E+04
     8.3513438E-04    -9.0591272E+04
     8.5576220E-04    -8.8395257E+04
     8.7689953E-04    -8.6252198E+04
     8.9855895E-04    -8.4160819E+04
     9.2075335E-04    -8.2119873E+04
     9.4349596E-04    -8.0128146E+04
     9.6680031E-04    -7.8184451E+04
     9.9068028E-04    -7.6287628E+04
     1.0151501E-03    -7.4436549E+04
     1.0402243E-03    -7.2630111E+04
     1.0659178E-03    -7.0867236E+04
     1.0922460E-03    -6.9146874E+04
     1.1192245E-03    -6.7468001E+04
     1.1468693E-03    -6.5829616E+04
     1.1751970E-03    -6.4230742E+04
     1.2042244E-03    -6.2670427E+04
     1.2339687E-03    -6.1147740E+04
     1.2644477E-03    -5.9661775E+04
     1.2956796E-03    -5.8211646E+04
     1.3276829E-03    -5.6796488E+04
     1.3604766E-03    -5.5415458E+04
     1.3940804E-03    -5.4067734E+04
     1.4285142E-03    -5.2752512E+04
     1.4637985E-03    -5.1469008E+04
     1.4999543E-03    -5.0216457E+04
     1.5370032E-03    -4.8994113E+04
     1.5749672E-03    -4.7801248E+04
     1.6138689E-03    -4.6637151E+04
     1.6537314E-03    -4.5501128E+04
     1.6945786E-03    -4.4392502E+04
     1.7364347E-03    -4.3310612E+04
     1.7793246E-03    -4.2254814E+04
     1.8232739E-03    -4.1224480E+04
     1.8683088E-03    -4.0218994E+04
     1.9144560E-03    -3.9237757E+04
     1.9617431E-03    -3.8280186E+04
     2.0101981E-03    -3.7345710E+04
     2.0598500E-03    -3.6433771E+04
     2.1107283E-03    -3.5543827E+04
     2.1628633E-03    -3.4675348E+04
     2.2162861E-03    -3.3827815E+04
     2.2710283E-03    -3.3000725E+04
     2.3271227E-03    -3.2193584E+04
     2.3846026E-03    -3.1405912E+04
     2.4435023E-03    -3.0637239E+04
     2.5038568E-03    -2.9887108E+04
     2.5657021E-03    -2.9155072E+04
     2.6290749E-03    -2.8440695E+04
     2.6940131E-03    -2.7743551E+04
     2.7605552E-03    -2.7063225E+04
     2.8287409E-03    -2.6399312E+04
     2.8986108E-03    -2.5751417E+04
     2.9702065E-03    -2.5119154E+04
     3.0435706E-03    -2.4502146E+04
     3.1187468E-03    -2.3900026E+04
     3.1957799E-03    -2.3312436E+04
     3.2747156E-03    -2.2739025E+04
     3.3556011E-03    -2.2179452E+04
     3.4384845E-03    -2.1633384E+04
     3.5234150E-03    -2.1100496E+04
     3.6104434E-03    -2.0580471E+04
     3.6996213E-03    -2.0072998E+04
     3.7910020E-03    -1.9577777E+04
     3.8846397E-03    -1.9094512E+04
     3.9805903E-03    -1.8622915E+04
     4.0789109E-03    -1.8162706E+04
     4.1796600E-03    -1.7713611E+04
     4.2828976E-03    -1.7275362E+04
     4.3886852E-03    -1.6847699E+04
     4.4970857E-03    -1.6430367E+04
     4.6081637E-03    -1.6023118E+04
     4.7219854E-03    -1.5625709E+04
     4.8386184E-03    -1.5237904E+04
     4.9581323E-03    -1.4859471E+04
     5.0805981E-03    -1.4490186E+04
     5.2060889E-03    -1.4129829E+04
     5.3346793E-03    -1.3778185E+04
     5.4664459E-03    -1.3435045E+04
     5.6014671E-03    -1.3100204E+04
     5.7398233E-03    -1.2773464E+04
     5.8815970E-03    -1.2454629E+04
     6.0268724E-03    -1.2143510E+04
     6.1757362E-03    -1.1839922E+04
     6.3282768E-03    -1.1543683E+04
     6.4845853E-03    -1.1254618E+04
     6.6447545E-03    -1.0972553E+04
     6.8088800E-03    -1.0697321E+04
     6.9770593E-03    -1.0428758E+04
     7.1493927E-03    -1.0166703E+04
     7.3259827E-03    -9.9110005E+03
     7.5069344E-03    -9.6614976E+03
     7.6923557E-03    -9.4180455E+03
     7.8823569E-03    -9.1804988E+03
     8.0770511E-03    -8.9487154E+03
     8.2765543E-03    -8.7225568E+03
     8.4809852E-03    -8.5018878E+03
     8.6904655E-03    -8.2865761E+03
     8.9051200E-03    -8.0764927E+03
     9.1250765E-03    -7.8715116E+03
     9.3504659E-03    -7.6715095E+03
     9.5814224E-03    -7.4763661E+03
     9.8180835E-03    -7.2859637E+03
     1.0060590E-02    -7.1001871E+03
     1.0309087E-02    -6.9189236E+03
     1.0563721E-02    -6.7420627E+03
     1.0824645E-02    -6.5694961E+03
     1.1092014E-02    -6.4011173E+03
     1.1365987E-02    -6.2368217E+03
     1.1646726E-02    -6.0765058E+03
     1.1934401E-02    -5.9200674E+03
     1.2229180E-02    -5.7674047E+03
     1.2531241E-02    -5.6184163E+03
     1.2840763E-02    -5.4730005E+03
     1.3157930E-02    -5.3310553E+03
     1.3482930E-02    -5.1924778E+03
     1.3815959E-02    -5.0571661E+03
     1.4157213E-02    -4.9250209E+03
     1.4506896E-02    -4.7959526E+03
     1.4865216E-02    -4.6698914E+03
     1.5232387E-02    -4.5468075E+03
     1.5608627E-02    -4.4267391E+03
     1.5994160E-02    -4.3098253E+03
     1.6389216E-02    -4.1963253E+03
     1.6794030E-02    -4.0865871E+03
     1.7208842E-02    -3.9809179E+03
     1.7633901E-02    -3.8793496E+03
     1.8069458E-02    -3.7814135E+03
     1.8515774E-02    -3.6861620E+03
     1.8973113E-02    -3.5925379E+03
     1.9441749E-02    -3.4997766E+03
     1.9921960E-02    -3.4074235E+03
     2.0414033E-02    -3.3150785E+03
     2.0918259E-02    -3.2228727E+03
     2.1434940E-02    -3.1328692E+03
     2.1964383E-02    -3.0471709E+03
     2.2506904E-02    -2.9650369E+03
     2.3062824E-02    -2.8851830E+03
     2.3632476E-02    -2.8072760E+03
     2.4216198E-02    -2.7313505E+03
     2.4814338E-02    -2.6572531E+03
     2.5427252E-02    -2.5844795E+03
     2.6055306E-02    -2.5126418E+03
     2.6698872E-02    -2.4421444E+03
     2.7358334E-02    -2.3737528E+03
     2.8034085E-02    -2.3077655E+03
     2.8726526E-02    -2.2440470E+03
     2.9436072E-02    -2.1823712E+03
     3.0163143E-02    -2.1225566E+03
     3.0908172E-02    -2.0644665E+03
     3.1671604E-02    -2.0079866E+03
     3.2453893E-02    -1.9530133E+03
     3.3255504E-02    -1.8994511E+03
     3.4076915E-02    -1.8472152E+03
     3.4918615E-02    -1.7962343E+03
     3.5781104E-02    -1.7464524E+03
     3.6664898E-02    -1.6978275E+03
     3.7570521E-02    -1.6503293E+03
     3.8498512E-02    -1.6039362E+03
     3.9449426E-02    -1.5586319E+03
     4.0423827E-02    -1.5144032E+03
     4.1422295E-02    -1.4712380E+03
     4.2445426E-02    -1.4291240E+03
     4.3493828E-02    -1.3880486E+03
     4.4568125E-02    -1.3479978E+03
     4.5668958E-02    -1.3089570E+03
     4.6796981E-02    -1.2709102E+03
     4.7952867E-02    -1.2338407E+03
     4.9137302E-02    -1.1977310E+03
     5.0350994E-02    -1.1625631E+03
     5.1594663E-02    -1.1283183E+03
     5.2869052E-02    -1.0949778E+03
     5.4174917E-02    -1.0625221E+03
     5.5513038E-02    -1.0309318E+03
     5.6884210E-02    -1.0001869E+03
     5.8289250E-02    -9.7026739E+02
     5.9728994E-02    -9.4115285E+02
     6.1204300E-02    -9.1282237E+02
     6.2716046E-02    -8.8525436E+02
     6.4265133E-02    -8.5842587E+02
     6.5852482E-02    -8.3231112E+02
     6.7479038E-02    -8.0687790E+02
     6.9145770E-02    -7.8207718E+02
     7.0853671E-02    -7.5781065E+02
     7.2603756E-02    -7.3381536E+02
     7.4397069E-02    -7.0923525E+02
     7.6234677E-02    -6.8210204E+02
     7.8117673E-02    -6.7660096E+02
     8.0047180E-02    -6.7846070E+02
     8.2024345E-02    -6.2395297E+02
     8.4050346E-02    -6.0447956E+02
     8.6126390E-02    -5.8707552E+02
     8.8253712E-02    -5.6919492E+02
     9.0433578E-02    -5.5145655E+02
     9.2667288E-02    -5.3413068E+02
     9.4956170E-02    -5.1730749E+02
     9.7301587E-02    -5.0099554E+02
     9.9704936E-02    -4.8514254E+02
     1.0216765E-01    -4.6962944E+02
     1.0469119E-01    -4.5426759E+02
     1.0727706E-01    -4.3883468E+02
     1.0992681E-01    -4.2318928E+02
     1.1264200E-01    -4.0744402E+02
     1.1542425E-01    -3.9206387E+02
     1.1827523E-01    -3.7828045E+02
     1.2119663E-01    -3.6887505E+02
     1.2419019E-01    -3.5439881E+02
     1.2725769E-01    -3.4117508E+02
     1.3040095E-01    -3.3044434E+02
     1.3362185E-01    -3.2028545E+02
     1.3692231E-01    -3.1028429E+02
     1.4030430E-01    -3.0031692E+02
     1.4376981E-01    -2.9037214E+02
     1.4732093E-01    -2.8049631E+02
     1.5095975E-01    -2.7075216E+02
     1.5468846E-01    -2.6119724E+02
     1.5850926E-01    -2.5187701E+02
     1.6242444E-01    -2.4282443E+02
     1.6643633E-01    -2.3406154E+02
     1.7054730E-01    -2.2560121E+02
     1.7475982E-01    -2.1744876E+02
     1.7907639E-01    -2.0960330E+02
     1.8349958E-01    -2.0205903E+02
     1.8803202E-01    -1.9480659E+02
     1.9267641E-01    -1.8783424E+02
     1.9743551E-01    -1.8112912E+02
     2.0231217E-01    -1.7467778E+02
     2.0730928E-01    -1.6846486E+02
     2.1242982E-01    -1.6246013E+02
     2.1767684E-01     7.5582579E+01
     2.2305346E-01    -1.5061900E+02
     2.2856288E-01    -1.4477889E+02
     2.3420838E-01    -1.3913625E+02
     2.3999333E-01    -1.3371890E+02
     2.4592116E-01    -1.2854854E+02
     2.5199541E-01    -1.2365393E+02
     2.5821970E-01    -1.1906465E+02
     2.6459773E-01    -1.1478730E+02
     2.7113329E-01    -1.1076439E+02
     2.7783028E-01    -1.0683876E+02
     2.8469269E-01    -1.0278076E+02
     2.9172460E-01    -9.8424843E+01
     2.9893020E-01    -9.3850973E+01
     3.0631377E-01    -8.9391196E+01
     3.1387972E-01    -8.5439796E+01
     3.2163255E-01    -8.2538652E+01
     3.2957688E-01    -8.0117965E+01
     3.3771743E-01    -7.6271128E+01
     3.4605905E-01    -7.2927849E+01
     3.5460671E-01    -7.0184693E+01
     3.6336549E-01    -6.7675891E+01
     3.7234062E-01    -6.5283113E+01
     3.8153743E-01    -6.2962963E+01
     3.9096141E-01    -6.0690894E+01
     4.0061815E-01    -5.8452133E+01
     4.1051342E-01    -5.6240889E+01
     4.2065310E-01    -5.4060048E+01
     4.3104324E-01    -5.1920564E+01
     4.4169000E-01    -4.9840024E+01
     4.5259975E-01    -4.7839671E+01
     4.6377896E-01    -4.5939920E+01
     4.7523430E-01    -4.4155533E+01
     4.8697259E-01    -4.2492138E+01
     4.9900081E-01    -4.0944970E+01
     5.1132613E-01    -3.9498547E+01
     5.2395589E-01    -3.8116964E+01
     5.3689760E-01    -3.5785125E+01
     5.5015897E-01    -3.4615942E+01
     5.6374789E-01    -3.4137086E+01
     5.7767247E-01    -3.2879382E+01
     5.9194098E-01    -3.1705763E+01
     6.0656192E-01    -3.0656344E+01
     6.2154400E-01    -2.9732589E+01
     6.3689613E-01    -2.8886822E+01
     6.5262747E-01    -2.8030562E+01
     6.6874737E-01    -2.7089399E+01
     6.8526543E-01    -2.6062457E+01
     7.0219148E-01    -2.5019905E+01
     7.1953561E-01    -2.4040559E+01
     7.3730814E-01    -2.3162617E+01
     7.5551965E-01    -2.2387197E+01
     7.7418099E-01    -2.1701060E+01
     7.9330326E-01    -2.1086777E+01
     8.1289785E-01    -2.0522337E+01
     8.3297643E-01    -1.9982877E+01
     8.5355094E-01    -1.9449535E+01
     8.7463365E-01    -1.8916950E+01
     8.9623710E-01    -1.8390617E+01
     9.1837416E-01    -1.7878523E+01
     9.4105800E-01    -1.7385764E+01
     9.6430214E-01    -1.6913867E+01
     9.8812040E-01    -1.6462128E+01
     1.0125270E+00    -1.6028941E+01
     1.0375364E+00    -1.5612543E+01
     1.0631635E+00    -1.5211331E+01
     1.0894237E+00    -1.4823946E+01
     1.1163324E+00    -1.4449261E+01
     1.1439059E+00    -1.4086346E+01
     1.1721603E+00    -1.3734428E+01
     1.2011127E+00    -1.3392852E+01
     1.2307802E+00    -1.3061060E+01
     1.2611804E+00    -1.2738567E+01
     1.2923316E+00    -1.2424946E+01
     1.3242522E+00    -1.2119817E+01
     1.3569612E+00    -1.1822836E+01
     1.3904782E+00    -1.1533694E+01
     1.4248230E+00    -1.1252103E+01
     1.4600161E+00    -1.0977801E+01
     1.4960785E+00    -1.0710543E+01
     1.5330316E+00    -1.0450098E+01
     1.5708975E+00    -1.0196254E+01
     1.6096987E+00    -9.9488072E+00
     1.6494582E+00    -9.7075665E+00
     1.6901999E+00    -9.4723506E+00
     1.7319478E+00    -9.2429868E+00
     1.7747269E+00    -9.0193107E+00
     1.8185627E+00    -8.8011648E+00
     1.8634812E+00    -8.5883984E+00
     1.9095091E+00    -8.3808665E+00
     1.9566740E+00    -8.1784295E+00
     2.0050039E+00    -7.9809524E+00
     2.0545275E+00    -7.7883048E+00
     2.1052743E+00    -7.6003601E+00
     2.1572746E+00    -7.4169957E+00
     2.2105592E+00    -7.2380926E+00
     2.2651601E+00    -7.0635357E+00
     2.3211095E+00    -6.8932133E+00
     2.3784409E+00    -6.7270173E+00
     2.4371884E+00    -6.5648433E+00
     2.4973870E+00    -6.4065902E+00
     2.5590724E+00    -6.2521599E+00
     2.6222815E+00    -6.1014577E+00
     2.6870519E+00    -5.9543917E+00
     2.7534220E+00    -5.8108726E+00
     2.8214316E+00    -5.6708139E+00
     2.8911209E+00    -5.5341313E+00
     2.9625316E+00    -5.4007428E+00
     3.0357061E+00    -5.2705688E+00
     3.1106881E+00    -5.1435316E+00
     3.1875221E+00    -5.0195554E+00
     3.2662539E+00    -4.8985664E+00
     3.3469304E+00    -4.7804927E+00
     3.4295995E+00    -4.6652641E+00
     3.5143106E+00    -4.5528121E+00
     3.6011141E+00    -4.4430700E+00
     3.6900616E+00    -4.3359726E+00
     3.7812062E+00    -4.2314562E+00
     3.8746019E+00    -4.1294588E+00
     3.9703046E+00    -4.0299198E+00
     4.0683711E+00    -3.9327799E+00
     4.1688599E+00    -3.8379815E+00
     4.2718307E+00    -3.7454682E+00
     4.3773450E+00    -3.6551848E+00
     4.4854654E+00    -3.5670778E+00
     4.5962564E+00    -3.4810945E+00
     4.7097839E+00    -3.3971839E+00
     4.8261156E+00    -3.3152960E+00
     4.9453206E+00    -3.2353819E+00
     5.0674700E+00    -3.1573942E+00
     5.1926366E+00    -3.0812864E+00
     5.3208947E+00    -3.0070132E+00
     5.4523208E+00    -2.9345302E+00
     5.5869931E+00    -2.8637945E+00
     5.7249918E+00    -2.7947638E+00
     5.8663991E+00    -2.7273971E+00
     6.0112992E+00    -2.6616542E+00
     6.1597783E+00    -2.5974961E+00
     6.3119248E+00    -2.5348844E+00
     6.4678293E+00    -2.4737820E+00
     6.6275847E+00    -2.4141525E+00
     6.7912861E+00    -2.3559602E+00
     6.9590308E+00    -2.2991707E+00
     7.1309189E+00    -2.2437501E+00
     7.3070526E+00    -2.1896654E+00
     7.4875368E+00    -2.1368843E+00
     7.6724790E+00    -2.0853755E+00
     7.8619892E+00    -2.0351084E+00
     8.0561803E+00    -1.9860529E+00
     8.2551680E+00    -1.9381798E+00
     8.4590706E+00    -1.8914607E+00
     8.6680097E+00    -1.8458678E+00
     8.8821095E+00    -1.8013739E+00
     9.1014976E+00    -1.7579524E+00
     9.3263046E+00    -1.7155777E+00
     9.5566643E+00    -1.6742243E+00
     9.7927139E+00    -1.6338678E+00
     1.0034594E+01    -1.5944840E+00
     1.0282448E+01    -1.5560496E+00
     1.0536425E+01    -1.5185416E+00
     1.0796675E+01    -1.4819378E+00
     1.1063352E+01    -1.4462162E+00
     1.1336617E+01    -1.4113558E+00
     1.1616632E+01    -1.3773356E+00
     1.1903563E+01    -1.3441354E+00
     1.2197581E+01    -1.3117356E+00
     1.2498861E+01    -1.2801167E+00
     1.2807583E+01    -1.2492599E+00
     1.3123930E+01    -1.2191470E+00
     1.3448091E+01    -1.1897599E+00
     1.3780259E+01    -1.1610812E+00
     1.4120631E+01    -1.1330938E+00
     1.4469411E+01    -1.1057810E+00
     1.4826805E+01    -1.0791266E+00
     1.5193027E+01    -1.0531147E+00
     1.5568295E+01    -1.0277297E+00
     1.5952832E+01    -1.0029567E+00
     1.6346867E+01    -9.7878083E-01
     1.6750635E+01    -9.5518769E-01
     1.7164375E+01    -9.3216326E-01
     1.7588335E+01    -9.0969382E-01
     1.8022767E+01    -8.8776600E-01
     1.8467930E+01    -8.6636674E-01
     1.8924087E+01    -8.4548331E-01
     1.9391512E+01    -8.2510326E-01
     1.9870483E+01    -8.0521446E-01
     2.0361284E+01    -7.8580507E-01
     2.0864207E+01    -7.6686354E-01
     2.1379553E+01    -7.4837859E-01
     2.1907628E+01    -7.3033921E-01
     2.2448747E+01    -7.1273467E-01
     2.3003231E+01    -6.9555447E-01
     2.3571411E+01    -6.7878840E-01
     2.4153624E+01    -6.6242647E-01
     2.4750219E+01    -6.4645893E-01
     2.5361549E+01    -6.3087629E-01
     2.5987980E+01    -6.1566925E-01
     2.6629883E+01    -6.0082878E-01
     2.7287641E+01    -5.8634604E-01
     2.7961645E+01    -5.7221239E-01
     2.8652298E+01    -5.5841943E-01
     2.9360010E+01    -5.4495894E-01
     3.0085202E+01    -5.3182292E-01
     3.0828307E+01    -5.1900353E-01
     3.1589766E+01    -5.0649315E-01
     3.2370033E+01    -4.9428433E-01
     3.3169573E+01    -4.8236979E-01
     3.3988861E+01    -4.7074246E-01
     3.4828386E+01    -4.5939539E-01
     3.5688647E+01    -4.4832184E-01
     3.6570157E+01    -4.3751521E-01
     3.7473440E+01    -4.2696908E-01
     3.8399034E+01    -4.1667715E-01
     3.9347490E+01    -4.0663331E-01
     4.0319373E+01    -3.9683157E-01
     4.1315261E+01    -3.8726610E-01
     4.2335748E+01    -3.7793120E-01
     4.3381441E+01    -3.6882131E-01
     4.4452963E+01    -3.5993101E-01
     4.5550951E+01    -3.5125502E-01
     4.6676060E+01    -3.4278815E-01
     4.7828958E+01    -3.3452537E-01
     4.9010333E+01    -3.2646177E-01
     5.0220889E+01    -3.1859253E-01
     5.1461345E+01    -3.1091298E-01
     5.2732440E+01    -3.0341854E-01
     5.4034931E+01    -2.9610475E-01
     5.5369594E+01    -2.8896726E-01
     5.6737223E+01    -2.8200182E-01
     5.8138632E+01    -2.7520427E-01
     5.9574657E+01    -2.6857058E-01
     6.1046151E+01    -2.6209679E-01
     6.2553990E+01    -2.5577905E-01
     6.4099074E+01    -2.4961359E-01
     6.5682321E+01    -2.4359675E-01
     6.7304675E+01    -2.3772494E-01
     6.8967100E+01    -2.3199468E-01
     7.0670587E+01    -2.2640253E-01
     7.2416151E+01    -2.2094519E-01
     7.4204830E+01    -2.1561939E-01
     7.6037689E+01    -2.1042197E-01
     7.7915820E+01    -2.0534983E-01
