  2.403846E-04  1.638209E-05  2.220724E-03
  2.433413E-04  1.658359E-05  2.247367E-03
  2.463344E-04  1.678756E-05  2.274327E-03
  2.493644E-04  1.699405E-05  2.301609E-03
  2.524315E-04  1.720308E-05  2.329216E-03
  2.555364E-04  1.741468E-05  2.357151E-03
  2.586795E-04  1.762888E-05  2.385419E-03
  2.618613E-04  1.784571E-05  2.414023E-03
  2.650822E-04  1.806521E-05  2.442968E-03
  2.683427E-04  1.828742E-05  2.472257E-03
  2.716433E-04  1.851235E-05  2.501894E-03
  2.749845E-04  1.874005E-05  2.531884E-03
  2.783668E-04  1.897056E-05  2.562230E-03
  2.817908E-04  1.920389E-05  2.592938E-03
  2.852568E-04  1.944010E-05  2.624010E-03
  2.887654E-04  1.967921E-05  2.655451E-03
  2.923173E-04  1.992127E-05  2.687266E-03
  2.959128E-04  2.016630E-05  2.719459E-03
  2.995525E-04  2.041435E-05  2.752035E-03
  3.032370E-04  2.066544E-05  2.784997E-03
  3.069668E-04  2.091963E-05  2.818350E-03
  3.107425E-04  2.117694E-05  2.852100E-03
  3.145646E-04  2.143742E-05  2.886250E-03
  3.184338E-04  2.170110E-05  2.920805E-03
  3.223505E-04  2.196802E-05  2.955770E-03
  3.263154E-04  2.223823E-05  2.991149E-03
  3.303291E-04  2.251176E-05  3.026948E-03
  3.343921E-04  2.278866E-05  3.063172E-03
  3.385052E-04  2.306896E-05  3.099825E-03
  3.426688E-04  2.335270E-05  3.136912E-03
  3.468836E-04  2.363994E-05  3.174438E-03
  3.511503E-04  2.393072E-05  3.212409E-03
  3.554694E-04  2.422506E-05  3.250829E-03
  3.598417E-04  2.452303E-05  3.289705E-03
  3.642677E-04  2.482467E-05  3.329040E-03
  3.687482E-04  2.513001E-05  3.368841E-03
  3.732838E-04  2.543911E-05  3.409112E-03
  3.778752E-04  2.575201E-05  3.449860E-03
  3.825231E-04  2.606876E-05  3.491090E-03
  3.872281E-04  2.638941E-05  3.532807E-03
  3.919910E-04  2.671400E-05  3.575016E-03
  3.968125E-04  2.704258E-05  3.617725E-03
  4.016933E-04  2.737521E-05  3.660938E-03
  4.066342E-04  2.771193E-05  3.704661E-03
  4.116358E-04  2.805278E-05  3.748900E-03
  4.166989E-04  2.839783E-05  3.793661E-03
  4.218243E-04  2.874713E-05  3.838950E-03
  4.270127E-04  2.910072E-05  3.884774E-03
  4.322650E-04  2.945866E-05  3.931137E-03
  4.375818E-04  2.982100E-05  3.978048E-03
  4.429641E-04  3.018780E-05  4.025510E-03
  4.484125E-04  3.055912E-05  4.073532E-03
  4.539280E-04  3.093499E-05  4.122120E-03
  4.595113E-04  3.131550E-05  4.171279E-03
  4.651633E-04  3.170068E-05  4.221017E-03
  4.708848E-04  3.209060E-05  4.271340E-03
  4.766767E-04  3.248532E-05  4.322255E-03
  4.825398E-04  3.288489E-05  4.373769E-03
  4.884751E-04  3.328937E-05  4.425887E-03
  4.944833E-04  3.369884E-05  4.478619E-03
  5.005655E-04  3.411333E-05  4.531969E-03
  5.067224E-04  3.453293E-05  4.585946E-03
  5.129551E-04  3.495769E-05  4.640557E-03
  5.192644E-04  3.538767E-05  4.695808E-03
  5.256514E-04  3.582294E-05  4.751707E-03
  5.321169E-04  3.626357E-05  4.808262E-03
  5.386620E-04  3.670961E-05  4.865479E-03
  5.452875E-04  3.716114E-05  4.923367E-03
  5.519945E-04  3.761823E-05  4.981933E-03
  5.587841E-04  3.808094E-05  5.041184E-03
  5.656571E-04  3.854934E-05  5.101129E-03
  5.726147E-04  3.902350E-05  5.161774E-03
  5.796579E-04  3.950349E-05  5.223129E-03
  5.867876E-04  3.998939E-05  5.285201E-03
  5.940051E-04  4.048126E-05  5.347998E-03
  6.013114E-04  4.097919E-05  5.411529E-03
  6.087075E-04  4.148323E-05  5.475801E-03
  6.161946E-04  4.199348E-05  5.540823E-03
  6.237738E-04  4.251001E-05  5.606603E-03
  6.314462E-04  4.303289E-05  5.673150E-03
  6.392130E-04  4.356220E-05  5.740473E-03
  6.470753E-04  4.409802E-05  5.808580E-03
  6.550344E-04  4.464043E-05  5.877480E-03
  6.630913E-04  4.518951E-05  5.947181E-03
  6.712473E-04  4.574535E-05  6.017694E-03
  6.795037E-04  4.630803E-05  6.089026E-03
  6.878616E-04  4.687762E-05  6.161186E-03
  6.963223E-04  4.745422E-05  6.234185E-03
  7.048870E-04  4.803792E-05  6.308032E-03
  7.135571E-04  4.862879E-05  6.382735E-03
  7.223339E-04  4.922693E-05  6.458305E-03
  7.312186E-04  4.983243E-05  6.534750E-03
  7.402126E-04  5.044538E-05  6.612082E-03
  7.493172E-04  5.106587E-05  6.690308E-03
  7.585338E-04  5.169399E-05  6.769440E-03
  7.678638E-04  5.232984E-05  6.849487E-03
  7.773085E-04  5.297350E-05  6.930460E-03
  7.868694E-04  5.362509E-05  7.012368E-03
  7.965479E-04  5.428469E-05  7.095222E-03
  8.063454E-04  5.495240E-05  7.179032E-03
  8.162635E-04  5.562833E-05  7.263809E-03
  8.263035E-04  5.631257E-05  7.349563E-03
  8.364670E-04  5.700523E-05  7.436305E-03
  8.467556E-04  5.770640E-05  7.524045E-03
  8.571707E-04  5.841621E-05  7.612795E-03
  8.677139E-04  5.913474E-05  7.702566E-03
  8.783867E-04  5.986211E-05  7.793369E-03
  8.891909E-04  6.059843E-05  7.885214E-03
  9.001280E-04  6.134381E-05  7.978113E-03
  9.111995E-04  6.209836E-05  8.072078E-03
  9.224073E-04  6.286218E-05  8.167120E-03
  9.337529E-04  6.363541E-05  8.263251E-03
  9.452381E-04  6.441814E-05  8.360482E-03
  9.568645E-04  6.521050E-05  8.458825E-03
  9.686339E-04  6.601261E-05  8.558292E-03
  9.805481E-04  6.682459E-05  8.658896E-03
  9.926089E-04  6.764656E-05  8.760648E-03
  1.004818E-03  6.847863E-05  8.863560E-03
  1.017177E-03  6.932094E-05  8.967646E-03
  1.029688E-03  7.017361E-05  9.072917E-03
  1.042354E-03  7.103677E-05  9.179386E-03
  1.055175E-03  7.191055E-05  9.287066E-03
  1.068153E-03  7.279508E-05  9.395969E-03
  1.081292E-03  7.369049E-05  9.506109E-03
  1.094591E-03  7.459691E-05  9.617499E-03
  1.108055E-03  7.551449E-05  9.730151E-03
  1.121684E-03  7.644335E-05  9.844079E-03
  1.135481E-03  7.738363E-05  9.959296E-03
  1.149447E-03  7.833548E-05  1.007582E-02
  1.163585E-03  7.929905E-05  1.019365E-02
  1.177897E-03  8.027446E-05  1.031282E-02
  1.192386E-03  8.126188E-05  1.043333E-02
  1.207052E-03  8.226144E-05  1.055520E-02
  1.221899E-03  8.327330E-05  1.067844E-02
  1.236928E-03  8.429760E-05  1.080307E-02
  1.252142E-03  8.533450E-05  1.092909E-02
  1.267544E-03  8.638417E-05  1.105654E-02
  1.283134E-03  8.744674E-05  1.118541E-02
  1.298917E-03  8.852238E-05  1.131572E-02
  1.314894E-03  8.961126E-05  1.144750E-02
  1.331067E-03  9.071353E-05  1.158075E-02
  1.347439E-03  9.182937E-05  1.171548E-02
  1.364012E-03  9.295892E-05  1.185172E-02
  1.380790E-03  9.410238E-05  1.198948E-02
  1.397773E-03  9.525990E-05  1.212877E-02
  1.414966E-03  9.643166E-05  1.226962E-02
  1.432370E-03  9.761784E-05  1.241202E-02
  1.449988E-03  9.881861E-05  1.255601E-02
  1.467823E-03  1.000341E-04  1.270160E-02
  1.485877E-03  1.012646E-04  1.284879E-02
  1.504154E-03  1.025103E-04  1.299762E-02
  1.522655E-03  1.037712E-04  1.314809E-02
  1.541383E-03  1.050477E-04  1.330022E-02
  1.560342E-03  1.063399E-04  1.345403E-02
  1.579535E-03  1.076479E-04  1.360953E-02
  1.598963E-03  1.089721E-04  1.376674E-02
  1.618630E-03  1.103126E-04  1.392568E-02
  1.638539E-03  1.116695E-04  1.408636E-02
  1.658693E-03  1.130432E-04  1.424880E-02
  1.679095E-03  1.144337E-04  1.441302E-02
  1.699748E-03  1.158413E-04  1.457903E-02
  1.720655E-03  1.172663E-04  1.474685E-02
  1.741819E-03  1.187088E-04  1.491650E-02
  1.763243E-03  1.201690E-04  1.508800E-02
  1.784931E-03  1.216473E-04  1.526136E-02
  1.806886E-03  1.231437E-04  1.543660E-02
  1.829111E-03  1.246585E-04  1.561375E-02
  1.851609E-03  1.261919E-04  1.579280E-02
  1.874384E-03  1.277442E-04  1.597379E-02
  1.897438E-03  1.293156E-04  1.615674E-02
  1.920777E-03  1.309064E-04  1.634165E-02
  1.944402E-03  1.325167E-04  1.652855E-02
  1.968319E-03  1.341468E-04  1.671746E-02
  1.992529E-03  1.357970E-04  1.690839E-02
  2.017037E-03  1.374675E-04  1.710137E-02
  2.041847E-03  1.391585E-04  1.729641E-02
  2.066961E-03  1.408704E-04  1.749352E-02
  2.092385E-03  1.426033E-04  1.769274E-02
  2.118121E-03  1.443576E-04  1.789407E-02
  2.144174E-03  1.461334E-04  1.809754E-02
  2.170548E-03  1.479311E-04  1.830316E-02
  2.197245E-03  1.497509E-04  1.851096E-02
  2.224271E-03  1.515930E-04  1.872095E-02
  2.251630E-03  1.534579E-04  1.893315E-02
  2.279325E-03  1.553457E-04  1.914758E-02
  2.307361E-03  1.572567E-04  1.936426E-02
  2.335741E-03  1.591913E-04  1.958321E-02
  2.364471E-03  1.611496E-04  1.980445E-02
  2.393554E-03  1.631321E-04  2.002800E-02
  2.422995E-03  1.651390E-04  2.025387E-02
  2.452797E-03  1.671705E-04  2.048209E-02
  2.482967E-03  1.692271E-04  2.071267E-02
  2.513507E-03  1.713089E-04  2.094563E-02
  2.544423E-03  1.734164E-04  2.118100E-02
  2.575720E-03  1.755498E-04  2.141880E-02
  2.607401E-03  1.777095E-04  2.165903E-02
  2.639472E-03  1.798957E-04  2.190173E-02
  2.671938E-03  1.821089E-04  2.214691E-02
  2.704803E-03  1.843493E-04  2.239459E-02
  2.738072E-03  1.866173E-04  2.264479E-02
  2.771750E-03  1.889132E-04  2.289753E-02
  2.805842E-03  1.912373E-04  2.315283E-02
  2.840354E-03  1.935900E-04  2.341070E-02
  2.875291E-03  1.959718E-04  2.367118E-02
  2.910657E-03  1.983828E-04  2.393427E-02
  2.946458E-03  2.008235E-04  2.419999E-02
  2.982699E-03  2.032942E-04  2.446837E-02
  3.019386E-03  2.057954E-04  2.473943E-02
  3.056525E-03  2.083273E-04  2.501318E-02
  3.094120E-03  2.108904E-04  2.528964E-02
  3.132178E-03  2.134851E-04  2.556883E-02
  3.170704E-03  2.161117E-04  2.585078E-02
  3.209703E-03  2.187707E-04  2.613549E-02
  3.249183E-03  2.214623E-04  2.642299E-02
  3.289148E-03  2.241871E-04  2.671329E-02
  3.329604E-03  2.269455E-04  2.700642E-02
  3.370558E-03  2.297378E-04  2.730239E-02
  3.412016E-03  2.325645E-04  2.760122E-02
  3.453984E-03  2.354260E-04  2.790293E-02
  3.496468E-03  2.383228E-04  2.820754E-02
  3.539474E-03  2.412552E-04  2.851506E-02
  3.583010E-03  2.442237E-04  2.882551E-02
  3.627081E-03  2.472287E-04  2.913891E-02
  3.671694E-03  2.502708E-04  2.945528E-02
  3.716856E-03  2.533503E-04  2.977463E-02
  3.762573E-03  2.564678E-04  3.009698E-02
  3.808853E-03  2.596236E-04  3.042235E-02
  3.855702E-03  2.628184E-04  3.075074E-02
  3.903127E-03  2.660524E-04  3.108219E-02
  3.951135E-03  2.693263E-04  3.141670E-02
  3.999734E-03  2.726405E-04  3.175429E-02
  4.048931E-03  2.759955E-04  3.209497E-02
  4.098733E-03  2.793919E-04  3.243877E-02
  4.149147E-03  2.828301E-04  3.278568E-02
  4.200182E-03  2.863107E-04  3.313574E-02
  4.251844E-03  2.898341E-04  3.348894E-02
  4.304142E-03  2.934009E-04  3.384531E-02
  4.357083E-03  2.970117E-04  3.420486E-02
  4.410675E-03  3.006670E-04  3.456760E-02
  4.464926E-03  3.043673E-04  3.493354E-02
  4.519845E-03  3.081131E-04  3.530270E-02
  4.575439E-03  3.119052E-04  3.567509E-02
  4.631717E-03  3.157440E-04  3.605071E-02
  4.688687E-03  3.196301E-04  3.642957E-02
  4.746358E-03  3.235640E-04  3.681170E-02
  4.804738E-03  3.275465E-04  3.719709E-02
  4.863836E-03  3.315780E-04  3.758576E-02
  4.923661E-03  3.356593E-04  3.797772E-02
  4.984222E-03  3.397908E-04  3.837296E-02
  5.045528E-03  3.439733E-04  3.877151E-02
  5.107588E-03  3.482073E-04  3.917336E-02
  5.170412E-03  3.524935E-04  3.957852E-02
  5.234008E-03  3.568326E-04  3.998700E-02
  5.298386E-03  3.612252E-04  4.039880E-02
  5.363556E-03  3.656719E-04  4.081392E-02
  5.429528E-03  3.701735E-04  4.123238E-02
  5.496311E-03  3.747306E-04  4.165416E-02
  5.563916E-03  3.793439E-04  4.207928E-02
  5.632352E-03  3.840141E-04  4.250773E-02
  5.701630E-03  3.887419E-04  4.293952E-02
  5.771760E-03  3.935280E-04  4.337464E-02
  5.842752E-03  3.983732E-04  4.381309E-02
  5.914618E-03  4.032781E-04  4.425487E-02
  5.987368E-03  4.082436E-04  4.469997E-02
  6.061013E-03  4.132703E-04  4.514840E-02
  6.135563E-03  4.183591E-04  4.560014E-02
  6.211031E-03  4.235107E-04  4.605518E-02
  6.287426E-03  4.287258E-04  4.651353E-02
  6.364762E-03  4.340054E-04  4.697517E-02
  6.443048E-03  4.393501E-04  4.744010E-02
  6.522298E-03  4.447608E-04  4.790830E-02
  6.602522E-03  4.502383E-04  4.837975E-02
  6.683733E-03  4.557835E-04  4.885446E-02
  6.765943E-03  4.613971E-04  4.933240E-02
  6.849164E-03  4.670801E-04  4.981355E-02
  6.933409E-03  4.728332E-04  5.029790E-02
  7.018690E-03  4.786575E-04  5.078544E-02
  7.105020E-03  4.845537E-04  5.127614E-02
  7.192411E-03  4.905227E-04  5.176997E-02
  7.280878E-03  4.965655E-04  5.226693E-02
  7.370433E-03  5.026831E-04  5.276698E-02
  7.461089E-03  5.088762E-04  5.327010E-02
  7.552860E-03  5.151459E-04  5.377626E-02
  7.645761E-03  5.214931E-04  5.428544E-02
  7.739803E-03  5.279188E-04  5.479759E-02
  7.835003E-03  5.344240E-04  5.531270E-02
  7.931374E-03  5.410096E-04  5.583072E-02
  8.028930E-03  5.476768E-04  5.635163E-02
  8.127685E-03  5.544264E-04  5.687538E-02
  8.227656E-03  5.612595E-04  5.740194E-02
  8.328856E-03  5.681772E-04  5.793125E-02
  8.431301E-03  5.751806E-04  5.846329E-02
  8.535006E-03  5.822707E-04  5.899801E-02
  8.639987E-03  5.894485E-04  5.953535E-02
  8.746258E-03  5.967153E-04  6.007528E-02
  8.853837E-03  6.040720E-04  6.061773E-02
  8.962740E-03  6.115200E-04  6.116266E-02
  9.072981E-03  6.190602E-04  6.171001E-02
  9.184579E-03  6.266938E-04  6.225972E-02
  9.297549E-03  6.344221E-04  6.281173E-02
  9.411909E-03  6.422463E-04  6.336598E-02
  9.527676E-03  6.501674E-04  6.392240E-02
  9.644866E-03  6.581868E-04  6.448093E-02
  9.763498E-03  6.663057E-04  6.504150E-02
  9.883589E-03  6.745254E-04  6.560403E-02
  1.000516E-02  6.828470E-04  6.616844E-02
  1.012822E-02  6.912720E-04  6.673467E-02
  1.025280E-02  6.998016E-04  6.730263E-02
  1.037891E-02  7.084371E-04  6.787224E-02
  1.050657E-02  7.171800E-04  6.844340E-02
  1.063580E-02  7.260314E-04  6.901604E-02
  1.076662E-02  7.349929E-04  6.959005E-02
  1.089905E-02  7.440658E-04  7.016535E-02
  1.103311E-02  7.532516E-04  7.074183E-02
  1.116881E-02  7.625516E-04  7.131940E-02
  1.130619E-02  7.719673E-04  7.189794E-02
  1.144526E-02  7.815002E-04  7.247736E-02
  1.158603E-02  7.911518E-04  7.305753E-02
  1.172854E-02  8.009236E-04  7.363835E-02
  1.187280E-02  8.108171E-04  7.421969E-02
  1.201884E-02  8.208339E-04  7.480144E-02
  1.216667E-02  8.309756E-04  7.538347E-02
  1.231632E-02  8.412437E-04  7.596565E-02
  1.246781E-02  8.516399E-04  7.654785E-02
  1.262116E-02  8.621658E-04  7.712992E-02
  1.277640E-02  8.728230E-04  7.771174E-02
  1.293355E-02  8.836134E-04  7.829316E-02
  1.309264E-02  8.945385E-04  7.887402E-02
  1.325368E-02  9.056001E-04  7.945418E-02
  1.341670E-02  9.167999E-04  8.003348E-02
  1.358172E-02  9.281398E-04  8.061177E-02
  1.374878E-02  9.396215E-04  8.118886E-02
  1.391789E-02  9.512469E-04  8.176461E-02
  1.408908E-02  9.630178E-04  8.233883E-02
  1.426237E-02  9.749362E-04  8.291134E-02
  1.443780E-02  9.870038E-04  8.348197E-02
  1.461538E-02  9.992227E-04  8.405053E-02
  1.479515E-02  1.011595E-03  8.461683E-02
  1.497713E-02  1.024122E-03  8.518067E-02
  1.516135E-02  1.036807E-03  8.574184E-02
  1.534784E-02  1.049650E-03  8.630016E-02
  1.553662E-02  1.062656E-03  8.685540E-02
  1.572772E-02  1.075824E-03  8.740735E-02
  1.592117E-02  1.089158E-03  8.795580E-02
  1.611700E-02  1.102660E-03  8.850051E-02
  1.631524E-02  1.116332E-03  8.904126E-02
  1.651591E-02  1.130176E-03  8.957781E-02
  1.671906E-02  1.144195E-03  9.010992E-02
  1.692470E-02  1.158390E-03  9.063735E-02
  1.713288E-02  1.172764E-03  9.115985E-02
  1.734361E-02  1.187320E-03  9.167716E-02
  1.755694E-02  1.202059E-03  9.218902E-02
  1.777289E-02  1.216985E-03  9.269517E-02
  1.799150E-02  1.232099E-03  9.319532E-02
  1.821279E-02  1.247405E-03  9.368921E-02
  1.843681E-02  1.262904E-03  9.417656E-02
  1.866358E-02  1.278600E-03  9.465706E-02
  1.889314E-02  1.294495E-03  9.513044E-02
  1.912553E-02  1.310591E-03  9.559638E-02
  1.936077E-02  1.326892E-03  9.605459E-02
  1.959891E-02  1.343400E-03  9.650476E-02
  1.983998E-02  1.360117E-03  9.694656E-02
  2.008401E-02  1.377048E-03  9.737967E-02
  2.033104E-02  1.394193E-03  9.780378E-02
  2.058111E-02  1.411558E-03  9.821853E-02
  2.083426E-02  1.429143E-03  9.862360E-02
  2.109052E-02  1.446953E-03  9.901864E-02
  2.134994E-02  1.464991E-03  9.940329E-02
  2.161254E-02  1.483259E-03  9.977721E-02
  2.187838E-02  1.501761E-03  1.001400E-01
  2.214748E-02  1.520500E-03  1.004914E-01
  2.241989E-02  1.539478E-03  1.008309E-01
  2.269566E-02  1.558701E-03  1.011581E-01
  2.297481E-02  1.578170E-03  1.014728E-01
  2.325740E-02  1.597890E-03  1.017745E-01
  2.354347E-02  1.617863E-03  1.020627E-01
  2.383306E-02  1.638093E-03  1.023372E-01
  2.412620E-02  1.658585E-03  1.025974E-01
  2.442295E-02  1.679340E-03  1.028431E-01
  2.472336E-02  1.700364E-03  1.030737E-01
  2.502745E-02  1.721660E-03  1.032888E-01
  2.533529E-02  1.743232E-03  1.034880E-01
  2.564692E-02  1.765083E-03  1.036709E-01
  2.596237E-02  1.787218E-03  1.038370E-01
  2.628171E-02  1.809641E-03  1.039859E-01
  2.660498E-02  1.832355E-03  1.041172E-01
  2.693222E-02  1.855366E-03  1.042303E-01
  2.726348E-02  1.878676E-03  1.043248E-01
  2.759882E-02  1.902291E-03  1.044003E-01
  2.793829E-02  1.926215E-03  1.044563E-01
  2.828193E-02  1.950453E-03  1.044923E-01
  2.862980E-02  1.975008E-03  1.045078E-01
  2.898194E-02  1.999886E-03  1.045024E-01
  2.933842E-02  2.025092E-03  1.044756E-01
  2.969928E-02  2.050629E-03  1.044268E-01
  3.006459E-02  2.076504E-03  1.043556E-01
  3.043438E-02  2.102720E-03  1.042615E-01
  3.080872E-02  2.129284E-03  1.041440E-01
  3.118767E-02  2.156200E-03  1.040026E-01
  3.157128E-02  2.183474E-03  1.038367E-01
  3.195961E-02  2.211110E-03  1.036460E-01
  3.235271E-02  2.239115E-03  1.034298E-01
  3.275065E-02  2.267494E-03  1.031876E-01
  3.315348E-02  2.296253E-03  1.029190E-01
  3.356127E-02  2.325397E-03  1.026235E-01
  3.397407E-02  2.354933E-03  1.023004E-01
  3.439195E-02  2.384867E-03  1.019494E-01
  3.481497E-02  2.415204E-03  1.015698E-01
  3.524320E-02  2.445951E-03  1.011612E-01
  3.567669E-02  2.477114E-03  1.007230E-01
  3.611551E-02  2.508700E-03  1.002548E-01
  3.655973E-02  2.540716E-03  9.975596E-02
  3.700942E-02  2.573169E-03  9.922605E-02
  3.746463E-02  2.606065E-03  9.866454E-02
  3.792545E-02  2.639411E-03  9.807090E-02
  3.839193E-02  2.673215E-03  9.744465E-02
  3.886415E-02  2.707484E-03  9.678527E-02
  3.934218E-02  2.742226E-03  9.609226E-02
  3.982609E-02  2.777449E-03  9.536514E-02
  4.031595E-02  2.813160E-03  9.460340E-02
  4.081184E-02  2.849367E-03  9.380657E-02
  4.131382E-02  2.886079E-03  9.297417E-02
  4.182198E-02  2.923305E-03  9.210571E-02
  4.233639E-02  2.961052E-03  9.120074E-02
  4.285713E-02  2.999329E-03  9.025880E-02
  4.338427E-02  3.038147E-03  8.927943E-02
  4.391790E-02  3.077513E-03  8.826220E-02
  4.445809E-02  3.117437E-03  8.720666E-02
  4.500492E-02  3.157929E-03  8.611240E-02
  4.555849E-02  3.199000E-03  8.497900E-02
  4.611885E-02  3.240658E-03  8.380607E-02
  4.668612E-02  3.282914E-03  8.259320E-02
  4.726036E-02  3.325780E-03  8.134004E-02
  4.784166E-02  3.369265E-03  8.004621E-02
  4.843011E-02  3.413380E-03  7.871136E-02
  4.902580E-02  3.458139E-03  7.733517E-02
  4.962882E-02  3.503551E-03  7.591731E-02
  5.023925E-02  3.549628E-03  7.445748E-02
  5.085720E-02  3.596384E-03  7.295540E-02
  5.148274E-02  3.643831E-03  7.141080E-02
  5.211598E-02  3.691981E-03  6.982344E-02
  5.275700E-02  3.740847E-03  6.819309E-02
  5.340591E-02  3.790444E-03  6.651954E-02
  5.406281E-02  3.840785E-03  6.480261E-02
  5.472778E-02  3.891884E-03  6.304214E-02
  5.540093E-02  3.943757E-03  6.123799E-02
  5.608236E-02  3.996417E-03  5.939006E-02
  5.677218E-02  4.049880E-03  5.749824E-02
  5.747047E-02  4.104162E-03  5.556248E-02
  5.817736E-02  4.159279E-03  5.358274E-02
  5.889294E-02  4.215248E-03  5.155903E-02
  5.961733E-02  4.272086E-03  4.949136E-02
  6.035062E-02  4.329811E-03  4.737979E-02
  6.109293E-02  4.388440E-03  4.522440E-02
  6.184437E-02  4.447992E-03  4.302531E-02
  6.260506E-02  4.508486E-03  4.078268E-02
  6.337510E-02  4.569941E-03  3.849669E-02
  6.415462E-02  4.632378E-03  3.616756E-02
  6.494372E-02  4.695817E-03  3.379555E-02
  6.574253E-02  4.760280E-03  3.138096E-02
  6.655116E-02  4.825788E-03  2.892411E-02
  6.736974E-02  4.892364E-03  2.642539E-02
  6.819839E-02  4.960031E-03  2.388521E-02
  6.903723E-02  5.028812E-03  2.130401E-02
  6.988638E-02  5.098733E-03  1.868232E-02
  7.074599E-02  5.169818E-03  1.602065E-02
  7.161616E-02  5.242093E-03  1.331961E-02
  7.249704E-02  5.315586E-03  1.057982E-02
  7.338875E-02  5.390322E-03  7.801969E-03
  7.429144E-02  5.466332E-03  4.986777E-03
  7.520522E-02  5.543643E-03  2.135021E-03
  7.613024E-02  5.622287E-03 -7.524713E-04
  7.706665E-02  5.702293E-03 -3.674826E-03
  7.801457E-02  5.783694E-03 -6.631116E-03
  7.897415E-02  5.866522E-03 -9.620363E-03
  7.994553E-02  5.950812E-03 -1.264153E-02
  8.092886E-02  6.036598E-03 -1.569354E-02
  8.192428E-02  6.123917E-03 -1.877525E-02
  8.293195E-02  6.212805E-03 -2.188545E-02
  8.395201E-02  6.303301E-03 -2.502291E-02
  8.498462E-02  6.395444E-03 -2.818631E-02
  8.602993E-02  6.489274E-03 -3.137428E-02
  8.708810E-02  6.584835E-03 -3.458540E-02
  8.815929E-02  6.682169E-03 -3.781819E-02
  8.924365E-02  6.781321E-03 -4.107111E-02
  9.034134E-02  6.882337E-03 -4.434254E-02
  9.145254E-02  6.985264E-03 -4.763084E-02
  9.257741E-02  7.090153E-03 -5.093428E-02
  9.371611E-02  7.197053E-03 -5.425107E-02
  9.486882E-02  7.306018E-03 -5.757938E-02
  9.603570E-02  7.417101E-03 -6.091729E-02
  9.721694E-02  7.530358E-03 -6.426284E-02
  9.841271E-02  7.645848E-03 -6.761399E-02
  9.962319E-02  7.763629E-03 -7.096866E-02
  1.008486E-01  7.883763E-03 -7.432470E-02
  1.020890E-01  8.006315E-03 -7.767989E-02
  1.033447E-01  8.131350E-03 -8.103195E-02
  1.046158E-01  8.258936E-03 -8.437854E-02
  1.059026E-01  8.389143E-03 -8.771728E-02
  1.072052E-01  8.522044E-03 -9.104569E-02
  1.085238E-01  8.657715E-03 -9.436126E-02
  1.098587E-01  8.796233E-03 -9.766141E-02
  1.112099E-01  8.937678E-03 -1.009435E-01
  1.125778E-01  9.082134E-03 -1.042049E-01
  1.139625E-01  9.229686E-03 -1.074427E-01
  1.153643E-01  9.380424E-03 -1.106542E-01
  1.167832E-01  9.534439E-03 -1.138366E-01
  1.182197E-01  9.691827E-03 -1.169869E-01
  1.196738E-01  9.852685E-03 -1.201021E-01
  1.211458E-01  1.001712E-02 -1.231793E-01
  1.226359E-01  1.018522E-02 -1.262154E-01
  1.241443E-01  1.035712E-02 -1.292072E-01
  1.256713E-01  1.053292E-02 -1.321516E-01
  1.272170E-01  1.071273E-02 -1.350454E-01
  1.287818E-01  1.089668E-02 -1.378855E-01
  1.303658E-01  1.108489E-02 -1.406684E-01
  1.319693E-01  1.127749E-02 -1.433909E-01
  1.335925E-01  1.147462E-02 -1.460497E-01
  1.352357E-01  1.167641E-02 -1.486413E-01
  1.368991E-01  1.188301E-02 -1.511625E-01
  1.385830E-01  1.209457E-02 -1.536097E-01
  1.402875E-01  1.231123E-02 -1.559796E-01
  1.420131E-01  1.253317E-02 -1.582686E-01
  1.437598E-01  1.276054E-02 -1.604734E-01
  1.455281E-01  1.299351E-02 -1.625904E-01
  1.473181E-01  1.323226E-02 -1.646161E-01
  1.491301E-01  1.347698E-02 -1.665472E-01
  1.509644E-01  1.372784E-02 -1.683800E-01
  1.528212E-01  1.398506E-02 -1.701111E-01
  1.547009E-01  1.424883E-02 -1.717371E-01
  1.566038E-01  1.451936E-02 -1.732545E-01
  1.585300E-01  1.479687E-02 -1.746598E-01
  1.604799E-01  1.508158E-02 -1.759498E-01
  1.624538E-01  1.537373E-02 -1.771209E-01
  1.644520E-01  1.567356E-02 -1.781699E-01
  1.664748E-01  1.598131E-02 -1.790934E-01
  1.685224E-01  1.629725E-02 -1.798883E-01
  1.705952E-01  1.662164E-02 -1.805512E-01
  1.726935E-01  1.695476E-02 -1.810792E-01
  1.748177E-01  1.729690E-02 -1.814690E-01
  1.769679E-01  1.764835E-02 -1.817176E-01
  1.791446E-01  1.800941E-02 -1.818221E-01
  1.813481E-01  1.838041E-02 -1.817797E-01
  1.835787E-01  1.876168E-02 -1.815875E-01
  1.858367E-01  1.915354E-02 -1.812429E-01
  1.881225E-01  1.955636E-02 -1.807432E-01
  1.904364E-01  1.997049E-02 -1.800860E-01
  1.927788E-01  2.039631E-02 -1.792689E-01
  1.951500E-01  2.083421E-02 -1.782895E-01
  1.975503E-01  2.128459E-02 -1.771458E-01
  1.999802E-01  2.174785E-02 -1.758357E-01
  2.024399E-01  2.222444E-02 -1.743572E-01
  2.049299E-01  2.271478E-02 -1.727088E-01
  2.074506E-01  2.321934E-02 -1.708887E-01
  2.100022E-01  2.373859E-02 -1.688954E-01
  2.125852E-01  2.427300E-02 -1.667278E-01
  2.152000E-01  2.482309E-02 -1.643846E-01
  2.178470E-01  2.538936E-02 -1.618648E-01
  2.205265E-01  2.597236E-02 -1.591677E-01
  2.232390E-01  2.657263E-02 -1.562927E-01
  2.259848E-01  2.719073E-02 -1.532393E-01
  2.287645E-01  2.782726E-02 -1.500073E-01
  2.315783E-01  2.848280E-02 -1.465966E-01
  2.344267E-01  2.915798E-02 -1.430075E-01
  2.373101E-01  2.985343E-02 -1.392403E-01
  2.402290E-01  3.056981E-02 -1.352955E-01
  2.431838E-01  3.130779E-02 -1.311741E-01
  2.461750E-01  3.206805E-02 -1.268769E-01
  2.492030E-01  3.285131E-02 -1.224054E-01
  2.522682E-01  3.365829E-02 -1.177610E-01
  2.553711E-01  3.448974E-02 -1.129453E-01
  2.585121E-01  3.534641E-02 -1.079605E-01
  2.616918E-01  3.622910E-02 -1.028086E-01
  2.649106E-01  3.713859E-02 -9.749220E-02
  2.681690E-01  3.807571E-02 -9.201396E-02
  2.714675E-01  3.904130E-02 -8.637686E-02
  2.748066E-01  4.003619E-02 -8.058411E-02
  2.781867E-01  4.106127E-02 -7.463919E-02
  2.816084E-01  4.211741E-02 -6.854583E-02
  2.850722E-01  4.320551E-02 -6.230801E-02
  2.885785E-01  4.432649E-02 -5.593001E-02
  2.921281E-01  4.548128E-02 -4.941632E-02
  2.957212E-01  4.667080E-02 -4.277172E-02
  2.993586E-01  4.789601E-02 -3.600125E-02
  3.030407E-01  4.915786E-02 -2.911019E-02
  3.067681E-01  5.045733E-02 -2.210410E-02
  3.105414E-01  5.179537E-02 -1.498877E-02
  3.143610E-01  5.317297E-02 -7.770264E-03
  3.182277E-01  5.459110E-02 -4.548892E-04
  3.221419E-01  5.605073E-02  6.950804E-03
  3.261042E-01  5.755283E-02  1.444002E-02
  3.301153E-01  5.909836E-02  2.200573E-02
  3.341757E-01  6.068826E-02  2.964066E-02
  3.382861E-01  6.232348E-02  3.733733E-02
  3.424470E-01  6.400492E-02  4.508802E-02
  3.466591E-01  6.573347E-02  5.288481E-02
  3.509230E-01  6.751000E-02  6.071956E-02
  3.552394E-01  6.933532E-02  6.858395E-02
  3.596088E-01  7.121022E-02  7.646944E-02
  3.640320E-01  7.313543E-02  8.436736E-02
  3.685096E-01  7.511164E-02  9.226881E-02
  3.730422E-01  7.713947E-02  1.001648E-01
  3.776307E-01  7.921946E-02  1.080461E-01
  3.822755E-01  8.135209E-02  1.159034E-01
  3.869775E-01  8.353773E-02  1.237274E-01
  3.917373E-01  8.577668E-02  1.315083E-01
  3.965557E-01  8.806909E-02  1.392367E-01
  4.014333E-01  9.041504E-02  1.469026E-01
  4.063710E-01  9.281443E-02  1.544964E-01
  4.113693E-01  9.526704E-02  1.620080E-01
  4.164292E-01  9.777250E-02  1.694275E-01
  4.215513E-01  1.003302E-01  1.767449E-01
  4.267363E-01  1.029395E-01  1.839501E-01
  4.319852E-01  1.055994E-01  1.910330E-01
  4.372986E-01  1.083087E-01  1.979834E-01
  4.426774E-01  1.110661E-01  2.047911E-01
  4.481223E-01  1.138698E-01  2.114459E-01
  4.536342E-01  1.167180E-01  2.179376E-01
  4.592139E-01  1.196084E-01  2.242560E-01
  4.648622E-01  1.225384E-01  2.303910E-01
  4.705801E-01  1.255054E-01  2.363323E-01
  4.763682E-01  1.285059E-01  2.420699E-01
  4.822275E-01  1.315365E-01  2.475938E-01
  4.881589E-01  1.345931E-01  2.528943E-01
  4.941633E-01  1.376715E-01  2.579615E-01
  5.002415E-01  1.407667E-01  2.627860E-01
  5.063944E-01  1.438736E-01  2.673583E-01
  5.126231E-01  1.469864E-01  2.716694E-01
  5.189284E-01  1.500988E-01  2.757104E-01
  5.253112E-01  1.532042E-01  2.794725E-01
  5.317725E-01  1.562952E-01  2.829474E-01
  5.383133E-01  1.593642E-01  2.861269E-01
  5.449346E-01  1.624026E-01  2.890033E-01
  5.516373E-01  1.654017E-01  2.915690E-01
  5.584224E-01  1.683520E-01  2.938168E-01
  5.652910E-01  1.712432E-01  2.957399E-01
  5.722441E-01  1.740649E-01  2.973317E-01
  5.792827E-01  1.768056E-01  2.985862E-01
  5.864079E-01  1.794537E-01  2.994975E-01
  5.936207E-01  1.819966E-01  3.000602E-01
  6.009222E-01  1.844214E-01  3.002695E-01
  6.083135E-01  1.867145E-01  3.001207E-01
  6.157958E-01  1.888620E-01  2.996097E-01
  6.233701E-01  1.908493E-01  2.987328E-01
  6.310375E-01  1.926615E-01  2.974867E-01
  6.387993E-01  1.942832E-01  2.958687E-01
  6.466565E-01  1.956987E-01  2.938763E-01
  6.546104E-01  1.968921E-01  2.915076E-01
  6.626621E-01  1.978472E-01  2.887614E-01
  6.708129E-01  1.985479E-01  2.856366E-01
  6.790639E-01  1.989779E-01  2.821327E-01
  6.874164E-01  1.991210E-01  2.782498E-01
  6.958716E-01  1.989611E-01  2.739885E-01
  7.044308E-01  1.984827E-01  2.693497E-01
  7.130953E-01  1.976702E-01  2.643349E-01
  7.218664E-01  1.965088E-01  2.589460E-01
  7.307453E-01  1.949841E-01  2.531856E-01
  7.397335E-01  1.930827E-01  2.470566E-01
  7.488322E-01  1.907916E-01  2.405622E-01
  7.580428E-01  1.880989E-01  2.337066E-01
  7.673668E-01  1.849938E-01  2.264938E-01
  7.768054E-01  1.814668E-01  2.189289E-01
  7.863601E-01  1.775098E-01  2.110169E-01
  7.960323E-01  1.731162E-01  2.027636E-01
  8.058235E-01  1.682814E-01  1.941752E-01
  8.157351E-01  1.630026E-01  1.852580E-01
  8.257687E-01  1.572792E-01  1.760192E-01
  8.359256E-01  1.511129E-01  1.664659E-01
  8.462075E-01  1.445077E-01  1.566061E-01
  8.566159E-01  1.374701E-01  1.464477E-01
  8.671523E-01  1.300089E-01  1.359994E-01
  8.778182E-01  1.221353E-01  1.252698E-01
  8.886154E-01  1.138631E-01  1.142682E-01
  8.995454E-01  1.052079E-01  1.030042E-01
  9.106098E-01  9.618766E-02  9.148745E-02
  9.218103E-01  8.682205E-02  7.972814E-02
  9.331485E-01  7.713233E-02  6.773665E-02
  9.446263E-01  6.714101E-02  5.552366E-02
  9.562452E-01  5.687153E-02  4.310007E-02
  9.680070E-01  4.634783E-02  3.047704E-02
  9.799135E-01  3.559392E-02  1.766596E-02
  9.919664E-01  2.463343E-02  4.678389E-03
  1.004168E+00  1.348907E-02 -8.473887E-03
  1.016519E+00  2.182176E-03 -2.177893E-02
  1.029022E+00 -9.267853E-03 -3.522463E-02
  1.041679E+00 -2.084405E-02 -4.879875E-02
  1.054492E+00 -3.253237E-02 -6.248892E-02
  1.067462E+00 -4.432220E-02 -7.628266E-02
  1.080592E+00 -5.620674E-02 -9.016741E-02
  1.093883E+00 -6.818346E-02 -1.041305E-01
  1.107338E+00 -8.025434E-02 -1.181593E-01
  1.120958E+00 -9.242618E-02 -1.322410E-01
  1.134746E+00 -1.047108E-01 -1.463628E-01
  1.148703E+00 -1.171249E-01 -1.605119E-01
  1.162832E+00 -1.296904E-01 -1.746757E-01
  1.177135E+00 -1.424338E-01 -1.888412E-01
  1.191614E+00 -1.553866E-01 -2.029959E-01
  1.206271E+00 -1.685839E-01 -2.171270E-01
  1.221108E+00 -1.820649E-01 -2.312218E-01
  1.236127E+00 -1.958711E-01 -2.452680E-01
  1.251332E+00 -2.100463E-01 -2.592530E-01
  1.266723E+00 -2.246350E-01 -2.731645E-01
  1.282304E+00 -2.396812E-01 -2.869904E-01
  1.298076E+00 -2.552270E-01 -3.007185E-01
  1.314042E+00 -2.713108E-01 -3.143370E-01
  1.330205E+00 -2.879657E-01 -3.278340E-01
  1.346567E+00 -3.052170E-01 -3.411980E-01
  1.363130E+00 -3.230805E-01 -3.544175E-01
  1.379896E+00 -3.415590E-01 -3.674814E-01
  1.396869E+00 -3.606396E-01 -3.803787E-01
  1.414050E+00 -3.802900E-01 -3.930985E-01
  1.431443E+00 -4.004547E-01 -4.056303E-01
  1.449050E+00 -4.210520E-01 -4.179638E-01
  1.466873E+00 -4.419713E-01 -4.300889E-01
  1.484916E+00 -4.630726E-01 -4.419957E-01
  1.503180E+00 -4.841880E-01 -4.536747E-01
  1.521669E+00 -5.051236E-01 -4.651167E-01
  1.540386E+00 -5.256635E-01 -4.763124E-01
  1.559332E+00 -5.455742E-01 -4.872534E-01
  1.578512E+00 -5.646108E-01 -4.979310E-01
  1.597928E+00 -5.825248E-01 -5.083373E-01
  1.617582E+00 -5.990737E-01 -5.184642E-01
  1.637479E+00 -6.140321E-01 -5.283044E-01
  1.657620E+00 -6.272052E-01 -5.378506E-01
  1.678008E+00 -6.384415E-01 -5.470960E-01
  1.698648E+00 -6.476450E-01 -5.560338E-01
  1.719541E+00 -6.547848E-01 -5.646579E-01
  1.740692E+00 -6.599005E-01 -5.729623E-01
  1.762102E+00 -6.631034E-01 -5.809413E-01
  1.783776E+00 -6.645732E-01 -5.885897E-01
  1.805717E+00 -6.645506E-01 -5.959024E-01
  1.827927E+00 -6.633262E-01 -6.028747E-01
  1.850410E+00 -6.612261E-01 -6.095021E-01
  1.873170E+00 -6.585949E-01 -6.157806E-01
  1.896210E+00 -6.557766E-01 -6.217064E-01
  1.919534E+00 -6.530944E-01 -6.272758E-01
  1.943144E+00 -6.508307E-01 -6.324857E-01
  1.967045E+00 -6.492075E-01 -6.373331E-01
  1.991239E+00 -6.483700E-01 -6.418153E-01
  2.015732E+00 -6.483743E-01 -6.459299E-01
  2.040525E+00 -6.491804E-01 -6.496749E-01
  2.065624E+00 -6.506563E-01 -6.530484E-01
  2.091031E+00 -6.525940E-01 -6.560490E-01
  2.116750E+00 -6.547417E-01 -6.586755E-01
  2.142786E+00 -6.568492E-01 -6.609270E-01
  2.169143E+00 -6.587181E-01 -6.628030E-01
  2.195823E+00 -6.602378E-01 -6.643033E-01
  2.222832E+00 -6.613810E-01 -6.654281E-01
  2.250173E+00 -6.621523E-01 -6.661777E-01
  2.277850E+00 -6.625500E-01 -6.665532E-01
  2.305867E+00 -6.625744E-01 -6.665556E-01
  2.334229E+00 -6.622274E-01 -6.661866E-01
  2.362940E+00 -6.615107E-01 -6.654481E-01
  2.392005E+00 -6.604267E-01 -6.643426E-01
  2.421426E+00 -6.589782E-01 -6.628727E-01
  2.451210E+00 -6.571684E-01 -6.610417E-01
  2.481360E+00 -6.550008E-01 -6.588530E-01
  2.511880E+00 -6.524796E-01 -6.563107E-01
  2.542777E+00 -6.496092E-01 -6.534192E-01
  2.574053E+00 -6.463944E-01 -6.501831E-01
  2.605714E+00 -6.428406E-01 -6.466077E-01
  2.637764E+00 -6.389535E-01 -6.426986E-01
  2.670208E+00 -6.347391E-01 -6.384618E-01
  2.703052E+00 -6.302040E-01 -6.339037E-01
  2.736299E+00 -6.253551E-01 -6.290312E-01
  2.769956E+00 -6.201998E-01 -6.238514E-01
  2.804026E+00 -6.147457E-01 -6.183719E-01
  2.838516E+00 -6.090009E-01 -6.126007E-01
  2.873430E+00 -6.029740E-01 -6.065462E-01
  2.908773E+00 -5.966736E-01 -6.002172E-01
  2.944551E+00 -5.901090E-01 -5.936226E-01
  2.980769E+00 -5.832897E-01 -5.867720E-01
  3.017432E+00 -5.762254E-01 -5.796750E-01
  3.054547E+00 -5.689263E-01 -5.723417E-01
  3.092118E+00 -5.614028E-01 -5.647826E-01
  3.130151E+00 -5.536656E-01 -5.570082E-01
  3.168651E+00 -5.457254E-01 -5.490294E-01
  3.207626E+00 -5.375936E-01 -5.408574E-01
  3.247080E+00 -5.292814E-01 -5.325035E-01
  3.287019E+00 -5.208002E-01 -5.239792E-01
  3.327449E+00 -5.121618E-01 -5.152961E-01
  3.368377E+00 -5.033778E-01 -5.064661E-01
  3.409808E+00 -4.944601E-01 -4.975011E-01
  3.451748E+00 -4.854207E-01 -4.884129E-01
  3.494205E+00 -4.762713E-01 -4.792136E-01
  3.537184E+00 -4.670239E-01 -4.699151E-01
  3.580691E+00 -4.576903E-01 -4.605294E-01
  3.624733E+00 -4.482824E-01 -4.510683E-01
  3.669318E+00 -4.388119E-01 -4.415437E-01
  3.714450E+00 -4.292902E-01 -4.319671E-01
  3.760138E+00 -4.197288E-01 -4.223502E-01
  3.806388E+00 -4.101389E-01 -4.127041E-01
  3.853206E+00 -4.005314E-01 -4.030400E-01
  3.900601E+00 -3.909173E-01 -3.933687E-01
  3.948578E+00 -3.813068E-01 -3.837008E-01
  3.997146E+00 -3.717104E-01 -3.740467E-01
  4.046310E+00 -3.621378E-01 -3.644163E-01
  4.096080E+00 -3.525987E-01 -3.548195E-01
  4.146462E+00 -3.431025E-01 -3.452654E-01
  4.197463E+00 -3.336580E-01 -3.357633E-01
  4.249092E+00 -3.242740E-01 -3.263218E-01
  4.301356E+00 -3.149586E-01 -3.169493E-01
  4.354263E+00 -3.057199E-01 -3.076537E-01
  4.407820E+00 -2.965654E-01 -2.984428E-01
  4.462036E+00 -2.875023E-01 -2.893238E-01
  4.516919E+00 -2.785376E-01 -2.803037E-01
  4.572477E+00 -2.696778E-01 -2.713890E-01
  4.628719E+00 -2.609291E-01 -2.625861E-01
  4.685652E+00 -2.522973E-01 -2.539008E-01
  4.743286E+00 -2.437881E-01 -2.453388E-01
  4.801628E+00 -2.354066E-01 -2.369053E-01
  4.860688E+00 -2.271578E-01 -2.286052E-01
  4.920475E+00 -2.190462E-01 -2.204432E-01
  4.980996E+00 -2.110762E-01 -2.124236E-01
  5.042263E+00 -2.032517E-01 -2.045504E-01
  5.104282E+00 -1.955766E-01 -1.968274E-01
  5.167065E+00 -1.880541E-01 -1.892580E-01
  5.230620E+00 -1.806875E-01 -1.818454E-01
  5.294957E+00 -1.734795E-01 -1.745925E-01
  5.360085E+00 -1.664329E-01 -1.675018E-01
  5.426014E+00 -1.595499E-01 -1.605757E-01
  5.492754E+00 -1.528326E-01 -1.538162E-01
  5.560315E+00 -1.462828E-01 -1.472252E-01
  5.628706E+00 -1.399018E-01 -1.408042E-01
  5.697939E+00 -1.336911E-01 -1.345543E-01
  5.768024E+00 -1.276516E-01 -1.284767E-01
  5.838971E+00 -1.217839E-01 -1.225719E-01
  5.910790E+00 -1.160885E-01 -1.168405E-01
  5.983493E+00 -1.105656E-01 -1.112825E-01
  6.057090E+00 -1.052151E-01 -1.058980E-01
  6.131592E+00 -1.000366E-01 -1.006865E-01
  6.207011E+00 -9.502942E-02 -9.564737E-02
  6.283357E+00 -9.019279E-02 -9.077982E-02
  6.360642E+00 -8.552555E-02 -8.608267E-02
  6.438878E+00 -8.102631E-02 -8.155455E-02
  6.518076E+00 -7.669346E-02 -7.719383E-02
  6.598249E+00 -7.252515E-02 -7.299865E-02
  6.679407E+00 -6.851931E-02 -6.896694E-02
  6.761564E+00 -6.467363E-02 -6.509640E-02
  6.844731E+00 -6.098564E-02 -6.138451E-02
  6.928921E+00 -5.745264E-02 -5.782857E-02
  7.014147E+00 -5.407176E-02 -5.442571E-02
  7.100421E+00 -5.083996E-02 -5.117287E-02
  7.187756E+00 -4.775403E-02 -4.806682E-02
  7.276166E+00 -4.481065E-02 -4.510422E-02
  7.365662E+00 -4.200632E-02 -4.228156E-02
  7.456260E+00 -3.933747E-02 -3.959524E-02
  7.547972E+00 -3.680040E-02 -3.704155E-02
  7.640812E+00 -3.439133E-02 -3.461668E-02
  7.734794E+00 -3.210641E-02 -3.231675E-02
  7.829932E+00 -2.994170E-02 -3.013783E-02
  7.926240E+00 -2.789327E-02 -2.807592E-02
  8.023733E+00 -2.595710E-02 -2.612701E-02
  8.122425E+00 -2.412917E-02 -2.428706E-02
  8.222331E+00 -2.240547E-02 -2.255201E-02
  8.323465E+00 -2.078197E-02 -2.091782E-02
  8.425844E+00 -1.925467E-02 -1.938046E-02
  8.529482E+00 -1.781958E-02 -1.793591E-02
  8.634394E+00 -1.647277E-02 -1.658023E-02
  8.740598E+00 -1.521033E-02 -1.530948E-02
  8.848107E+00 -1.402843E-02 -1.411979E-02
  8.956939E+00 -1.292329E-02 -1.300737E-02
  9.067109E+00 -1.189120E-02 -1.196850E-02
  9.178634E+00 -1.092854E-02 -1.099950E-02
  9.291532E+00 -1.003177E-02 -1.009684E-02
  9.405817E+00 -9.197434E-03 -9.257018E-03
  9.521509E+00 -8.422175E-03 -8.476670E-03
  9.638624E+00 -7.702737E-03 -7.752513E-03
  9.757179E+00 -7.035967E-03 -7.081372E-03
  9.877192E+00 -6.418815E-03 -6.460180E-03
  9.998681E+00 -5.848343E-03 -5.885977E-03
  1.012167E+01 -5.321719E-03 -5.355912E-03
  1.024616E+01 -4.836224E-03 -4.867250E-03
  1.037219E+01 -4.389251E-03 -4.417364E-03
  1.049977E+01 -3.978304E-03 -4.003742E-03
  1.062891E+01 -3.600998E-03 -3.623985E-03
  1.075965E+01 -3.255061E-03 -3.275803E-03
  1.089199E+01 -2.938329E-03 -2.957018E-03
  1.102597E+01 -2.648745E-03 -2.665561E-03
  1.116158E+01 -2.384360E-03 -2.399469E-03
  1.129887E+01 -2.143330E-03 -2.156885E-03
  1.143785E+01 -1.923910E-03 -1.936053E-03
  1.157853E+01 -1.724457E-03 -1.735318E-03
  1.172095E+01 -1.543422E-03 -1.553123E-03
  1.186512E+01 -1.379350E-03 -1.388001E-03
  1.201106E+01 -1.230878E-03 -1.238581E-03
  1.215879E+01 -1.096727E-03 -1.103575E-03
  1.230835E+01 -9.757033E-04 -9.817817E-04
  1.245974E+01 -8.666926E-04 -8.720793E-04
  1.261300E+01 -7.686574E-04 -7.734234E-04
  1.276813E+01 -6.806332E-04 -6.848432E-04
  1.292518E+01 -6.017250E-04 -6.054377E-04
  1.308416E+01 -5.311040E-04 -5.343728E-04
  1.324510E+01 -4.680039E-04 -4.708769E-04
  1.340801E+01 -4.117176E-04 -4.142385E-04
  1.357293E+01 -3.615938E-04 -3.638020E-04
  1.373988E+01 -3.170339E-04 -3.189647E-04
  1.390888E+01 -2.774883E-04 -2.791737E-04
  1.407996E+01 -2.424540E-04 -2.439224E-04
  1.425314E+01 -2.114708E-04 -2.127480E-04
  1.442846E+01 -1.841193E-04 -1.852280E-04
  1.460593E+01 -1.600170E-04 -1.609778E-04
  1.478558E+01 -1.388168E-04 -1.396479E-04
  1.496744E+01 -1.202036E-04 -1.209210E-04
  1.515154E+01 -1.038922E-04 -1.045103E-04
  1.533790E+01 -8.962484E-05 -9.015643E-05
  1.552656E+01 -7.716922E-05 -7.762548E-05
  1.571754E+01 -6.631626E-05 -6.670709E-05
  1.591086E+01 -5.687823E-05 -5.721233E-05
  1.610657E+01 -4.868688E-05 -4.897191E-05
  1.630468E+01 -4.159174E-05 -4.183441E-05
  1.650522E+01 -3.545856E-05 -3.566473E-05
  1.670824E+01 -3.016777E-05 -3.034256E-05
  1.691375E+01 -2.561312E-05 -2.576100E-05
  1.712179E+01 -2.170041E-05 -2.182525E-05
  1.733239E+01 -1.834631E-05 -1.845146E-05
  1.754558E+01 -1.547722E-05 -1.556561E-05
  1.776139E+01 -1.302836E-05 -1.310248E-05
  1.797985E+01 -1.094278E-05 -1.100479E-05
  1.820100E+01 -9.170523E-06 -9.222289E-06
  1.842488E+01 -7.667925E-06 -7.711038E-06
  1.865150E+01 -6.396858E-06 -6.432679E-06
  1.888092E+01 -5.324127E-06 -5.353819E-06
  1.911315E+01 -4.420899E-06 -4.445452E-06
  1.934824E+01 -3.662189E-06 -3.682441E-06
  1.958623E+01 -3.026398E-06 -3.043062E-06
  1.982714E+01 -2.494901E-06 -2.508579E-06
  2.007101E+01 -2.051680E-06 -2.062879E-06
  2.031788E+01 -1.682995E-06 -1.692139E-06
  2.056779E+01 -1.377080E-06 -1.384528E-06
  2.082078E+01 -1.123895E-06 -1.129945E-06
  2.107687E+01 -9.148889E-07 -9.197907E-07
  2.133612E+01 -7.428026E-07 -7.467633E-07
  2.159855E+01 -6.014879E-07 -6.046794E-07
  2.186421E+01 -4.857520E-07 -4.883166E-07
  2.213314E+01 -3.912210E-07 -3.932760E-07
  2.240538E+01 -3.142209E-07 -3.158630E-07
  2.268097E+01 -2.516742E-07 -2.529825E-07
  2.295994E+01 -2.010101E-07 -2.020495E-07
  2.324235E+01 -1.600876E-07 -1.609109E-07
  2.352823E+01 -1.271286E-07 -1.277787E-07
  2.381763E+01 -1.006603E-07 -1.011722E-07
  2.411059E+01 -7.946718E-08 -7.986901E-08
  2.440715E+01 -6.254833E-08 -6.286277E-08
  2.470735E+01 -4.908243E-08 -4.932772E-08
  2.501126E+01 -3.839747E-08 -3.858821E-08
  2.531889E+01 -2.994532E-08 -3.009315E-08
  2.563032E+01 -2.328029E-08 -2.339450E-08
  2.594557E+01 -1.804114E-08 -1.812909E-08
  2.626470E+01 -1.393602E-08 -1.400352E-08
  2.658776E+01 -1.072990E-08 -1.078153E-08
  2.691478E+01 -8.234119E-09 -8.273472E-09
  2.724584E+01 -6.297748E-09 -6.327641E-09
  2.758096E+01 -4.800455E-09 -4.823082E-09
  2.792021E+01 -3.646618E-09 -3.663684E-09
  2.826362E+01 -2.760517E-09 -2.773343E-09
  2.861127E+01 -2.082402E-09 -2.092006E-09
  2.896319E+01 -1.565286E-09 -1.572451E-09
  2.931943E+01 -1.172354E-09 -1.177679E-09
  2.968006E+01 -8.748639E-10 -8.788067E-10
  3.004513E+01 -6.504583E-10 -6.533663E-10
  3.041468E+01 -4.818100E-10 -4.839465E-10
  3.078878E+01 -3.555408E-10 -3.571044E-10
  3.116748E+01 -2.613607E-10 -2.625004E-10
  3.155084E+01 -1.913850E-10 -1.922123E-10
  3.193892E+01 -1.395954E-10 -1.401935E-10
  3.233177E+01 -1.014167E-10 -1.018473E-10
  3.272945E+01 -7.338394E-11 -7.369267E-11
  3.313202E+01 -5.288405E-11 -5.310445E-11
  3.353955E+01 -3.795409E-11 -3.811075E-11
  3.395208E+01 -2.712567E-11 -2.723654E-11
  3.436969E+01 -1.930493E-11 -1.938304E-11
  3.479244E+01 -1.368040E-11 -1.373519E-11
  3.522039E+01 -9.652720E-12 -9.690970E-12
  3.565360E+01 -6.781057E-12 -6.807640E-12
  3.609214E+01 -4.742622E-12 -4.761010E-12
  3.653607E+01 -3.302092E-12 -3.314752E-12
  3.698546E+01 -2.288681E-12 -2.297355E-12
  3.744039E+01 -1.579001E-12 -1.584915E-12
  3.790090E+01 -1.084317E-12 -1.088329E-12
  3.836708E+01 -7.411071E-13 -7.438156E-13
  3.883900E+01 -5.041176E-13 -5.059367E-13
  3.931672E+01 -3.412581E-13 -3.424736E-13
  3.980031E+01 -2.298839E-13 -2.306918E-13
  4.028986E+01 -1.540927E-13 -1.546269E-13
  4.078542E+01 -1.027725E-13 -1.031238E-13
  4.128708E+01 -6.819715E-14 -6.842692E-14
  4.179491E+01 -4.502177E-14 -4.517122E-14
  4.230899E+01 -2.956775E-14 -2.966442E-14
  4.282939E+01 -1.931636E-14 -1.937853E-14
  4.335619E+01 -1.255207E-14 -1.259183E-14
  4.388948E+01 -8.112592E-15 -8.137864E-15
  4.442932E+01 -5.214696E-15 -5.230666E-15
  4.497580E+01 -3.333451E-15 -3.343481E-15
  4.552900E+01 -2.118970E-15 -2.125232E-15
  4.608901E+01 -1.339341E-15 -1.343225E-15
  4.665590E+01 -8.417096E-16 -8.441044E-16
  4.722977E+01 -5.259050E-16 -5.273719E-16
  4.781069E+01 -3.266591E-16 -3.275517E-16
  4.839877E+01 -2.016939E-16 -2.022335E-16
  4.899407E+01 -1.237853E-16 -1.241093E-16
  4.959670E+01 -7.550780E-17 -7.570096E-17
  5.020674E+01 -4.577465E-17 -4.588900E-17
  5.082428E+01 -2.757715E-17 -2.764434E-17
  5.144942E+01  0.000000E+00 -1.305695E-17
  5.208225E+01  0.000000E+00 -2.376657E-12
  5.272286E+01  0.000000E+00 -1.618412E-12
  5.337135E+01  0.000000E+00 -1.096607E-12
  5.402782E+01  0.000000E+00 -7.393087E-13
  5.469236E+01  0.000000E+00 -4.958908E-13
  5.536507E+01  0.000000E+00 -3.309058E-13
  5.604606E+01  0.000000E+00 -2.196612E-13
  5.673543E+01  0.000000E+00 -1.450456E-13
  5.743328E+01  0.000000E+00 -9.526416E-14
  5.813971E+01  0.000000E+00 -6.222998E-14
  5.885482E+01  0.000000E+00 -4.042832E-14
  5.957874E+01  0.000000E+00 -2.611909E-14
  6.031156E+01  0.000000E+00 -1.677980E-14
  6.105339E+01  0.000000E+00 -1.071869E-14
  6.180435E+01  0.000000E+00 -6.807566E-15
  6.256454E+01  0.000000E+00 -4.298395E-15
  6.333408E+01  0.000000E+00 -2.698072E-15
  6.411309E+01  0.000000E+00 -1.683455E-15
  6.490168E+01  0.000000E+00 -1.044042E-15
  6.569997E+01  0.000000E+00 -6.435324E-16
  6.650808E+01  0.000000E+00 -3.942079E-16
  6.732613E+01  0.000000E+00 -2.399658E-16
  6.815425E+01  0.000000E+00 -1.451471E-16
  6.899254E+01  0.000000E+00 -8.723037E-17
  6.984115E+01  0.000000E+00 -5.208262E-17
  7.070020E+01  0.000000E+00 -3.089216E-17
  7.156981E+01  0.000000E+00 -1.820113E-17
  7.245012E+01  0.000000E+00 -1.065145E-17
  7.334125E+01  0.000000E+00 -6.190708E-18
  7.424335E+01  0.000000E+00 -3.573460E-18
  7.515655E+01  0.000000E+00  0.000000E+00
  7.608097E+01  0.000000E+00  0.000000E+00
  7.701677E+01  0.000000E+00  0.000000E+00
  7.796407E+01  0.000000E+00  0.000000E+00
  7.892303E+01  0.000000E+00  0.000000E+00
  7.989378E+01  0.000000E+00  0.000000E+00
