  2.403846153846200E-004  0.164693286461155     
  2.433413461538500E-004  0.164693293765163     
  2.463344447115400E-004  0.164693301249955     
  2.493643583814900E-004  0.164693308920005     
  2.524315399895800E-004  0.164693316889350     
  2.555364479314500E-004  0.164693325385265     
  2.586795462410100E-004  0.164693334359103     
  2.618613046597800E-004  0.164693343830693     
  2.650821987070900E-004  0.164693353809072     
  2.683427097511900E-004  0.164693364303448     
  2.716433250811300E-004  0.164693375323338     
  2.749845379796300E-004  0.164693386878515     
  2.783668477967800E-004  0.164693398979044     
  2.817907600246800E-004  0.164693411635272     
  2.852567863729800E-004  0.164693424857845     
  2.887654448453700E-004  0.164693438657696     
  2.923172598169600E-004  0.164693453046095     
  2.959127621127100E-004  0.164693468034589     
  2.995524890867000E-004  0.164693483635077     
  3.032369847024700E-004  0.164693499859782     
  3.069667996143100E-004  0.164693516721267     
  3.107424912495600E-004  0.164693534232439     
  3.145646238919300E-004  0.164693552406547     
  3.184337687658000E-004  0.164693571257219     
  3.223505041216200E-004  0.164693590798447     
  3.263154153223200E-004  0.164693611044601     
  3.303290949307800E-004  0.164693632010457     
  3.343921427984300E-004  0.164693653711160     
  3.385051661548500E-004  0.164693676162287     
  3.426687796985600E-004  0.164693699379814     
  3.468836056888500E-004  0.164693723380169     
  3.511502740388200E-004  0.164693748180194     
  3.554694224095000E-004  0.164693773797182     
  3.598416963051400E-004  0.164693800248894     
  3.642677491696900E-004  0.164693827553564     
  3.687482424844800E-004  0.164693855729887     
  3.732838458670400E-004  0.164693884797071     
  3.778752371712000E-004  0.164693914774824     
  3.825231025884100E-004  0.164693945683352     
  3.872281367502400E-004  0.164693977543425     
  3.919910428322700E-004  0.164694010376315     
  3.968125326591100E-004  0.164694044203875     
  4.016933268108100E-004  0.164694079048530     
  4.066341547305900E-004  0.164694114933255     
  4.116357548337700E-004  0.164694151881665     
  4.166988746182300E-004  0.164694189917943     
  4.218242707760300E-004  0.164694229066934     
  4.270127093065800E-004  0.164694269354090     
  4.322649656310500E-004  0.164694310805549     
  4.375818247083100E-004  0.164694353448102     
  4.429640811522200E-004  0.164694397309234     
  4.484125393504000E-004  0.164694442417127     
  4.539280135844100E-004  0.164694488800705     
  4.595113281514900E-004  0.164694536489622     
  4.651633174877600E-004  0.164694585514269     
  4.708848262928600E-004  0.164694635905847     
  4.766767096562600E-004  0.164694687696335     
  4.825398331850300E-004  0.164694740918527     
  4.884750731332100E-004  0.164694795606050     
  4.944833165327500E-004  0.164694851793396     
  5.005654613260999E-004  0.164694909515926     
  5.067224165004100E-004  0.164694968809896     
  5.129551022233600E-004  0.164695029712489     
  5.192644499807100E-004  0.164695092261817     
  5.256514027154700E-004  0.164695156496974     
  5.321169149688700E-004  0.164695222458030     
  5.386619530229900E-004  0.164695290186071     
  5.452874950451700E-004  0.164695359723229     
  5.519945312342300E-004  0.164695431112684     
  5.587840639684100E-004  0.164695504398721     
  5.656571079552200E-004  0.164695579626732     
  5.726146903830700E-004  0.164695656843253     
  5.796578510747800E-004  0.164695736095997     
  5.867876426430000E-004  0.164695817433872     
  5.940051306475101E-004  0.164695900907018     
  6.013113937544800E-004  0.164695986566836     
  6.087075238976600E-004  0.164696074466023     
  6.161946264416000E-004  0.164696164658593     
  6.237738203468300E-004  0.164696257199918     
  6.314462383371000E-004  0.164696352146755     
  6.392130270686400E-004  0.164696449557299     
  6.470753473015900E-004  0.164696549491181     
  6.550343740734001E-004  0.164696652009548     
  6.630912968745000E-004  0.164696757175070     
  6.712473198260500E-004  0.164696865051987     
  6.795036618599200E-004  0.164696975706137     
  6.878615569007900E-004  0.164697089205031     
  6.963222540506700E-004  0.164697205617842     
  7.048870177755000E-004  0.164697325015484     
  7.135571280941300E-004  0.164697447470657     
  7.223338807696900E-004  0.164697573057851     
  7.312185875031600E-004  0.164697701853439     
  7.402125761294500E-004  0.164697833935695     
  7.493171908158400E-004  0.164697969384849     
  7.585337922628700E-004  0.164698108283134     
  7.678637579077100E-004  0.164698250714829     
  7.773084821299701E-004  0.164698396766334     
  7.868693764601700E-004  0.164698546526185     
  7.965478697906300E-004  0.164698700085142     
  8.063454085890600E-004  0.164698857536219     
  8.162634571146999E-004  0.164699018974761     
  8.263034976372100E-004  0.164699184498480     
  8.364670306581500E-004  0.164699354207527     
  8.467555751352500E-004  0.164699528204552     
  8.571706687094100E-004  0.164699706594767     
  8.677138679345300E-004  0.164699889486001     
  8.783867485101300E-004  0.164700076988765     
  8.891909055168000E-004  0.164700269216338     
  9.001279536546600E-004  0.164700466284808     
  9.111995274846100E-004  0.164700668313164     
  9.224072816726700E-004  0.164700875423353     
  9.337528912372499E-004  0.164701087740359     
  9.452380517994700E-004  0.164701305392288     
  9.568644798366000E-004  0.164701528510428     
  9.686339129385900E-004  0.164701757229336     
  9.805481100677300E-004  0.164701991686925     
  9.926088518215700E-004  0.164702232024532     
  1.004817940699000E-003  0.164702478387020     
  1.017177201369600E-003  0.164702730922870     
  1.029688480946400E-003  0.164702989784257     
  1.042353649262100E-003  0.164703255127085     
  1.055174599148000E-003  0.164703527111252     
  1.068153246717500E-003  0.164703805900544     
  1.081291531652100E-003  0.164704091662859     
  1.094591417491400E-003  0.164704384570265     
  1.108054891926600E-003  0.164704684799098     
  1.121683967097300E-003  0.164704992530143     
  1.135480679892600E-003  0.164705307948630     
  1.149447092255300E-003  0.164705631244410     
  1.163585291490000E-003  0.164705962612089     
  1.177897390575300E-003  0.164706302251073     
  1.192385528479400E-003  0.164706650365744     
  1.207051870479700E-003  0.164707007165603     
  1.221898608486600E-003  0.164707372865339     
  1.236927961371000E-003  0.164707747684989     
  1.252142175295900E-003  0.164708131850071     
  1.267543524052000E-003  0.164708525591745     
  1.283134309397800E-003  0.164708929146880     
  1.298916861403400E-003  0.164709342758255     
  1.314893538798700E-003  0.164709766674709     
  1.331066729325900E-003  0.164710201151297     
  1.347438850096600E-003  0.164710646449385     
  1.364012347952800E-003  0.164711102836866     
  1.380789699832600E-003  0.164711570588322     
  1.397773413140600E-003  0.164712049985134     
  1.414966026122200E-003  0.164712541315763     
  1.432370108243500E-003  0.164713044875786     
  1.449988260574900E-003  0.164713560968180     
  1.467823116180000E-003  0.164714089903465     
  1.485877340509000E-003  0.164714631999916     
  1.504153631797200E-003  0.164715187583730     
  1.522654721468300E-003  0.164715756989212     
  1.541383374542400E-003  0.164716340559025     
  1.560342390049300E-003  0.164716938644389     
  1.579534601446900E-003  0.164717551605274     
  1.598962877044700E-003  0.164718179810612     
  1.618630120432300E-003  0.164718823638564     
  1.638539270913600E-003  0.164719483476692     
  1.658693303945900E-003  0.164720159722236     
  1.679095231584400E-003  0.164720852782398     
  1.699748102932900E-003  0.164721563074474     
  1.720655004599000E-003  0.164722291026217     
  1.741819061155600E-003  0.164723037076051     
  1.763243435607800E-003  0.164723801673357     
  1.784931329865700E-003  0.164724585278734     
  1.806885985223100E-003  0.164725388364246     
  1.829110682841300E-003  0.164726211413830     
  1.851608744240300E-003  0.164727054923438     
  1.874383531794400E-003  0.164727919401490     
  1.897438449235500E-003  0.164728805369044     
  1.920776942161100E-003  0.164729713360239     
  1.944402498549700E-003  0.164730643922547     
  1.968318649281800E-003  0.164731597617157     
  1.992528968668000E-003  0.164732575019252     
  2.017037074982600E-003  0.164733576718461     
  2.041846631004900E-003  0.164734603319136     
  2.066961344566300E-003  0.164735655440772     
  2.092384969104400E-003  0.164736733718398     
  2.118121304224400E-003  0.164737838802897     
  2.144174196266400E-003  0.164738971361497     
  2.170547538880500E-003  0.164740132078146     
  2.197245273608700E-003  0.164741321653933     
  2.224271390474100E-003  0.164742540807505     
  2.251629928576900E-003  0.164743790275560     
  2.279324976698400E-003  0.164745070813253     
  2.307360673911800E-003  0.164746383194702     
  2.335741210200900E-003  0.164747728213456     
  2.364470827086400E-003  0.164749106682974     
  2.393553818259500E-003  0.164750519437174     
  2.422994530224100E-003  0.164751967330878     
  2.452797362945900E-003  0.164753451240423     
  2.482966770510100E-003  0.164754972064178     
  2.513507261787400E-003  0.164756530723073     
  2.544423401107400E-003  0.164758128161227     
  2.575719808941000E-003  0.164759765346510     
  2.607401162591000E-003  0.164761443271136     
  2.639472196890900E-003  0.164763162952320     
  2.671937704912600E-003  0.164764925432900     
  2.704802538683000E-003  0.164766731781965     
  2.738071609908800E-003  0.164768583095563     
  2.771749890710700E-003  0.164770480497375     
  2.805842414366500E-003  0.164772425139425     
  2.840354276063200E-003  0.164774418202814     
  2.875290633658700E-003  0.164776460898443     
  2.910656708452700E-003  0.164778554467773     
  2.946457785966700E-003  0.164780700183645     
  2.982699216734100E-003  0.164782899351062     
  3.019386417099900E-003  0.164785153308015     
  3.056524870030300E-003  0.164787463426312     
  3.094120125931600E-003  0.164789831112509     
  3.132177803480600E-003  0.164792257808706     
  3.170703590463400E-003  0.164794744993560     
  3.209703244626100E-003  0.164797294183158     
  3.249182594535000E-003  0.164799906932012     
  3.289147540447800E-003  0.164802584834038     
  3.329604055195300E-003  0.164805329523581     
  3.370558185074200E-003  0.164808142676443     
  3.412016050750600E-003  0.164811026010967     
  3.453983848174800E-003  0.164813981289128     
  3.496467849507400E-003  0.164817010317648     
  3.539474404056300E-003  0.164820114949192     
  3.583009939226200E-003  0.164823297083501     
  3.627080961478700E-003  0.164826558668650     
  3.671694057304900E-003  0.164829901702283     
  3.716855894209700E-003  0.164833328232902     
  3.762573221708500E-003  0.164836840361159     
  3.808852872335500E-003  0.164840440241251     
  3.855701762665300E-003  0.164844130082257     
  3.903126894346000E-003  0.164847912149620     
  3.951135355146500E-003  0.164851788766525     
  3.999734320014800E-003  0.164855762315480     
  4.048931052151000E-003  0.164859835239798     
  4.098732904092400E-003  0.164864010045203     
  4.149147318812800E-003  0.164868289301413     
  4.200181830834200E-003  0.164872675643854     
  4.251844067353400E-003  0.164877171775316     
  4.304141749381900E-003  0.164881780467701     
  4.357082692899300E-003  0.164886504563857     
  4.410674810021900E-003  0.164891346979374     
  4.464926110185200E-003  0.164896310704473     
  4.519844701340500E-003  0.164901398805965     
  4.575438791167000E-003  0.164906614429214     
  4.631716688298300E-003  0.164911960800176     
  4.688686803564400E-003  0.164917441227469     
  4.746357651248200E-003  0.164923059104542     
  4.804737850358600E-003  0.164928817911829     
  4.863836125918000E-003  0.164934721219032     
  4.923661310266800E-003  0.164940772687392     
  4.984222344383100E-003  0.164946976072068     
  5.045528279219000E-003  0.164953335224547     
  5.107588277053400E-003  0.164959854095121     
  5.170411612861100E-003  0.164966536735432     
  5.234007675699300E-003  0.164973387301058     
  5.298385970110400E-003  0.164980410054192     
  5.363556117542800E-003  0.164987609366356     
  5.429527857788600E-003  0.164994989721206     
  5.496311050439400E-003  0.165002555717376     
  5.563915676359800E-003  0.165010312071410     
  5.632351839179000E-003  0.165018263620755     
  5.701629766800900E-003  0.165026415326822     
  5.771759812932600E-003  0.165034772278122     
  5.842752458631600E-003  0.165043339693480     
  5.914618313872800E-003  0.165052122925281     
  5.987368119133400E-003  0.165061127462862     
  6.061012746998800E-003  0.165070358935899     
  6.135563203786900E-003  0.165079823117939     
  6.211030631193400E-003  0.165089525929956     
  6.287426307957100E-003  0.165099473443993     
  6.364761651545000E-003  0.165109671886922     
  6.443048219859000E-003  0.165120127644231     
  6.522297712963300E-003  0.165130847263914     
  6.602521974832700E-003  0.165141837460446     
  6.683732995123100E-003  0.165153105118814     
  6.765942910963200E-003  0.165164657298654     
  6.849164008768000E-003  0.165176501238480     
  6.933408726075800E-003  0.165188644359938     
  7.018689653406600E-003  0.165201094272200     
  7.105019536143500E-003  0.165213858776439     
  7.192411276438000E-003  0.165226945870345     
  7.280877935138200E-003  0.165240363752755     
  7.370432733740400E-003  0.165254120828385     
  7.461089056365400E-003  0.165268225712612     
  7.552860451758700E-003  0.165282687236360     
  7.645760635315400E-003  0.165297514451081     
  7.739803491129700E-003  0.165312716633818     
  7.835003074070600E-003  0.165328303292336     
  7.931373611881700E-003  0.165344284170390     
  8.028929507307899E-003  0.165360669253045     
  8.127685340247701E-003  0.165377468772115     
  8.227655869932800E-003  0.165394693211659     
  8.328856037133001E-003  0.165412353313634     
  8.431300966389700E-003  0.165430460083597     
  8.535005968276299E-003  0.165449024796520     
  8.639986541686099E-003  0.165468059002724     
  8.746258376148799E-003  0.165487574533911     
  8.853837354175500E-003  0.165507583509290     
  8.962739553631799E-003  0.165528098341862     
  9.072981250141500E-003  0.165549131744756     
  9.184578919518200E-003  0.165570696737760     
  9.297549240228299E-003  0.165592806653917     
  9.411909095883100E-003  0.165615475146305     
  9.527675577762500E-003  0.165638716194913     
  9.644865987369000E-003  0.165662544113698     
  9.763497839013599E-003  0.165686973557767     
  9.883588862433500E-003  0.165712019530733     
  1.000515700544100E-002  0.165737697392255     
  1.012822043660800E-002  0.165764022865668     
  1.025279754797900E-002  0.165791012045945     
  1.037890695781900E-002  0.165818681407796     
  1.050656751340000E-002  0.165847047813825     
  1.063579829381500E-002  0.165876128523122     
  1.076661861282900E-002  0.165905941199999     
  1.089904802176600E-002  0.165936503922942     
  1.103310631243400E-002  0.165967835193739     
  1.116881352007700E-002  0.165999953947142     
  1.130618992637400E-002  0.166032879560488     
  1.144525606246800E-002  0.166066631863815     
  1.158603271203700E-002  0.166101231150148     
  1.172854091439500E-002  0.166136698186328     
  1.187280196764200E-002  0.166173054223859     
  1.201883743184400E-002  0.166210321010367     
  1.216666913225600E-002  0.166248520801306     
  1.231631916258200E-002  0.166287676372113     
  1.246780988828200E-002  0.166327811030589     
  1.262116394990800E-002  0.166368948629987     
  1.277640426649200E-002  0.166411113582252     
  1.293355403897000E-002  0.166454330871850     
  1.309263675364900E-002  0.166498626070029     
  1.325367618571900E-002  0.166544025349512     
  1.341669640280300E-002  0.166590555499800     
  1.358172176855800E-002  0.166638243942813     
  1.374877694631100E-002  0.166687118749282     
  1.391788690275100E-002  0.166737208655414     
  1.408907691165400E-002  0.166788543080407     
  1.426237255766800E-002  0.166841152144219     
  1.443779974012700E-002  0.166895066686329     
  1.461538467693100E-002  0.166950318284675     
  1.479515390845700E-002  0.167006939275595     
  1.497713430153100E-002  0.167064962774128     
  1.516135305344000E-002  0.167124422695166     
  1.534783769599700E-002  0.167185353775213     
  1.553661609965800E-002  0.167247791594786     
  1.572771647768400E-002  0.167311772601663     
  1.592116739035900E-002  0.167377334134748     
  1.611699774926100E-002  0.167444514448674     
  1.631523682157600E-002  0.167513352739363     
  1.651591423448200E-002  0.167583889170034     
  1.671905997956600E-002  0.167656164898441     
  1.692470441731500E-002  0.167730222104534     
  1.713287828164800E-002  0.167806104019267     
  1.734361268451200E-002  0.167883854954102     
  1.755693912053100E-002  0.167963520331470     
  1.777288947171400E-002  0.168045146716120     
  1.799149601221600E-002  0.168128781847487     
  1.821279141316600E-002  0.168214474672869     
  1.843680874754800E-002  0.168302275381702     
  1.866358149514300E-002  0.168392235440830     
  1.889314354753300E-002  0.168484407630790     
  1.912552921316800E-002  0.168578846083132     
  1.936077322249000E-002  0.168675606318928     
  1.959891073312700E-002  0.168774745288281     
  1.983997733514400E-002  0.168876321411107     
  2.008400905636600E-002  0.168980394618967     
  2.033104236776000E-002  0.169087026398241     
  2.058111418888300E-002  0.169196279834538     
  2.083426189340600E-002  0.169308219658264     
  2.109052331469500E-002  0.169422912291678     
  2.134993675146600E-002  0.169540425897236     
  2.161254097350900E-002  0.169660830427343     
  2.187837522748300E-002  0.169784197675537     
  2.214747924278100E-002  0.169910601329193     
  2.241989323746700E-002  0.170040117023753     
  2.269565792428800E-002  0.170172822398510     
  2.297481451675700E-002  0.170308797154075     
  2.325740473531300E-002  0.170448123111479     
  2.354347081355700E-002  0.170590884273018     
  2.383305550456400E-002  0.170737166884897     
  2.412620208727000E-002  0.170887059501755     
  2.442295437294400E-002  0.171040653053015     
  2.472335671173100E-002  0.171198040911317     
  2.502745399928500E-002  0.171359318962862     
  2.533529168347600E-002  0.171524585679966     
  2.564691577118300E-002  0.171693942195736     
  2.596237283516900E-002  0.171867492381022     
  2.628171002104100E-002  0.172045342923690     
  2.660497505430000E-002  0.172227603410242     
  2.693221624746800E-002  0.172414386410056     
  2.726348250731200E-002  0.172605807562087     
  2.759882334215200E-002  0.172801985664296     
  2.793828886926000E-002  0.173003042765835     
  2.828192982235200E-002  0.173209104262072     
  2.862979755916700E-002  0.173420298992645     
  2.898194406914500E-002  0.173636759342529     
  2.933842198119500E-002  0.173858621346342     
  2.969928457156400E-002  0.174086024795895     
  3.006458577179400E-002  0.174319113351282     
  3.043438017678700E-002  0.174558034655402     
  3.080872305296200E-002  0.174802940452273     
  3.118767034651300E-002  0.175053986709153     
  3.157127869177500E-002  0.175311333742588     
  3.195960541968400E-002  0.175575146348681     
  3.235270856634600E-002  0.175845593937599     
  3.275064688171200E-002  0.176122850672538     
  3.315347983835700E-002  0.176407095613349     
  3.356126764036900E-002  0.176698512864947     
  3.397407123234600E-002  0.176997291730756     
  3.439195230850400E-002  0.177303626871335     
  3.481497332189800E-002  0.177617718468415     
  3.524319749375800E-002  0.177939772394542     
  3.567668882293100E-002  0.178270000388661     
  3.611551209545300E-002  0.178608620237647     
  3.655973289422700E-002  0.178955855964298     
  3.700941760882600E-002  0.179311938021846     
  3.746463344541400E-002  0.179677103495372     
  3.792544843679300E-002  0.180051596310320     
  3.839193145256600E-002  0.180435667448527     
  3.886415220943200E-002  0.180829575171934     
  3.934218128160800E-002  0.181233585254367     
  3.982609011137200E-002  0.181647971221796     
  4.031595101974200E-002  0.182073014601296     
  4.081183721728500E-002  0.182509005179151     
  4.131382281505700E-002  0.182956241268505     
  4.182198283568200E-002  0.183415029986885     
  4.233639322456100E-002  0.183885687544137     
  4.285713086122300E-002  0.184368539541113     
  4.338427357081600E-002  0.184863921279612     
  4.391790013573800E-002  0.185372178084078     
  4.445809030740700E-002  0.185893665635587     
  4.500492481818800E-002  0.186428750318508     
  4.555848539345200E-002  0.186977809580648     
  4.611885476379100E-002  0.187541232307257     
  4.668611667738600E-002  0.188119419209562     
  4.726035591251800E-002  0.188712783228564     
  4.784165829024200E-002  0.189321749954636     
  4.843011068721200E-002  0.189946758063730     
  4.902580104866400E-002  0.190588259770908     
  4.962881840156300E-002  0.191246721301930     
  5.023925286790200E-002  0.191922623383849     
  5.085719567817700E-002  0.192616461755269     
  5.148273918501900E-002  0.193328747697363     
  5.211597687699500E-002  0.194060008586492     
  5.275700339258200E-002  0.194810788469424     
  5.340591453431100E-002  0.195581648662221     
  5.406280728308300E-002  0.196373168373897     
  5.472777981266500E-002  0.197185945355950     
  5.540093150436000E-002  0.198020596579043     
  5.608236296186400E-002  0.198877758938021     
  5.677217602629500E-002  0.199758089986718     
  5.747047379141800E-002  0.200662268703819     
  5.817736061905300E-002  0.201590996291336     
  5.889294215466700E-002  0.202544997007287     
  5.961732534316900E-002  0.203525019034064     
  6.035061844489000E-002  0.204531835384376     
  6.109293105176300E-002  0.205566244846456     
  6.184437410369900E-002  0.206629072970504     
  6.260505990517500E-002  0.207721173098254     
  6.337510214200801E-002  0.208843427437963     
  6.415461589835500E-002  0.209996748186797     
  6.494371767390500E-002  0.211182078703174     
  6.574252540129399E-002  0.212400394731341     
  6.655115846373000E-002  0.213652705680871     
  6.736973771283400E-002  0.214940055963778     
  6.819838548670200E-002  0.216263526392107     
  6.903722562818800E-002  0.217624235639040     
  6.988638350341500E-002  0.219023341766671     
  7.074598602050700E-002  0.220462043823869     
  7.161616164855900E-002  0.221941583517690     
  7.249704043683600E-002  0.223463246962119     
  7.338875403420900E-002  0.225028366508063     
  7.429143570883000E-002  0.226638322658737     
  7.520522036804900E-002  0.228294546074814     
  7.613024457857601E-002  0.229998519673964     
  7.706664658689200E-002  0.231751780829618     
  7.801456633991100E-002  0.233555923674122     
  7.897414550589200E-002  0.235412601511707     
  7.994552749561400E-002  0.237323529346928     
  8.092885748381000E-002  0.239290486534665     
  8.192428243086100E-002  0.241315319558038     
  8.293195110476100E-002  0.243399944940946     
  8.395201410334900E-002  0.245546352302333     
  8.498462387682100E-002  0.247756607559647     
  8.602993475050499E-002  0.250032856289504     
  8.708810294793699E-002  0.252377327253723     
  8.815928661419600E-002  0.254792336099807     
  8.924364583955099E-002  0.257280289244931     
  9.034134268337700E-002  0.259843687953525     
  9.145254119838300E-002  0.262485132618654     
  9.257740745512300E-002  0.265207327258362     
  9.371610956682100E-002  0.268013084238446     
  9.486881771449300E-002  0.270905329234055     
  9.603570417238100E-002  0.273887106443029     
  9.721694333370100E-002  0.276961584064686     
  9.841271173670600E-002  0.280132060058586     
  9.962318809106700E-002  0.283401968198589     
  0.100848553304590       0.286774884438320     
  0.102088990510230       0.290254533605418     
  0.103344685093510       0.293844796442065     
  0.104615824720160       0.297549717012016     
  0.105902599364220       0.301373510493002     
  0.107205201336400       0.305320571377080     
  0.108523825312840       0.309395482100786     
  0.109858668364180       0.313603022129506     
  0.111209929985060       0.317948177520726     
  0.112577812123880       0.322436150993853     
  0.113962519213000       0.327072372533890     
  0.115364258199320       0.331862510559202     
  0.116783238575170       0.336812483685393     
  0.118219672409650       0.341928473117906     
  0.119673774380290       0.347216935709422     
  0.121145761805170       0.352684617718595     
  0.122635854675370       0.358338569310321     
  0.124144275687880       0.364186159838506     
  0.125671250278840       0.370235093956147     
  0.127217006657270       0.376493428598346     
  0.128781775839150       0.382969590888267     
  0.130365791681970       0.389672397017265     
  0.131969290919660       0.396611072154588     
  0.133592513197970       0.403795271444146     
  0.135235701110310       0.411235102149443     
  0.136899100233960       0.418941147011720     
  0.138582959166840       0.426924488888267     
  0.140287529564590       0.435196736744229     
  0.142013066178240       0.443770053071931     
  0.143759826892230       0.452657182819034     
  0.145528072763010       0.461871483908236     
  0.147318068057990       0.471426959438575     
  0.149130080295100       0.481338291660034     
  0.150964380282730       0.491620877821120     
  0.152821242160210       0.502290867991760     
  0.154700943438780       0.513365204970490     
  0.156603765043080       0.524861666389933     
  0.158529991353110       0.536798909140862     
  0.160479910246750       0.549196516240145     
  0.162453813142790       0.562075046274967     
  0.164451995044440       0.575456085561971     
  0.166474754583490       0.589362303165131     
  0.168522394064870       0.603817508925779     
  0.170595219511860       0.618846714661682     
  0.172693540711860       0.634476198701423     
  0.174817671262620       0.650733573927654     
  0.176967928619150       0.667647859507732     
  0.179144634141160       0.685249556500260     
  0.181348113141100       0.703570727531832     
  0.183578694932730       0.722645080746692     
  0.185836712880410       0.742508058237308     
  0.188122504448840       0.763196929174572     
  0.190436411253560       0.784750887858809     
  0.192778779111970       0.807211156923788     
  0.195149958095050       0.830621095928898     
  0.197550302579620       0.855026315583327     
  0.199980171301350       0.880474797848238     
  0.202439927408360       0.907017022170603     
  0.204929938515480       0.934706098104102     
  0.207450576759220       0.963597904575273     
  0.210002218853360       0.993751236055732     
  0.212585246145260        1.02522795589954     
  0.215200044672840        1.05809315710437     
  0.217847005222320        1.09241533075012     
  0.220526523386550        1.12826654236514     
  0.223238999624210        1.16572261645717     
  0.225984839319580        1.20486332944041     
  0.228764452843220        1.24577261116851     
  0.231578255613190        1.28853875527198     
  0.234426668157230        1.33325463846679     
  0.237310116175560        1.38001794898109     
  0.240229030604520        1.42893142420714     
  0.243183847680960        1.48010309764898     
  0.246175009007430        1.53364655518804     
  0.249202961618230        1.58968120063370     
  0.252268158046130        1.64833253046552     
  0.255371056390100        1.70973241759415     
  0.258512120383700        1.77401940389221     
  0.261691819464410        1.84133900114254     
  0.264910628843830        1.91184399994618     
  0.268169029578610        1.98569478600942     
  0.271467508642420        2.06305966308236     
  0.274806558998720        2.14411518167116     
  0.278186679674410        2.22904647246342     
  0.281608375834400        2.31804758320731     
  0.285072158857170        2.41132181756136     
  0.288578546411110        2.50908207418766     
  0.292128062531970        2.61155118407553     
  0.295721237701110        2.71896224378660     
  0.299358608924830        2.83155894196204     
  0.303040719814610        2.94959587606586     
  0.306768120668330        3.07333885592122     
  0.310541368552550        3.20306519014309     
  0.314361027385750        3.33906395107902     
  0.318227668022590        3.48163621332573     
  0.322141868339270        3.63109526030158     
  0.326104213319840        3.78776675272342     
  0.330115295143680        3.95198885214262     
  0.334175713273940        4.12411229196749     
  0.338286074547210        4.30450038760129     
  0.342446993264140        4.49352897650084     
  0.346659091281290        4.69158627806313     
  0.350922998104050        4.89907266232912     
  0.355239350980730        5.11640031552024     
  0.359608794997790        5.34399278942603     
  0.364031983176270        5.58228442063583     
  0.368509576569340        5.83171960457529     
  0.373042244361140        6.09275190826686     
  0.377630663966780        6.36584300472506     
  0.382275521133570        6.65146141091155     
  0.386977510043510        6.95008101025473     
  0.391737333417050        7.26217933990207     
  0.396555702618080        7.58823562215036     
  0.401433337760280        7.92872851891032     
  0.406370967814730        8.28413358766477     
  0.411369330718850        8.65492041717842     
  0.416429173486700        9.04154942127379     
  0.421551252320580        9.44446826933305     
  0.426736332724130        9.86410793284498     
  0.431985189616630        10.3008783283759     
  0.437298607448920        10.7551635387603     
  0.442677380320540        11.2273165962476     
  0.448122312098480        11.7176538137041     
  0.453634216537290        12.2264486529529     
  0.459213917400700        12.7539251228625     
  0.464862248584730        13.3002507040190     
  0.470580054242320        13.8655288017525     
  0.476368188909500        14.4497907350386     
  0.482227517633090        15.0529872754395     
  0.488158916099980        15.6749797578763     
  0.494163270768010        16.3155307937595     
  0.500241478998450        16.9742946269414     
  0.506394449190130        17.6508071842102     
  0.512623100915170        18.3444758847407     
  0.518928365056430        19.0545692871074     
  0.525311183946620        19.7802066682864     
  0.531772511509170        20.5203476465001     
  0.538313313400730        21.2737819788645     
  0.544934567155560        22.0391196854575     
  0.551637262331570        22.8147816736398     
  0.558422400658250        23.5989910599053     
  0.565290996186350        24.3897654110589     
  0.572244075439440        25.1849101515903     
  0.579282677567340        25.9820134092139     
  0.586407854501420        26.7784425948359     
  0.593620671111790        27.5713430355595     
  0.600922205366460        28.3576389982232     
  0.608313548492470        29.1340374543105     
  0.615795805138930        29.8970349420574     
  0.623370093542140        30.6429278744863     
  0.631037545692710        31.3678266182617     
  0.638799307504730        32.0676736218718     
  0.646656538987030        32.7382657963609     
  0.654610414416580        33.3752812416521     
  0.662662122513900        33.9743102628886     
  0.670812866620820        34.5308904364536     
  0.679063864880260        35.0405452776652     
  0.687416350418280        35.4988258602244     
  0.695871571528430        35.9013545890938     
  0.704430791858230        36.2438702958623     
  0.713095290598080        36.5222739704767     
  0.721866362672440        36.7326747980983     
  0.730745318933310        36.8714367020695     
  0.739733486356190        36.9352261806807     
  0.748832208238370        36.9210626612125     
  0.758042844399700        36.8263726480190     
  0.767366771385820        36.6490484500620     
  0.776805382673870        36.3875112382626     
  0.786360088880750        36.0407768074989     
  0.796032317973990        35.6085210550690     
  0.805823515485070        35.0911412085537     
  0.815735144725530        34.4898084832839     
  0.825768687005660        33.8065081503469     
  0.835925641855830        33.0440637823610     
  0.846207527250650        32.2061434569665     
  0.856615879835840        31.2972467044821     
  0.867152255157820        30.3226718513137     
  0.877818227896260        29.2884641030675     
  0.888615392099380        28.2013452665829     
  0.899545361422210        27.0686264855038     
  0.910609769367700        25.8981058067400     
  0.921810269530920        24.6979528282877     
  0.933148535846150        23.4765831015857     
  0.944626262837060        22.2425253553057     
  0.956245165869960        21.0042849440360     
  0.968006981410160        19.7702071734528     
  0.979913467281500        18.5483442842530     
  0.991966402929060        17.3463298670347     
   1.00416758968510        16.1712643142759     
   1.01651885103820        15.0296145881471     
   1.02902203290600        13.9271310993683     
   1.04167900391070        12.8687838692276     
   1.05449165565880        11.8587194179399     
   1.06746190302340        10.9002389856343     
   1.08059168443060        9.99579789027658     
   1.09388296214910        9.14702500369376     
   1.10733772258360        8.35476054715727     
   1.12095797657130        7.61910980430964     
   1.13474575968320        6.93950986123274     
   1.14870313252730        6.31480617599744     
   1.16283218105730        5.74333565270370     
   1.17713501688440        5.22301294090376     
   1.19161377759200        4.75141688056210     
   1.20627062705640        4.32587433704675     
   1.22110775576920        3.94353908648859     
   1.23612738116520        3.60146388344283     
   1.25133174795350        3.29666433552270     
   1.26672312845330        3.02617369034361     
   1.28230382293330        2.78708807789113     
   1.29807615995540        2.57660211697813     
   1.31404249672280        2.39203506160429     
   1.33020521943250        2.23084781583453     
   1.34656674363150        2.09065119817108     
   1.36312951457820        1.96920586605686     
   1.37989600760750        1.86441449034837     
   1.39686872850110        1.77430733342992     
   1.41405021386170        1.69702345938757     
   1.43144303149220        1.63079111927132     
   1.44904978077950        1.57391160471172     
   1.46687309308310        1.52475011452945     
   1.48491563212800        1.48173480064918     
   1.50318009440320        1.44336246201378     
   1.52166920956440        1.40820828972985     
   1.54038574084200        1.37493824158375     
   1.55933248545440        1.34232452356035     
   1.57851227502540        1.30926542220668     
   1.59792797600830        1.27481002120264     
   1.61758249011320        1.23818685591825     
   1.63747875474160        1.19883378764974     
   1.65761974342490        1.15642449692417     
   1.67800846626900        1.11088558789254     
   1.69864797040410        1.06239839900306     
   1.71954134044010        1.01138181008595     
   1.74069169892750       0.958455997176185     
   1.76210220682430       0.904390760283549     
   1.78377606396820       0.850044475163140     
   1.80571650955500       0.796300471110246     
   1.82792682262260       0.744006917549635     
   1.85041032254080       0.693925122642144     
   1.87317036950810       0.646689450356293     
   1.89621036505300       0.602780147987331     
   1.91953375254320       0.562509719581829     
   1.94314401769950       0.526021329400278     
   1.96704468911720       0.493297147520339     
   1.99123933879330       0.464174129472226     
   2.01573158266050       0.438365134726114     
   2.04052508112720       0.415484596020494     
   2.06562353962510       0.395079680337921     
   2.09103070916240       0.376668664770512     
   2.11675038688510       0.359786610357661     
   2.14278641664380       0.344033933231842     
   2.16914268956850       0.329118161094439     
   2.19582314465020       0.314875069511665     
   2.22283176932940       0.301234989301904     
   2.25017260009220       0.288161802132535     
   2.27784972307330       0.275620384764624     
   2.30586727466710       0.263579653697500     
   2.33422944214550       0.252011856088730     
   2.36294046428390       0.240891694982226     
   2.39200463199460       0.230196221565284     
   2.42142628896820       0.219904597367839     
   2.45120983232250       0.209997890518281     
   2.48135971326000       0.200458887557510     
   2.51188043773310       0.191271919645999     
   2.54277656711720       0.182422702569290     
   2.57405271889280       0.173898189435778     
   2.60571356733520       0.165686435623695     
   2.63776384421340       0.157776475061091     
   2.67020833949720       0.150158207130344     
   2.70305190207300       0.142822293517437     
   2.73629944046850       0.135760064325146     
   2.76995592358630       0.128963432955693     
   2.80402638144640       0.122424819033254     
   2.83851590593820       0.116137078866788     
   2.87342965158120       0.110093442868348     
   2.90877283629570       0.104287459564533     
   2.94455074218210       9.871294560949290E-002
   2.98076871631100       9.336394140772718E-002
   3.01743217152160       8.823467200207077E-002
   3.05454658723130       8.331951277600802E-002
   3.09211751025420       7.861295959994943E-002
   3.13015055563040       7.410960315871531E-002
   3.16865140746460       6.980410719544400E-002
   3.20762581977640       6.569119022636707E-002
   3.24707961735970       6.176561062166882E-002
   3.28701869665320       5.802215473418059E-002
   3.32744902662200       5.445562779834233E-002
   3.36837664964950       5.106084744733663E-002
   3.40980768244020       4.783263956051195E-002
   3.45174831693420       4.476583626550885E-002
   3.49420482123250       4.185527589340009E-002
   3.53718354053360       3.909580462251037E-002
   3.58069089808220       3.648227963450729E-002
   3.62473339612860       3.400957365586999E-002
   3.66931761690100       3.167258052381168E-002
   3.71445022358890       2.946622172809084E-002
   3.76013796133900       2.738545368763362E-002
   3.80638765826350       2.542527552689741E-002
   3.85320622646010       2.358073726983341E-002
   3.90060066304560       2.184694822107355E-002
   3.94857805120110       2.021908536031848E-002
   3.99714556123080       1.869240165013365E-002
   4.04631045163400       1.726223411767219E-002
   4.09608007018910       1.592401160434191E-002
   4.14646185505240       1.467326201883787E-002
   4.19746333586950       1.350561909676098E-002
   4.24909213490070       1.241682852745752E-002
   4.30135596816000       1.140275345722368E-002
   4.35426264656840       1.045937928329121E-002
   4.40782007712120       9.582817719960921E-003
   4.46203626406980       8.769310150816539E-003
   4.51691931011780       8.015230259952712E-003
   4.57247741763230       7.317085945138088E-003
   4.62871888986910       6.671520547062328E-003
   4.68565213221450       6.075313420124422E-003
   4.74328565344080       5.525379870387865E-003
   4.80162806697810       5.018770522287351E-003
   4.86068809220190       4.552670156618862E-003
   4.92047455573600       4.124396053859426E-003
   4.98099639277160       3.731395910783696E-003
   5.04226264840270       3.371245371024205E-003
   5.10428247897800       3.041645212509445E-003
   5.16706515346940       2.740418258158049E-003
   5.23062005485710       2.465506041462235E-003
   5.29495668153190       2.214965277035767E-003
   5.36008464871470       1.986964169112411E-003
   5.42601368989390       1.779778599785547E-003
   5.49275365827960       1.591788239114406E-003
   5.56031452827640       1.421472585360547E-003
   5.62870639697420       1.267406981651871E-003
   5.69793948565700       1.128258622214180E-003
   5.76802414133060       1.002782565361021E-003
   5.83897083826900       8.898177786385683E-004
   5.91079017957970       7.882832221995082E-004
   5.98349289878850       6.971739855766959E-004
   6.05708986144360       6.155574894831132E-004
   6.13159206673930       5.425697548947208E-004
   6.20701064916020       4.774117536394183E-004
   6.28335688014490       4.193458423850976E-004
   6.36064216977070       3.676922870401649E-004
   6.43887806845890       3.218258803871735E-004
   6.51807626870090       2.811726592643268E-004
   6.59824860680590       2.452067235973782E-004
   6.67940706466960       2.134471609811365E-004
   6.76156377156510       1.854550805164472E-004
   6.84473100595530       1.608307576457645E-004
   6.92892119732860       1.392108933659519E-004
   7.01414692805570       1.202659891937639E-004
   7.10042093527080       1.036978394128060E-004
   7.18775611277460       8.923714179774728E-005
   7.27616551296180       7.664122744484208E-005
   7.36566234877120       6.569191014597744E-005
   7.45625999566110       5.619345431620985E-005
   7.54797199360770       4.797066080173399E-005
   7.64081204912910       4.086706905808834E-005
   7.73479403733340       3.474327373520607E-005
   7.82993200399260       2.947535292774594E-005
   7.92624016764170       2.495340525315828E-005
   8.02373292170370       2.108019263469186E-005
   8.12242483664060       1.776988467225262E-005
   8.22233066213130       1.494690073924959E-005
   8.32346532927550       1.254484557407916E-005
   8.42584395282560       1.050553373350695E-005
   8.52948183344540       8.778098255408532E-006
   8.63439445999680       7.318178847312649E-006
   8.74059751185470       6.087184685083774E-006
   8.84810686125050       5.051627116212351E-006
   8.95693857564390       4.182517443381822E-006
   9.06710892012430       3.454825106203739E-006
   9.17863435984190       2.846991726847979E-006
   9.29153156246790       2.340496577340351E-006
   9.40581740068630       1.919469189822635E-006
   9.52150895471470       1.570345075637132E-006
   9.63862351485770       1.281560665750703E-006
   9.75717858409040       1.043283843969588E-006
   9.87719188067480       8.471766276793978E-007
   9.99868134080710       6.861867984339347E-007
   10.1216651212990       5.543655068627503E-007
   10.2461616022910       4.467081039214745E-007
   10.3721893899990       3.590156559980332E-007
   10.4997673194960       2.877748262341227E-007
   10.6289144575260       2.300540002583181E-007
   10.7596501053540       1.834137385436527E-007
   10.8919938016490       1.458298118534666E-007
   11.0259653254100       1.156272567216760E-007
   11.1615846989120       9.142404626490632E-008
   11.2988721907090       7.208312378526440E-008
   11.4378483186550       5.667168320654370E-008
   11.5785338529740       4.442671069257328E-008
   11.7209498193660       3.472591475918862E-008
   11.8651175021440       2.706328054002063E-008
   12.0110584474200       2.102857695821192E-008
   12.1587944663230       1.629023257364795E-008
   12.3083476382590       1.258107229856983E-008
   12.4597403142100       9.686475498861015E-009
   12.6129951200750       7.434575951662824E-009
   12.7681349600510       5.688178419738168E-009
   12.9251830200600       4.338113021400971E-009
   13.0841627712070       3.297789796476494E-009
   13.2450979732930       2.498751661099430E-009
   13.4080126783640       1.887054979973057E-009
   13.5729312343080       1.420333761769345E-009
   13.7398782884900       1.065426462208199E-009
   13.9088787914380       7.964643111356236E-010
   14.0799580005730       5.933367382991833E-010
   14.2531414839800       4.404638681567791E-010
   14.4284551242330       3.258181377853917E-010
   14.6059251222610       2.401472839841588E-010
   14.7855780012650       1.763594854363646E-010
   14.9674406106810       1.290386159297867E-010
   15.1515401301920       9.406347957188412E-011
   15.3379040737930       6.830984934099579E-011
   15.5265602939010       4.941818230397912E-011
   15.7175369855160       3.561322439747393E-011
   15.9108626904380       2.556445721756206E-011
   16.1065663015300       1.827856070134088E-011
   16.3046770670390       1.301687291905198E-011
   16.5052245949640       9.232289562754526E-012
   16.7082388574820       6.521219271381565E-012
   16.9137501954290       4.587151561914113E-012
   17.1217893228320       3.213144497993766E-012
   17.3323873315030       2.241134881969933E-012
   17.5455756956810       1.556444733318709E-012
   17.7613862767380       1.076228493558861E-012
   17.9798513279410       7.408958169815699E-013
   18.2010034992750       5.077713264742041E-013
   18.4248758423160       3.464286199880520E-013
   18.6515018151770       2.352717513945949E-013
   18.8809152875030       1.590419821947552E-013
   19.1131505455400       1.070076805622241E-013
   19.3482422972500       7.165625659033537E-014
   19.5862256775060       4.775335545751209E-014
   19.8271362533390       3.166925224120485E-014
   20.0710100292550       2.089923123842002E-014
   20.3178834526150       1.372322440418905E-014
   20.5677934190820       8.965799588326917E-015
   20.8207772781370       5.827762942786719E-015
   21.0768728386580       3.768489983467902E-015
   21.3361183745740       2.424140584333485E-015
   21.5985526305810       1.551119155380223E-015
   21.8642148279370       9.871907297312831E-016
   22.1331446703210       6.248802547840150E-016
   22.4053823497660       3.933718571242253E-016
   22.6809685526680       2.462584193368764E-016
   22.9599444658660       1.532958541339121E-016
   23.2423517827960       9.488358572319174E-017
   23.5282327097240       5.839055314033617E-017
   23.8176299720540       3.572349984228549E-017
   24.1105868207100       2.172671306338680E-017
   24.4071470386050       1.313502780295985E-017
   24.7073549471800       7.892831530662299E-018
   25.0112554130300       4.713755731672295E-018
   25.3188938546100       2.797698122624414E-018
   25.6303162490220       1.650064400284393E-018
   25.9455691388850       9.670156894267462E-019
   26.2646996392930       5.630729037496499E-019
   26.5877554448560       3.257314543129021E-019
   26.9147848368280       1.871904898493050E-019
   27.2458366903210       1.068566354834734E-019
   27.5809604816120       6.058651596857703E-020
   27.9202062955360       3.411718477269277E-020
   28.2636248329710       1.907898306303011E-020
   28.6112674184170       1.059460864926360E-020
   28.9631860076630       5.841503636854337E-021
   29.3194331955570       3.197689770812674E-021
   29.6800622238630       1.737726332973677E-021
   30.0451269892160       9.373909813967499E-022
   30.4146820511840       5.018974209741548E-022
   30.7887826404130       2.667005686473696E-022
   31.1674846668900       1.406394585401071E-022
   31.5508447282930       7.359082530799343E-023
   31.9389201184510       3.820602643367193E-023
   32.3317688359080       1.967839751473949E-023
   32.7294495925900       1.005436555499452E-023
   33.1320218225780       5.095462295546637E-024
   33.5395456909960       2.561137225191494E-024
   33.9520821029950       1.276610027476808E-024
   34.3696927128620       6.309792256426972E-025
   34.7924399332300       3.092131650130531E-025
   35.2203869444090       1.502246253580159E-025
   35.6535977038250       7.234659204712157E-026
   36.0921369555820       3.453359554220598E-026
   36.5360702401360       1.633671290916641E-026
   36.9854639040900       7.658408043617276E-027
   37.4403851101100       3.557250547602298E-027
   37.9009018469640       1.636978989696028E-027
   38.3670829396820       7.462329113779414E-028
   38.8389980598400       3.369439404681038E-028
   39.3167177359760       1.506751169016956E-028
   39.8003133641290       6.672277272104154E-029
   40.2898572185080       2.925517267447777E-029
   40.7854224622950       1.269913038922845E-029
   41.2870831585810       5.456750100207075E-030
   41.7949142814320       2.320749461880589E-030
   42.3089917270940       9.767900178845157E-031
   42.8293923253370       4.068149220174434E-031
   43.3561938509380       1.676325980726812E-031
   43.8894750353050       6.833269164204815E-032
   44.4293155782390       2.755172566864984E-032
   44.9757961598520       1.098652473099264E-032
   45.5289984526180       4.332149142589625E-033
   46.0890051335850       1.688952754168972E-033
   46.6558998967280       6.509406230417287E-034
   47.2297674654580       2.479778970729639E-034
   47.8106936052830       9.336184621319009E-035
   48.3987651366280       3.473338850673089E-035
   48.9940699478080       1.276678159169740E-035
   49.5966970081670       4.635622724092919E-036
   50.2067363813670       1.662478380438319E-036
   50.8242792388580       5.888251045775425E-037
   51.4494178734960       0.000000000000000E+000
   52.0822457133400       0.000000000000000E+000
   52.7228573356140       0.000000000000000E+000
   53.3713484808420       0.000000000000000E+000
   54.0278160671560       0.000000000000000E+000
   54.6923582047820       0.000000000000000E+000
   55.3650742107010       0.000000000000000E+000
   56.0460646234930       0.000000000000000E+000
   56.7354312183620       0.000000000000000E+000
   57.4332770223470       0.000000000000000E+000
   58.1397063297220       0.000000000000000E+000
   58.8548247175780       0.000000000000000E+000
   59.5787390616040       0.000000000000000E+000
   60.3115575520620       0.000000000000000E+000
   61.0533897099520       0.000000000000000E+000
   61.8043464033850       0.000000000000000E+000
   62.5645398641460       0.000000000000000E+000
   63.3340837044750       0.000000000000000E+000
   64.1130929340400       0.000000000000000E+000
   64.9016839771290       0.000000000000000E+000
   65.6999746900480       0.000000000000000E+000
   66.5080843787350       0.000000000000000E+000
   67.3261338165940       0.000000000000000E+000
   68.1542452625380       0.000000000000000E+000
   68.9925424792670       0.000000000000000E+000
   69.8411507517620       0.000000000000000E+000
   70.7001969060090       0.000000000000000E+000
   71.5698093279530       0.000000000000000E+000
   72.4501179826860       0.000000000000000E+000
   73.3412544338730       0.000000000000000E+000
   74.2433518634100       0.000000000000000E+000
   75.1565450913300       0.000000000000000E+000
   76.0809705959530       0.000000000000000E+000
   77.0167665342840       0.000000000000000E+000
   77.9640727626550       0.000000000000000E+000
   78.9230308576360       0.000000000000000E+000
   79.8937841371850       0.000000000000000E+000
