  2.840909E-04  0.000000E+00
  2.875852E-04  0.000000E+00
  2.911225E-04  0.000000E+00
  2.947033E-04  0.000000E+00
  2.983282E-04  0.000000E+00
  3.019976E-04  0.000000E+00
  3.057122E-04  0.000000E+00
  3.094725E-04  0.000000E+00
  3.132790E-04  0.000000E+00
  3.171323E-04  0.000000E+00
  3.210330E-04  0.000000E+00
  3.249817E-04  0.000000E+00
  3.289790E-04  0.000000E+00
  3.330254E-04  0.000000E+00
  3.371217E-04  0.000000E+00
  3.412683E-04  0.000000E+00
  3.454659E-04  0.000000E+00
  3.497151E-04  0.000000E+00
  3.540166E-04  0.000000E+00
  3.583710E-04  0.000000E+00
  3.627789E-04  0.000000E+00
  3.672411E-04  0.000000E+00
  3.717582E-04  0.000000E+00
  3.763308E-04  0.000000E+00
  3.809597E-04  0.000000E+00
  3.856455E-04  0.000000E+00
  3.903889E-04  0.000000E+00
  3.951907E-04  0.000000E+00
  4.000516E-04  0.000000E+00
  4.049722E-04  0.000000E+00
  4.099534E-04  0.000000E+00
  4.149958E-04  0.000000E+00
  4.201002E-04  0.000000E+00
  4.252675E-04  0.000000E+00
  4.304982E-04  0.000000E+00
  4.357934E-04  0.000000E+00
  4.411536E-04  0.000000E+00
  4.465798E-04  0.000000E+00
  4.520728E-04  0.000000E+00
  4.576333E-04  0.000000E+00
  4.632621E-04  0.000000E+00
  4.689603E-04  0.000000E+00
  4.747285E-04  0.000000E+00
  4.805676E-04  0.000000E+00
  4.864786E-04  0.000000E+00
  4.924623E-04  0.000000E+00
  4.985196E-04  0.000000E+00
  5.046514E-04  0.000000E+00
  5.108586E-04  0.000000E+00
  5.171422E-04  0.000000E+00
  5.235030E-04  0.000000E+00
  5.299421E-04  0.000000E+00
  5.364604E-04  0.000000E+00
  5.430588E-04  0.000000E+00
  5.497385E-04  0.000000E+00
  5.565002E-04  0.000000E+00
  5.633452E-04  0.000000E+00
  5.702743E-04  0.000000E+00
  5.772887E-04  0.000000E+00
  5.843894E-04  0.000000E+00
  5.915774E-04  0.000000E+00
  5.988538E-04  0.000000E+00
  6.062197E-04  0.000000E+00
  6.136762E-04  0.000000E+00
  6.212244E-04  0.000000E+00
  6.288654E-04  0.000000E+00
  6.366005E-04  0.000000E+00
  6.444307E-04  0.000000E+00
  6.523572E-04  0.000000E+00
  6.603812E-04  0.000000E+00
  6.685039E-04  0.000000E+00
  6.767265E-04  0.000000E+00
  6.850502E-04  0.000000E+00
  6.934763E-04  0.000000E+00
  7.020061E-04  0.000000E+00
  7.106407E-04  0.000000E+00
  7.193816E-04  0.000000E+00
  7.282300E-04  0.000000E+00
  7.371872E-04  0.000000E+00
  7.462546E-04  0.000000E+00
  7.554336E-04  0.000000E+00
  7.647254E-04  0.000000E+00
  7.741315E-04  0.000000E+00
  7.836534E-04  0.000000E+00
  7.932923E-04  0.000000E+00
  8.030498E-04  0.000000E+00
  8.129273E-04  0.000000E+00
  8.229263E-04  0.000000E+00
  8.330483E-04  0.000000E+00
  8.432948E-04  0.000000E+00
  8.536673E-04  0.000000E+00
  8.641674E-04  0.000000E+00
  8.747967E-04  0.000000E+00
  8.855567E-04  0.000000E+00
  8.964490E-04  0.000000E+00
  9.074754E-04  0.000000E+00
  9.186373E-04  0.000000E+00
  9.299365E-04  0.000000E+00
  9.413748E-04  0.000000E+00
  9.529537E-04  0.000000E+00
  9.646750E-04  0.000000E+00
  9.765405E-04  0.000000E+00
  9.885519E-04  0.000000E+00
  1.000711E-03  0.000000E+00
  1.013020E-03  0.000000E+00
  1.025480E-03  0.000000E+00
  1.038093E-03  0.000000E+00
  1.050862E-03  0.000000E+00
  1.063788E-03  0.000000E+00
  1.076872E-03  0.000000E+00
  1.090118E-03  0.000000E+00
  1.103526E-03  0.000000E+00
  1.117100E-03  0.000000E+00
  1.130840E-03  0.000000E+00
  1.144749E-03  0.000000E+00
  1.158830E-03  0.000000E+00
  1.173083E-03  0.000000E+00
  1.187512E-03  0.000000E+00
  1.202119E-03  0.000000E+00
  1.216905E-03  0.000000E+00
  1.231872E-03  0.000000E+00
  1.247025E-03  0.000000E+00
  1.262363E-03  0.000000E+00
  1.277890E-03  0.000000E+00
  1.293608E-03  0.000000E+00
  1.309519E-03  0.000000E+00
  1.325627E-03  0.000000E+00
  1.341932E-03  0.000000E+00
  1.358437E-03  0.000000E+00
  1.375146E-03  0.000000E+00
  1.392061E-03  0.000000E+00
  1.409183E-03  0.000000E+00
  1.426516E-03  0.000000E+00
  1.444062E-03  0.000000E+00
  1.461824E-03  0.000000E+00
  1.479804E-03  0.000000E+00
  1.498006E-03  0.000000E+00
  1.516431E-03  0.000000E+00
  1.535084E-03  0.000000E+00
  1.553965E-03  0.000000E+00
  1.573079E-03  0.000000E+00
  1.592428E-03  0.000000E+00
  1.612015E-03  0.000000E+00
  1.631842E-03  0.000000E+00
  1.651914E-03  0.000000E+00
  1.672233E-03  0.000000E+00
  1.692801E-03  0.000000E+00
  1.713622E-03  0.000000E+00
  1.734700E-03  0.000000E+00
  1.756037E-03  0.000000E+00
  1.777636E-03  0.000000E+00
  1.799501E-03  0.000000E+00
  1.821635E-03  0.000000E+00
  1.844041E-03  0.000000E+00
  1.866723E-03  0.000000E+00
  1.889683E-03  0.000000E+00
  1.912927E-03  0.000000E+00
  1.936456E-03  0.000000E+00
  1.960274E-03  0.000000E+00
  1.984385E-03  0.000000E+00
  2.008793E-03  0.000000E+00
  2.033501E-03  0.000000E+00
  2.058513E-03  0.000000E+00
  2.083833E-03  0.000000E+00
  2.109464E-03  0.000000E+00
  2.135411E-03  0.000000E+00
  2.161676E-03  0.000000E+00
  2.188265E-03  0.000000E+00
  2.215181E-03  0.000000E+00
  2.242427E-03  0.000000E+00
  2.270009E-03  0.000000E+00
  2.297930E-03  0.000000E+00
  2.326195E-03  0.000000E+00
  2.354807E-03  0.000000E+00
  2.383771E-03  0.000000E+00
  2.413091E-03  0.000000E+00
  2.442772E-03  0.000000E+00
  2.472819E-03  0.000000E+00
  2.503234E-03  0.000000E+00
  2.534024E-03  0.000000E+00
  2.565193E-03  0.000000E+00
  2.596744E-03  0.000000E+00
  2.628684E-03  0.000000E+00
  2.661017E-03  0.000000E+00
  2.693748E-03  0.000000E+00
  2.726881E-03  0.000000E+00
  2.760421E-03  0.000000E+00
  2.794375E-03  0.000000E+00
  2.828745E-03  0.000000E+00
  2.863539E-03  0.000000E+00
  2.898761E-03  0.000000E+00
  2.934415E-03  0.000000E+00
  2.970509E-03  0.000000E+00
  3.007046E-03  0.000000E+00
  3.044033E-03  0.000000E+00
  3.081474E-03  0.000000E+00
  3.119376E-03  0.000000E+00
  3.157745E-03  0.000000E+00
  3.196585E-03  0.000000E+00
  3.235903E-03  0.000000E+00
  3.275704E-03  0.000000E+00
  3.315996E-03  0.000000E+00
  3.356782E-03  0.000000E+00
  3.398071E-03  0.000000E+00
  3.439867E-03  0.000000E+00
  3.482177E-03  0.000000E+00
  3.525008E-03  0.000000E+00
  3.568366E-03  0.000000E+00
  3.612257E-03  0.000000E+00
  3.656687E-03  0.000000E+00
  3.701665E-03  0.000000E+00
  3.747195E-03  0.000000E+00
  3.793286E-03  0.000000E+00
  3.839943E-03  0.000000E+00
  3.887174E-03  0.000000E+00
  3.934987E-03  0.000000E+00
  3.983387E-03  0.000000E+00
  4.032383E-03  0.000000E+00
  4.081981E-03  0.000000E+00
  4.132189E-03  0.000000E+00
  4.183015E-03  0.000000E+00
  4.234466E-03  0.000000E+00
  4.286550E-03  0.000000E+00
  4.339275E-03  0.000000E+00
  4.392648E-03  0.000000E+00
  4.446677E-03  0.000000E+00
  4.501372E-03  0.000000E+00
  4.556738E-03  0.000000E+00
  4.612786E-03  0.000000E+00
  4.669524E-03  0.000000E+00
  4.726959E-03  0.000000E+00
  4.785100E-03  0.000000E+00
  4.843957E-03  0.000000E+00
  4.903538E-03  0.000000E+00
  4.963851E-03  0.000000E+00
  5.024907E-03  0.000000E+00
  5.086713E-03  0.000000E+00
  5.149280E-03  0.000000E+00
  5.212616E-03  0.000000E+00
  5.276731E-03  0.000000E+00
  5.341635E-03  0.000000E+00
  5.407337E-03  0.000000E+00
  5.473847E-03  0.000000E+00
  5.541175E-03  0.000000E+00
  5.609332E-03  0.000000E+00
  5.678327E-03  0.000000E+00
  5.748170E-03  0.000000E+00
  5.818872E-03  0.000000E+00
  5.890445E-03  0.000000E+00
  5.962897E-03  0.000000E+00
  6.036241E-03  0.000000E+00
  6.110486E-03  0.000000E+00
  6.185645E-03  0.000000E+00
  6.261729E-03  0.000000E+00
  6.338748E-03  0.000000E+00
  6.416715E-03  0.000000E+00
  6.495640E-03  0.000000E+00
  6.575537E-03  0.000000E+00
  6.656416E-03  0.000000E+00
  6.738290E-03  0.000000E+00
  6.821171E-03  0.000000E+00
  6.905071E-03  0.000000E+00
  6.990003E-03  0.000000E+00
  7.075981E-03  0.000000E+00
  7.163015E-03  0.000000E+00
  7.251120E-03  0.000000E+00
  7.340309E-03  0.000000E+00
  7.430595E-03  0.000000E+00
  7.521991E-03  0.000000E+00
  7.614512E-03  0.000000E+00
  7.708170E-03  0.000000E+00
  7.802981E-03  0.000000E+00
  7.898957E-03  0.000000E+00
  7.996114E-03  0.000000E+00
  8.094467E-03  0.000000E+00
  8.194028E-03  0.000000E+00
  8.294815E-03  0.000000E+00
  8.396841E-03  0.000000E+00
  8.500122E-03  0.000000E+00
  8.604674E-03  0.000000E+00
  8.710511E-03  0.000000E+00
  8.817651E-03  0.000000E+00
  8.926108E-03  0.000000E+00
  9.035899E-03  0.000000E+00
  9.147040E-03  0.000000E+00
  9.259549E-03  0.000000E+00
  9.373442E-03  0.000000E+00
  9.488735E-03  0.000000E+00
  9.605446E-03  0.000000E+00
  9.723593E-03  0.000000E+00
  9.843193E-03  0.000000E+00
  9.964265E-03  0.000000E+00
  1.008683E-02  0.000000E+00
  1.021089E-02  0.000000E+00
  1.033649E-02  0.000000E+00
  1.046363E-02  0.000000E+00
  1.059233E-02  0.000000E+00
  1.072261E-02  0.000000E+00
  1.085450E-02  0.000000E+00
  1.098801E-02  0.000000E+00
  1.112317E-02  0.000000E+00
  1.125998E-02  0.000000E+00
  1.139848E-02  0.000000E+00
  1.153868E-02  0.000000E+00
  1.168061E-02  0.000000E+00
  1.182428E-02  0.000000E+00
  1.196972E-02  0.000000E+00
  1.211694E-02  0.000000E+00
  1.226598E-02  0.000000E+00
  1.241685E-02  0.000000E+00
  1.256958E-02  0.000000E+00
  1.272419E-02  0.000000E+00
  1.288069E-02  0.000000E+00
  1.303913E-02  0.000000E+00
  1.319951E-02  0.000000E+00
  1.336186E-02  0.000000E+00
  1.352621E-02  0.000000E+00
  1.369258E-02  0.000000E+00
  1.386100E-02  0.000000E+00
  1.403149E-02  0.000000E+00
  1.420408E-02  0.000000E+00
  1.437879E-02  0.000000E+00
  1.455565E-02  0.000000E+00
  1.473468E-02  0.000000E+00
  1.491592E-02  0.000000E+00
  1.509939E-02  0.000000E+00
  1.528511E-02  0.000000E+00
  1.547312E-02  0.000000E+00
  1.566344E-02  0.000000E+00
  1.585610E-02  0.000000E+00
  1.605113E-02  0.000000E+00
  1.624855E-02  0.000000E+00
  1.644841E-02  0.000000E+00
  1.665073E-02  0.000000E+00
  1.685553E-02  0.000000E+00
  1.706285E-02  0.000000E+00
  1.727273E-02  0.000000E+00
  1.748518E-02  0.000000E+00
  1.770025E-02  0.000000E+00
  1.791796E-02  0.000000E+00
  1.813835E-02  0.000000E+00
  1.836146E-02  0.000000E+00
  1.858730E-02  0.000000E+00
  1.881593E-02  0.000000E+00
  1.904736E-02  0.000000E+00
  1.928164E-02  0.000000E+00
  1.951881E-02  0.000000E+00
  1.975889E-02  0.000000E+00
  2.000192E-02  0.000000E+00
  2.024795E-02  0.000000E+00
  2.049700E-02  0.000000E+00
  2.074911E-02  0.000000E+00
  2.100432E-02  0.000000E+00
  2.126268E-02  0.000000E+00
  2.152421E-02  0.000000E+00
  2.178896E-02  0.000000E+00
  2.205696E-02  0.000000E+00
  2.232826E-02  0.000000E+00
  2.260290E-02  0.000000E+00
  2.288091E-02  0.000000E+00
  2.316235E-02  0.000000E+00
  2.344725E-02  0.000000E+00
  2.373565E-02  0.000000E+00
  2.402760E-02  0.000000E+00
  2.432313E-02  0.000000E+00
  2.462231E-02  0.000000E+00
  2.492516E-02  0.000000E+00
  2.523174E-02  0.000000E+00
  2.554209E-02  0.000000E+00
  2.585626E-02  0.000000E+00
  2.617429E-02  0.000000E+00
  2.649624E-02  0.000000E+00
  2.682214E-02  0.000000E+00
  2.715205E-02  0.000000E+00
  2.748602E-02  0.000000E+00
  2.782410E-02  0.000000E+00
  2.816634E-02  0.000000E+00
  2.851278E-02  0.000000E+00
  2.886349E-02  0.000000E+00
  2.921851E-02  0.000000E+00
  2.957790E-02  0.000000E+00
  2.994171E-02  0.000000E+00
  3.030999E-02  0.000000E+00
  3.068280E-02  0.000000E+00
  3.106020E-02  0.000000E+00
  3.144224E-02  0.000000E+00
  3.182898E-02  0.000000E+00
  3.222048E-02  0.000000E+00
  3.261679E-02  0.000000E+00
  3.301798E-02  0.000000E+00
  3.342410E-02  0.000000E+00
  3.383522E-02  0.000000E+00
  3.425139E-02  0.000000E+00
  3.467268E-02  0.000000E+00
  3.509915E-02  0.000000E+00
  3.553087E-02  0.000000E+00
  3.596790E-02  0.000000E+00
  3.641031E-02  0.000000E+00
  3.685816E-02  0.000000E+00
  3.731151E-02  0.000000E+00
  3.777044E-02  0.000000E+00
  3.823502E-02  0.000000E+00
  3.870531E-02  0.000000E+00
  3.918139E-02  0.000000E+00
  3.966332E-02  0.000000E+00
  4.015118E-02  0.000000E+00
  4.064503E-02  0.000000E+00
  4.114497E-02  0.000000E+00
  4.165105E-02  0.000000E+00
  4.216336E-02  0.000000E+00
  4.268197E-02  0.000000E+00
  4.320696E-02  0.000000E+00
  4.373840E-02  0.000000E+00
  4.427638E-02  0.000000E+00
  4.482098E-02  0.000000E+00
  4.537228E-02  0.000000E+00
  4.593036E-02  0.000000E+00
  4.649531E-02  0.000000E+00
  4.706720E-02  0.000000E+00
  4.764612E-02  0.000000E+00
  4.823217E-02  0.000000E+00
  4.882543E-02  0.000000E+00
  4.942598E-02  0.000000E+00
  5.003392E-02  0.000000E+00
  5.064934E-02  0.000000E+00
  5.127232E-02  0.000000E+00
  5.190297E-02  0.000000E+00
  5.254138E-02  0.000000E+00
  5.318764E-02  0.000000E+00
  5.384185E-02  0.000000E+00
  5.450410E-02  0.000000E+00
  5.517450E-02  0.000000E+00
  5.585315E-02  0.000000E+00
  5.654014E-02  0.000000E+00
  5.723559E-02  0.000000E+00
  5.793958E-02  0.000000E+00
  5.865224E-02  0.000000E+00
  5.937366E-02  0.000000E+00
  6.010396E-02  0.000000E+00
  6.084324E-02  0.000000E+00
  6.159161E-02  0.000000E+00
  6.234919E-02  0.000000E+00
  6.311608E-02  0.000000E+00
  6.389241E-02  0.000000E+00
  6.467829E-02  0.000000E+00
  6.547383E-02  0.000000E+00
  6.627916E-02  0.000000E+00
  6.709439E-02  0.000000E+00
  6.791965E-02  0.000000E+00
  6.875506E-02  0.000000E+00
  6.960075E-02  0.000000E+00
  7.045684E-02  0.000000E+00
  7.132346E-02  0.000000E+00
  7.220074E-02  0.000000E+00
  7.308881E-02  0.000000E+00
  7.398780E-02  0.000000E+00
  7.489785E-02  0.000000E+00
  7.581909E-02  0.000000E+00
  7.675167E-02  0.000000E+00
  7.769571E-02  0.000000E+00
  7.865137E-02  0.000000E+00
  7.961878E-02  0.000000E+00
  8.059809E-02  0.000000E+00
  8.158945E-02  0.000000E+00
  8.259300E-02  0.000000E+00
  8.360889E-02  0.000000E+00
  8.463728E-02  0.000000E+00
  8.567832E-02  0.000000E+00
  8.673216E-02  0.000000E+00
  8.779897E-02  0.000000E+00
  8.887890E-02  0.000000E+00
  8.997211E-02  0.000000E+00
  9.107876E-02  0.000000E+00
  9.219903E-02  0.000000E+00
  9.333308E-02  0.000000E+00
  9.448108E-02  0.000000E+00
  9.564320E-02  0.000000E+00
  9.681961E-02  0.000000E+00
  9.801049E-02  0.000000E+00
  9.921602E-02  0.000000E+00
  1.004364E-01  0.000000E+00
  1.016717E-01  0.000000E+00
  1.029223E-01  0.000000E+00
  1.041882E-01  0.000000E+00
  1.054698E-01  0.000000E+00
  1.067670E-01  0.000000E+00
  1.080803E-01  0.000000E+00
  1.094097E-01  0.000000E+00
  1.107554E-01  0.000000E+00
  1.121177E-01  0.000000E+00
  1.134967E-01  0.000000E+00
  1.148928E-01  0.000000E+00
  1.163059E-01  0.000000E+00
  1.177365E-01  0.000000E+00
  1.191847E-01  0.000000E+00
  1.206506E-01  0.000000E+00
  1.221346E-01  0.000000E+00
  1.236369E-01  0.000000E+00
  1.251576E-01  0.000000E+00
  1.266971E-01  0.000000E+00
  1.282554E-01  0.000000E+00
  1.298330E-01  0.000000E+00
  1.314299E-01  0.000000E+00
  1.330465E-01  0.000000E+00
  1.346830E-01  0.000000E+00
  1.363396E-01  0.000000E+00
  1.380166E-01  0.000000E+00
  1.397142E-01  0.000000E+00
  1.414326E-01  0.000000E+00
  1.431723E-01  0.000000E+00
  1.449333E-01  0.000000E+00
  1.467160E-01  0.000000E+00
  1.485206E-01  0.000000E+00
  1.503474E-01  0.000000E+00
  1.521966E-01  0.000000E+00
  1.540687E-01  0.000000E+00
  1.559637E-01  0.000000E+00
  1.578821E-01  0.000000E+00
  1.598240E-01  0.000000E+00
  1.617898E-01  0.000000E+00
  1.637799E-01  0.000000E+00
  1.657944E-01  0.000000E+00
  1.678336E-01  0.000000E+00
  1.698980E-01  0.000000E+00
  1.719877E-01  0.000000E+00
  1.741032E-01  0.000000E+00
  1.762446E-01  0.000000E+00
  1.784124E-01  0.000000E+00
  1.806069E-01  0.000000E+00
  1.828284E-01  0.000000E+00
  1.850772E-01  0.000000E+00
  1.873536E-01  0.000000E+00
  1.896581E-01  0.000000E+00
  1.919909E-01  0.000000E+00
  1.943524E-01  0.000000E+00
  1.967429E-01  0.000000E+00
  1.991628E-01  0.000000E+00
  2.016125E-01  0.000000E+00
  2.040924E-01  0.000000E+00
  2.066027E-01  0.000000E+00
  2.091439E-01  0.000000E+00
  2.117164E-01  0.000000E+00
  2.143205E-01  0.000000E+00
  2.169566E-01  0.000000E+00
  2.196252E-01  0.000000E+00
  2.223266E-01  0.000000E+00
  2.250612E-01  0.000000E+00
  2.278295E-01  0.000000E+00
  2.306318E-01  0.000000E+00
  2.334685E-01  0.000000E+00
  2.363402E-01  0.000000E+00
  2.392472E-01  0.000000E+00
  2.421899E-01  0.000000E+00
  2.451689E-01  0.000000E+00
  2.481844E-01  0.000000E+00
  2.512371E-01  0.000000E+00
  2.543273E-01  0.000000E+00
  2.574556E-01  0.000000E+00
  2.606223E-01  0.000000E+00
  2.638279E-01  0.000000E+00
  2.670730E-01  0.000000E+00
  2.703580E-01  0.000000E+00
  2.736834E-01  0.000000E+00
  2.770497E-01  0.000000E+00
  2.804574E-01  0.000000E+00
  2.839070E-01  0.000000E+00
  2.873991E-01  0.000000E+00
  2.909341E-01  0.000000E+00
  2.945126E-01  0.000000E+00
  2.981351E-01  0.000000E+00
  3.018022E-01  0.000000E+00
  3.055143E-01  0.000000E+00
  3.092722E-01  0.000000E+00
  3.130762E-01  0.000000E+00
  3.169270E-01  0.000000E+00
  3.208252E-01  0.000000E+00
  3.247714E-01  0.000000E+00
  3.287661E-01  0.000000E+00
  3.328099E-01  0.000000E+00
  3.369035E-01  0.000000E+00
  3.410474E-01  0.000000E+00
  3.452423E-01  0.000000E+00
  3.494887E-01  0.000000E+00
  3.537874E-01  0.000000E+00
  3.581390E-01  0.000000E+00
  3.625441E-01  0.000000E+00
  3.670034E-01  0.000000E+00
  3.715176E-01  0.000000E+00
  3.760872E-01  0.000000E+00
  3.807131E-01  0.000000E+00
  3.853959E-01  0.000000E+00
  3.901363E-01  0.000000E+00
  3.949349E-01  0.000000E+00
  3.997926E-01  0.000000E+00
  4.047101E-01  0.000000E+00
  4.096880E-01  0.000000E+00
  4.147272E-01  0.000000E+00
  4.198283E-01  0.000000E+00
  4.249922E-01  0.000000E+00
  4.302196E-01  0.000000E+00
  4.355113E-01  0.000000E+00
  4.408681E-01  0.000000E+00
  4.462908E-01  0.000000E+00
  4.517802E-01  0.000000E+00
  4.573371E-01  0.000000E+00
  4.629623E-01  0.000000E+00
  4.686567E-01  0.000000E+00
  4.744212E-01  0.000000E+00
  4.802566E-01  0.000000E+00
  4.861638E-01  0.000000E+00
  4.921436E-01  0.000000E+00
  4.981969E-01  0.000000E+00
  5.043248E-01  0.000000E+00
  5.105280E-01  0.000000E+00
  5.168074E-01  0.000000E+00
  5.231642E-01  0.000000E+00
  5.295991E-01  0.000000E+00
  5.361132E-01  0.000000E+00
  5.427074E-01  0.000000E+00
  5.493827E-01  0.000000E+00
  5.561401E-01  0.000000E+00
  5.629806E-01  0.000000E+00
  5.699052E-01  0.000000E+00
  5.769151E-01  0.000000E+00
  5.840111E-01  0.000000E+00
  5.911945E-01  0.000000E+00
  5.984662E-01  0.000000E+00
  6.058273E-01  0.000000E+00
  6.132790E-01  0.000000E+00
  6.208223E-01  0.000000E+00
  6.284584E-01  0.000000E+00
  6.361885E-01  0.000000E+00
  6.440136E-01  0.000000E+00
  6.519349E-01  0.000000E+00
  6.599537E-01  0.000000E+00
  6.680712E-01  0.000000E+00
  6.762885E-01  0.000000E+00
  6.846068E-01  0.000000E+00
  6.930275E-01  0.000000E+00
  7.015517E-01  0.000000E+00
  7.101808E-01  0.000000E+00
  7.189160E-01  0.000000E+00
  7.277587E-01  0.000000E+00
  7.367101E-01  0.000000E+00
  7.457716E-01  0.000000E+00
  7.549446E-01  0.000000E+00
  7.642305E-01  0.000000E+00
  7.736305E-01  0.000000E+00
  7.831461E-01  0.000000E+00
  7.927788E-01  0.000000E+00
  8.025300E-01  0.000000E+00
  8.124011E-01  0.000000E+00
  8.223937E-01  0.000000E+00
  8.325091E-01  0.000000E+00
  8.427490E-01  0.000000E+00
  8.531148E-01  0.000000E+00
  8.636081E-01  0.000000E+00
  8.742305E-01  0.000000E+00
  8.849835E-01  0.000000E+00
  8.958688E-01  0.000000E+00
  9.068880E-01  0.000000E+00
  9.180427E-01  0.000000E+00
  9.293347E-01  0.000000E+00
  9.407655E-01  0.000000E+00
  9.523369E-01  0.000000E+00
  9.640506E-01  0.000000E+00
  9.759084E-01  0.000000E+00
  9.879121E-01  0.000000E+00
  1.000063E+00  0.000000E+00
  1.012364E+00  0.000000E+00
  1.024816E+00  0.000000E+00
  1.037422E+00  0.000000E+00
  1.050182E+00  0.000000E+00
  1.063099E+00  0.000000E+00
  1.076175E+00  0.000000E+00
  1.089412E+00  0.000000E+00
  1.102812E+00  0.000000E+00
  1.116376E+00  0.000000E+00
  1.130108E+00  0.000000E+00
  1.144008E+00  0.000000E+00
  1.158080E+00  0.000000E+00
  1.172324E+00  0.000000E+00
  1.186744E+00  0.000000E+00
  1.201340E+00  0.000000E+00
  1.216117E+00  0.000000E+00
  1.231075E+00  0.000000E+00
  1.246217E+00  0.000000E+00
  1.261546E+00  0.000000E+00
  1.277063E+00  0.000000E+00
  1.292771E+00  0.000000E+00
  1.308672E+00  0.000000E+00
  1.324769E+00  0.000000E+00
  1.341063E+00  0.000000E+00
  1.357558E+00  0.000000E+00
  1.374256E+00  0.000000E+00
  1.391160E+00  0.000000E+00
  1.408271E+00  0.000000E+00
  1.425593E+00  0.000000E+00
  1.443127E+00  0.000000E+00
  1.460878E+00  0.000000E+00
  1.478847E+00  0.000000E+00
  1.497036E+00  0.000000E+00
  1.515450E+00  0.000000E+00
  1.534090E+00  0.000000E+00
  1.552959E+00  0.000000E+00
  1.572061E+00  0.000000E+00
  1.591397E+00  0.000000E+00
  1.610971E+00  0.000000E+00
  1.630786E+00  0.000000E+00
  1.650845E+00  0.000000E+00
  1.671150E+00  0.000000E+00
  1.691705E+00  0.000000E+00
  1.712513E+00  0.000000E+00
  1.733577E+00  0.000000E+00
  1.754900E+00  0.000000E+00
  1.776486E+00  0.000000E+00
  1.798336E+00  0.000000E+00
  1.820456E+00  0.000000E+00
  1.842847E+00  0.000000E+00
  1.865515E+00  0.000000E+00
  1.888460E+00  0.000000E+00
  1.911688E+00  0.000000E+00
  1.935202E+00  0.000000E+00
  1.959005E+00  0.000000E+00
  1.983101E+00  0.000000E+00
  2.007493E+00  0.000000E+00
  2.032185E+00  0.000000E+00
  2.057181E+00  0.000000E+00
  2.082484E+00  0.000000E+00
  2.108099E+00  0.000000E+00
  2.134029E+00  0.000000E+00
  2.160277E+00  0.000000E+00
  2.186849E+00  0.000000E+00
  2.213747E+00  0.000000E+00
  2.240976E+00  0.000000E+00
  2.268540E+00  0.000000E+00
  2.296443E+00  0.000000E+00
  2.324689E+00  0.000000E+00
  2.353283E+00  0.000000E+00
  2.382228E+00  0.000000E+00
  2.411530E+00  0.000000E+00
  2.441191E+00  0.000000E+00
  2.471218E+00  0.000000E+00
  2.501614E+00  0.000000E+00
  2.532384E+00  0.000000E+00
  2.563532E+00  0.000000E+00
  2.595064E+00  0.000000E+00
  2.626983E+00  0.000000E+00
  2.659295E+00  0.000000E+00
  2.692004E+00  0.000000E+00
  2.725116E+00  0.000000E+00
  2.758635E+00  0.000000E+00
  2.792566E+00  0.000000E+00
  2.826915E+00  0.000000E+00
  2.861686E+00  0.000000E+00
  2.896884E+00  0.000000E+00
  2.932516E+00  0.000000E+00
  2.968586E+00  0.000000E+00
  3.005100E+00  0.000000E+00
  3.042062E+00  0.000000E+00
  3.079480E+00  0.000000E+00
  3.117357E+00  0.000000E+00
  3.155701E+00  0.000000E+00
  3.194516E+00  0.000000E+00
  3.233808E+00  0.000000E+00
  3.273584E+00  0.000000E+00
  3.313849E+00  0.000000E+00
  3.354610E+00  0.000000E+00
  3.395871E+00  0.000000E+00
  3.437641E+00  0.000000E+00
  3.479924E+00  0.000000E+00
  3.522727E+00  0.000000E+00
  3.566056E+00  0.000000E+00
  3.609919E+00  0.000000E+00
  3.654321E+00  0.000000E+00
  3.699269E+00  0.000000E+00
  3.744770E+00  0.000000E+00
  3.790831E+00  0.000000E+00
  3.837458E+00  0.000000E+00
  3.884658E+00  0.000000E+00
  3.932440E+00  0.000000E+00
  3.980809E+00  0.000000E+00
  4.029773E+00  0.000000E+00
  4.079339E+00  0.000000E+00
  4.129515E+00  0.000000E+00
  4.180308E+00  0.000000E+00
  4.231726E+00  0.000000E+00
  4.283776E+00  0.000000E+00
  4.336466E+00  0.000000E+00
  4.389805E+00  0.000000E+00
  4.443799E+00  0.000000E+00
  4.498458E+00  0.000000E+00
  4.553789E+00  0.000000E+00
  4.609801E+00  0.000000E+00
  4.666501E+00  0.000000E+00
  4.723899E+00  0.000000E+00
  4.782003E+00  0.000000E+00
  4.840822E+00  0.000000E+00
  4.900364E+00  0.000000E+00
  4.960638E+00  0.000000E+00
  5.021654E+00  0.000000E+00
  5.083421E+00  0.000000E+00
  5.145947E+00  0.000000E+00
  5.209242E+00  0.000000E+00
  5.273316E+00  0.000000E+00
  5.338177E+00  0.000000E+00
  5.403837E+00  0.000000E+00
  5.470304E+00  0.000000E+00
  5.537589E+00  0.000000E+00
  5.605701E+00  0.000000E+00
  5.674651E+00  0.000000E+00
  5.744450E+00  0.000000E+00
  5.815106E+00  0.000000E+00
  5.886632E+00  0.000000E+00
  5.959038E+00  0.000000E+00
  6.032334E+00  0.000000E+00
  6.106532E+00  0.000000E+00
  6.181642E+00  0.000000E+00
  6.257676E+00  0.000000E+00
  6.334645E+00  0.000000E+00
  6.412562E+00  0.000000E+00
  6.491436E+00  0.000000E+00
  6.571281E+00  0.000000E+00
  6.652108E+00  0.000000E+00
  6.733928E+00  0.000000E+00
  6.816756E+00  0.000000E+00
  6.900602E+00  0.000000E+00
  6.985479E+00  0.000000E+00
  7.071401E+00  0.000000E+00
  7.158379E+00  0.000000E+00
  7.246427E+00  0.000000E+00
  7.335558E+00  0.000000E+00
  7.425785E+00  0.000000E+00
  7.517123E+00  0.000000E+00
  7.609583E+00  0.000000E+00
  7.703181E+00  0.000000E+00
  7.797930E+00  0.000000E+00
  7.893845E+00  0.000000E+00
  7.990939E+00  0.000000E+00
  8.089228E+00  0.000000E+00
  8.188725E+00  0.000000E+00
  8.289446E+00  0.000000E+00
  8.391407E+00  0.000000E+00
  8.494621E+00  0.000000E+00
  8.599105E+00  0.000000E+00
  8.704874E+00  0.000000E+00
  8.811944E+00  0.000000E+00
  8.920331E+00  0.000000E+00
  9.030051E+00  0.000000E+00
  9.141120E+00  0.000000E+00
  9.253556E+00  0.000000E+00
  9.367375E+00  0.000000E+00
  9.482593E+00  0.000000E+00
  9.599229E+00  0.000000E+00
  9.717300E+00  0.000000E+00
  9.836823E+00  0.000000E+00
  9.957816E+00  0.000000E+00
  1.008030E+01  0.000000E+00
  1.020428E+01  0.000000E+00
  1.032980E+01  0.000000E+00
  1.045685E+01  0.000000E+00
  1.058547E+01  0.000000E+00
  1.071567E+01  0.000000E+00
  1.084748E+01  0.000000E+00
  1.098090E+01  0.000000E+00
  1.111597E+01  0.000000E+00
  1.125269E+01  0.000000E+00
  1.139110E+01  0.000000E+00
  1.153121E+01  0.000000E+00
  1.167304E+01  0.000000E+00
  1.181662E+01  0.000000E+00
  1.196197E+01  0.000000E+00
  1.210910E+01  0.000000E+00
  1.225804E+01  0.000000E+00
  1.240882E+01  0.000000E+00
  1.256144E+01  0.000000E+00
  1.271595E+01  0.000000E+00
  1.287236E+01  0.000000E+00
  1.303069E+01  0.000000E+00
  1.319096E+01  0.000000E+00
  1.335321E+01  0.000000E+00
  1.351746E+01  0.000000E+00
  1.368372E+01  0.000000E+00
  1.385203E+01  0.000000E+00
  1.402241E+01  0.000000E+00
  1.419489E+01  0.000000E+00
  1.436948E+01  0.000000E+00
  1.454623E+01  0.000000E+00
  1.472515E+01  0.000000E+00
  1.490627E+01  0.000000E+00
  1.508961E+01  0.000000E+00
  1.527522E+01  0.000000E+00
  1.546310E+01  0.000000E+00
  1.565330E+01  0.000000E+00
  1.584583E+01  0.000000E+00
  1.604074E+01  0.000000E+00
  1.623804E+01  0.000000E+00
  1.643777E+01  0.000000E+00
  1.663995E+01  0.000000E+00
  1.684462E+01  0.000000E+00
  1.705181E+01  0.000000E+00
  1.726155E+01  0.000000E+00
  1.747386E+01  0.000000E+00
  1.768879E+01  0.000000E+00
  1.790637E+01  0.000000E+00
  1.812661E+01  0.000000E+00
  1.834957E+01  0.000000E+00
  1.857527E+01  0.000000E+00
  1.880375E+01  0.000000E+00
  1.903503E+01  0.000000E+00
  1.926916E+01  0.000000E+00
  1.950617E+01  0.000000E+00
  1.974610E+01  0.000000E+00
  1.998898E+01  0.000000E+00
  2.023484E+01  0.000000E+00
  2.048373E+01  0.000000E+00
  2.073568E+01  0.000000E+00
  2.099073E+01  0.000000E+00
  2.124892E+01  0.000000E+00
  2.151028E+01  0.000000E+00
  2.177485E+01  0.000000E+00
  2.204268E+01  0.000000E+00
  2.231381E+01  0.000000E+00
  2.258827E+01  0.000000E+00
  2.286610E+01  0.000000E+00
  2.314736E+01  0.000000E+00
  2.343207E+01  0.000000E+00
  2.372028E+01  0.000000E+00
  2.401204E+01  0.000000E+00
  2.430739E+01  0.000000E+00
  2.460637E+01  0.000000E+00
  2.490903E+01  0.000000E+00
  2.521541E+01  0.000000E+00
  2.552556E+01  0.000000E+00
  2.583953E+01  0.000000E+00
  2.615735E+01  0.000000E+00
  2.647909E+01  0.000000E+00
  2.680478E+01  0.000000E+00
  2.713448E+01  0.000000E+00
  2.746823E+01  0.000000E+00
  2.780609E+01  0.000000E+00
  2.814811E+01  0.000000E+00
  2.849433E+01  0.000000E+00
  2.884481E+01  0.000000E+00
  2.919960E+01  0.000000E+00
  2.955876E+01  0.000000E+00
  2.992233E+01  0.000000E+00
  3.029037E+01  0.000000E+00
  3.066295E+01  0.000000E+00
  3.104010E+01  0.000000E+00
  3.142189E+01  0.000000E+00
  3.180838E+01  0.000000E+00
  3.219963E+01  0.000000E+00
  3.259568E+01  0.000000E+00
  3.299661E+01  0.000000E+00
  3.340247E+01  0.000000E+00
  3.381332E+01  0.000000E+00
  3.422922E+01  0.000000E+00
  3.465024E+01  0.000000E+00
  3.507644E+01  0.000000E+00
  3.550788E+01  0.000000E+00
  3.594462E+01  0.000000E+00
  3.638674E+01  0.000000E+00
  3.683430E+01  0.000000E+00
  3.728736E+01  0.000000E+00
  3.774600E+01  0.000000E+00
  3.821027E+01  0.000000E+00
  3.868026E+01  0.000000E+00
  3.915603E+01  0.000000E+00
  3.963764E+01  0.000000E+00
  4.012519E+01  0.000000E+00
  4.061873E+01  0.000000E+00
  4.111834E+01  0.000000E+00
  4.162409E+01  0.000000E+00
  4.213607E+01  0.000000E+00
  4.265434E+01  0.000000E+00
  4.317899E+01  0.000000E+00
  4.371009E+01  0.000000E+00
  4.424773E+01  0.000000E+00
  4.479197E+01  0.000000E+00
  4.534292E+01  0.000000E+00
  4.590063E+01  0.000000E+00
  4.646521E+01  0.000000E+00
  4.703673E+01  0.000000E+00
  4.761529E+01  0.000000E+00
  4.820095E+01  0.000000E+00
  4.879383E+01  0.000000E+00
  4.939399E+01  0.000000E+00
  5.000154E+01  0.000000E+00
  5.061655E+01  0.000000E+00
  5.123914E+01  0.000000E+00
  5.186938E+01  0.000000E+00
  5.250737E+01  0.000000E+00
  5.315321E+01  0.000000E+00
  5.380700E+01  0.000000E+00
  5.446882E+01  0.000000E+00
  5.513879E+01  0.000000E+00
  5.581700E+01  0.000000E+00
  5.650355E+01  0.000000E+00
  5.719854E+01  0.000000E+00
  5.790208E+01  0.000000E+00
  5.861428E+01  0.000000E+00
  5.933523E+01  0.000000E+00
  6.006506E+01  0.000000E+00
  6.080386E+01  0.000000E+00
  6.155174E+01  0.000000E+00
  6.230883E+01  0.000000E+00
  6.307523E+01  0.000000E+00
  6.385106E+01  0.000000E+00
  6.463642E+01  0.000000E+00
  6.543145E+01  0.000000E+00
  6.623626E+01  0.000000E+00
  6.705096E+01  0.000000E+00
  6.787569E+01  0.000000E+00
  6.871056E+01  0.000000E+00
  6.955570E+01  0.000000E+00
  7.041124E+01  0.000000E+00
  7.127730E+01  0.000000E+00
  7.215401E+01  0.000000E+00
  7.304150E+01  0.000000E+00
  7.393991E+01  0.000000E+00
  7.484937E+01  0.000000E+00
  7.577002E+01  0.000000E+00
  7.670199E+01  0.000000E+00
  7.764542E+01  0.000000E+00
  7.860046E+01  0.000000E+00
  7.956725E+01  0.000000E+00
