  2.403846E-04  1.597858E-04  7.966052E-03
  2.433413E-04  1.617511E-04  8.061624E-03
  2.463344E-04  1.637407E-04  8.158335E-03
  2.493644E-04  1.657547E-04  8.256199E-03
  2.524315E-04  1.677935E-04  8.355228E-03
  2.555364E-04  1.698573E-04  8.455436E-03
  2.586795E-04  1.719466E-04  8.556836E-03
  2.618613E-04  1.740615E-04  8.659444E-03
  2.650822E-04  1.762025E-04  8.763272E-03
  2.683427E-04  1.783698E-04  8.868336E-03
  2.716433E-04  1.805637E-04  8.974650E-03
  2.749845E-04  1.827846E-04  9.082228E-03
  2.783668E-04  1.850329E-04  9.191085E-03
  2.817908E-04  1.873088E-04  9.301236E-03
  2.852568E-04  1.896127E-04  9.412696E-03
  2.887654E-04  1.919449E-04  9.525481E-03
  2.923173E-04  1.943059E-04  9.639607E-03
  2.959128E-04  1.966958E-04  9.755087E-03
  2.995525E-04  1.991152E-04  9.871940E-03
  3.032370E-04  2.015643E-04  9.990180E-03
  3.069668E-04  2.040435E-04  1.010982E-02
  3.107425E-04  2.065533E-04  1.023089E-02
  3.145646E-04  2.090939E-04  1.035339E-02
  3.184338E-04  2.116657E-04  1.047734E-02
  3.223505E-04  2.142692E-04  1.060277E-02
  3.263154E-04  2.169048E-04  1.072968E-02
  3.303291E-04  2.195727E-04  1.085810E-02
  3.343921E-04  2.222734E-04  1.098803E-02
  3.385052E-04  2.250074E-04  1.111951E-02
  3.426688E-04  2.277750E-04  1.125255E-02
  3.468836E-04  2.305766E-04  1.138716E-02
  3.511503E-04  2.334127E-04  1.152337E-02
  3.554694E-04  2.362837E-04  1.166119E-02
  3.598417E-04  2.391900E-04  1.180064E-02
  3.642677E-04  2.421320E-04  1.194174E-02
  3.687482E-04  2.451103E-04  1.208451E-02
  3.732838E-04  2.481251E-04  1.222897E-02
  3.778752E-04  2.511771E-04  1.237514E-02
  3.825231E-04  2.542666E-04  1.252304E-02
  3.872281E-04  2.573940E-04  1.267268E-02
  3.919910E-04  2.605600E-04  1.282410E-02
  3.968125E-04  2.637649E-04  1.297730E-02
  4.016933E-04  2.670092E-04  1.313231E-02
  4.066342E-04  2.702934E-04  1.328915E-02
  4.116358E-04  2.736180E-04  1.344784E-02
  4.166989E-04  2.769835E-04  1.360841E-02
  4.218243E-04  2.803905E-04  1.377087E-02
  4.270127E-04  2.838393E-04  1.393524E-02
  4.322650E-04  2.873305E-04  1.410155E-02
  4.375818E-04  2.908647E-04  1.426983E-02
  4.429641E-04  2.944423E-04  1.444008E-02
  4.484125E-04  2.980640E-04  1.461235E-02
  4.539280E-04  3.017302E-04  1.478664E-02
  4.595113E-04  3.054414E-04  1.496298E-02
  4.651633E-04  3.091984E-04  1.514140E-02
  4.708848E-04  3.130015E-04  1.532191E-02
  4.766767E-04  3.168515E-04  1.550455E-02
  4.825398E-04  3.207488E-04  1.568934E-02
  4.884751E-04  3.246940E-04  1.587630E-02
  4.944833E-04  3.286877E-04  1.606545E-02
  5.005655E-04  3.327306E-04  1.625683E-02
  5.067224E-04  3.368232E-04  1.645045E-02
  5.129551E-04  3.409661E-04  1.664635E-02
  5.192644E-04  3.451600E-04  1.684454E-02
  5.256514E-04  3.494055E-04  1.704506E-02
  5.321169E-04  3.537032E-04  1.724793E-02
  5.386620E-04  3.580538E-04  1.745318E-02
  5.452875E-04  3.624579E-04  1.766083E-02
  5.519945E-04  3.669161E-04  1.787092E-02
  5.587841E-04  3.714292E-04  1.808346E-02
  5.656571E-04  3.759978E-04  1.829849E-02
  5.726147E-04  3.806226E-04  1.851604E-02
  5.796579E-04  3.853043E-04  1.873613E-02
  5.867876E-04  3.900436E-04  1.895879E-02
  5.940051E-04  3.948411E-04  1.918405E-02
  6.013114E-04  3.996977E-04  1.941195E-02
  6.087075E-04  4.046140E-04  1.964250E-02
  6.161946E-04  4.095908E-04  1.987574E-02
  6.237738E-04  4.146288E-04  2.011171E-02
  6.314462E-04  4.197287E-04  2.035042E-02
  6.392130E-04  4.248914E-04  2.059192E-02
  6.470753E-04  4.301176E-04  2.083623E-02
  6.550344E-04  4.354081E-04  2.108339E-02
  6.630913E-04  4.407637E-04  2.133342E-02
  6.712473E-04  4.461851E-04  2.158636E-02
  6.795037E-04  4.516732E-04  2.184223E-02
  6.878616E-04  4.572288E-04  2.210109E-02
  6.963223E-04  4.628528E-04  2.236295E-02
  7.048870E-04  4.685459E-04  2.262785E-02
  7.135571E-04  4.743091E-04  2.289582E-02
  7.223339E-04  4.801431E-04  2.316690E-02
  7.312186E-04  4.860489E-04  2.344112E-02
  7.402126E-04  4.920274E-04  2.371852E-02
  7.493172E-04  4.980794E-04  2.399913E-02
  7.585338E-04  5.042058E-04  2.428299E-02
  7.678638E-04  5.104076E-04  2.457013E-02
  7.773085E-04  5.166857E-04  2.486060E-02
  7.868694E-04  5.230410E-04  2.515441E-02
  7.965479E-04  5.294744E-04  2.545163E-02
  8.063454E-04  5.359870E-04  2.575227E-02
  8.162635E-04  5.425797E-04  2.605637E-02
  8.263035E-04  5.492535E-04  2.636399E-02
  8.364670E-04  5.560094E-04  2.667515E-02
  8.467556E-04  5.628484E-04  2.698989E-02
  8.571707E-04  5.697715E-04  2.730825E-02
  8.677139E-04  5.767798E-04  2.763027E-02
  8.783867E-04  5.838743E-04  2.795600E-02
  8.891909E-04  5.910560E-04  2.828546E-02
  9.001280E-04  5.983261E-04  2.861871E-02
  9.111995E-04  6.056856E-04  2.895577E-02
  9.224073E-04  6.131357E-04  2.929671E-02
  9.337529E-04  6.206773E-04  2.964154E-02
  9.452381E-04  6.283118E-04  2.999033E-02
  9.568645E-04  6.360401E-04  3.034310E-02
  9.686339E-04  6.438635E-04  3.069991E-02
  9.805481E-04  6.517832E-04  3.106079E-02
  9.926089E-04  6.598002E-04  3.142579E-02
  1.004818E-03  6.679159E-04  3.179496E-02
  1.017177E-03  6.761314E-04  3.216833E-02
  1.029688E-03  6.844479E-04  3.254596E-02
  1.042354E-03  6.928668E-04  3.292788E-02
  1.055175E-03  7.013892E-04  3.331415E-02
  1.068153E-03  7.100164E-04  3.370481E-02
  1.081292E-03  7.187498E-04  3.409990E-02
  1.094591E-03  7.275906E-04  3.449947E-02
  1.108055E-03  7.365401E-04  3.490358E-02
  1.121684E-03  7.455997E-04  3.531226E-02
  1.135481E-03  7.547708E-04  3.572556E-02
  1.149447E-03  7.640547E-04  3.614354E-02
  1.163585E-03  7.734527E-04  3.656625E-02
  1.177897E-03  7.829664E-04  3.699372E-02
  1.192386E-03  7.925971E-04  3.742601E-02
  1.207052E-03  8.023463E-04  3.786318E-02
  1.221899E-03  8.122154E-04  3.830527E-02
  1.236928E-03  8.222059E-04  3.875233E-02
  1.252142E-03  8.323193E-04  3.920441E-02
  1.267544E-03  8.425570E-04  3.966157E-02
  1.283134E-03  8.529208E-04  4.012386E-02
  1.298917E-03  8.634120E-04  4.059133E-02
  1.314894E-03  8.740322E-04  4.106403E-02
  1.331067E-03  8.847831E-04  4.154201E-02
  1.347439E-03  8.956663E-04  4.202534E-02
  1.364012E-03  9.066833E-04  4.251406E-02
  1.380790E-03  9.178358E-04  4.300823E-02
  1.397773E-03  9.291255E-04  4.350790E-02
  1.414966E-03  9.405542E-04  4.401313E-02
  1.432370E-03  9.521233E-04  4.452397E-02
  1.449988E-03  9.638348E-04  4.504049E-02
  1.467823E-03  9.756904E-04  4.556273E-02
  1.485877E-03  9.876918E-04  4.609076E-02
  1.504154E-03  9.998409E-04  4.662463E-02
  1.522655E-03  1.012139E-03  4.716439E-02
  1.541383E-03  1.024589E-03  4.771012E-02
  1.560342E-03  1.037192E-03  4.826186E-02
  1.579535E-03  1.049950E-03  4.881967E-02
  1.598963E-03  1.062865E-03  4.938362E-02
  1.618630E-03  1.075939E-03  4.995377E-02
  1.638539E-03  1.089173E-03  5.053016E-02
  1.658693E-03  1.102571E-03  5.111287E-02
  1.679095E-03  1.116133E-03  5.170196E-02
  1.699748E-03  1.129862E-03  5.229748E-02
  1.720655E-03  1.143760E-03  5.289950E-02
  1.741819E-03  1.157829E-03  5.350808E-02
  1.763243E-03  1.172071E-03  5.412329E-02
  1.784931E-03  1.186488E-03  5.474517E-02
  1.806886E-03  1.201083E-03  5.537381E-02
  1.829111E-03  1.215857E-03  5.600925E-02
  1.851609E-03  1.230813E-03  5.665157E-02
  1.874384E-03  1.245952E-03  5.730083E-02
  1.897438E-03  1.261279E-03  5.795709E-02
  1.920777E-03  1.276793E-03  5.862042E-02
  1.944402E-03  1.292499E-03  5.929088E-02
  1.968319E-03  1.308397E-03  5.996854E-02
  1.992529E-03  1.324492E-03  6.065346E-02
  2.017037E-03  1.340784E-03  6.134571E-02
  2.041847E-03  1.357277E-03  6.204536E-02
  2.066961E-03  1.373972E-03  6.275247E-02
  2.092385E-03  1.390873E-03  6.346711E-02
  2.118121E-03  1.407982E-03  6.418934E-02
  2.144174E-03  1.425302E-03  6.491924E-02
  2.170548E-03  1.442834E-03  6.565686E-02
  2.197245E-03  1.460583E-03  6.640228E-02
  2.224271E-03  1.478549E-03  6.715557E-02
  2.251630E-03  1.496737E-03  6.791680E-02
  2.279325E-03  1.515148E-03  6.868602E-02
  2.307361E-03  1.533786E-03  6.946332E-02
  2.335741E-03  1.552653E-03  7.024875E-02
  2.364471E-03  1.571752E-03  7.104239E-02
  2.393554E-03  1.591087E-03  7.184431E-02
  2.422995E-03  1.610659E-03  7.265458E-02
  2.452797E-03  1.630472E-03  7.347326E-02
  2.482967E-03  1.650529E-03  7.430042E-02
  2.513507E-03  1.670832E-03  7.513614E-02
  2.544423E-03  1.691386E-03  7.598049E-02
  2.575720E-03  1.712192E-03  7.683352E-02
  2.607401E-03  1.733254E-03  7.769532E-02
  2.639472E-03  1.754575E-03  7.856595E-02
  2.671938E-03  1.776159E-03  7.944549E-02
  2.704803E-03  1.798008E-03  8.033399E-02
  2.738072E-03  1.820127E-03  8.123154E-02
  2.771750E-03  1.842517E-03  8.213819E-02
  2.805842E-03  1.865183E-03  8.305403E-02
  2.840354E-03  1.888127E-03  8.397912E-02
  2.875291E-03  1.911354E-03  8.491352E-02
  2.910657E-03  1.934867E-03  8.585732E-02
  2.946458E-03  1.958669E-03  8.681057E-02
  2.982699E-03  1.982764E-03  8.777335E-02
  3.019386E-03  2.007156E-03  8.874572E-02
  3.056525E-03  2.031848E-03  8.972775E-02
  3.094120E-03  2.056843E-03  9.071952E-02
  3.132178E-03  2.082146E-03  9.172108E-02
  3.170704E-03  2.107761E-03  9.273252E-02
  3.209703E-03  2.133690E-03  9.375388E-02
  3.249183E-03  2.159939E-03  9.478525E-02
  3.289148E-03  2.186511E-03  9.582668E-02
  3.329604E-03  2.213410E-03  9.687825E-02
  3.370558E-03  2.240640E-03  9.794001E-02
  3.412016E-03  2.268205E-03  9.901204E-02
  3.453984E-03  2.296109E-03  1.000944E-01
  3.496468E-03  2.324357E-03  1.011871E-01
  3.539474E-03  2.352952E-03  1.022904E-01
  3.583010E-03  2.381899E-03  1.034041E-01
  3.627081E-03  2.411202E-03  1.045284E-01
  3.671694E-03  2.440867E-03  1.056633E-01
  3.716856E-03  2.470896E-03  1.068090E-01
  3.762573E-03  2.501295E-03  1.079654E-01
  3.808853E-03  2.532068E-03  1.091326E-01
  3.855702E-03  2.563220E-03  1.103107E-01
  3.903127E-03  2.594755E-03  1.114998E-01
  3.951135E-03  2.626678E-03  1.126998E-01
  3.999734E-03  2.658995E-03  1.139109E-01
  4.048931E-03  2.691709E-03  1.151331E-01
  4.098733E-03  2.724826E-03  1.163665E-01
  4.149147E-03  2.758350E-03  1.176111E-01
  4.200182E-03  2.792287E-03  1.188669E-01
  4.251844E-03  2.826642E-03  1.201340E-01
  4.304142E-03  2.861420E-03  1.214125E-01
  4.357083E-03  2.896626E-03  1.227024E-01
  4.410675E-03  2.932266E-03  1.240038E-01
  4.464926E-03  2.968344E-03  1.253166E-01
  4.519845E-03  3.004867E-03  1.266410E-01
  4.575439E-03  3.041839E-03  1.279769E-01
  4.631717E-03  3.079266E-03  1.293245E-01
  4.688687E-03  3.117155E-03  1.306837E-01
  4.746358E-03  3.155509E-03  1.320546E-01
  4.804738E-03  3.194336E-03  1.334373E-01
  4.863836E-03  3.233642E-03  1.348317E-01
  4.923661E-03  3.273431E-03  1.362379E-01
  4.984222E-03  3.313710E-03  1.376559E-01
  5.045528E-03  3.354485E-03  1.390857E-01
  5.107588E-03  3.395762E-03  1.405274E-01
  5.170412E-03  3.437548E-03  1.419810E-01
  5.234008E-03  3.479848E-03  1.434465E-01
  5.298386E-03  3.522670E-03  1.449240E-01
  5.363556E-03  3.566018E-03  1.464133E-01
  5.429528E-03  3.609901E-03  1.479146E-01
  5.496311E-03  3.654324E-03  1.494279E-01
  5.563916E-03  3.699295E-03  1.509531E-01
  5.632352E-03  3.744819E-03  1.524903E-01
  5.701630E-03  3.790904E-03  1.540395E-01
  5.771760E-03  3.837557E-03  1.556006E-01
  5.842752E-03  3.884785E-03  1.571737E-01
  5.914618E-03  3.932594E-03  1.587587E-01
  5.987368E-03  3.980993E-03  1.603557E-01
  6.061013E-03  4.029988E-03  1.619646E-01
  6.135563E-03  4.079586E-03  1.635854E-01
  6.211031E-03  4.129796E-03  1.652181E-01
  6.287426E-03  4.180625E-03  1.668626E-01
  6.364762E-03  4.232080E-03  1.685190E-01
  6.443048E-03  4.284169E-03  1.701871E-01
  6.522298E-03  4.336900E-03  1.718670E-01
  6.602522E-03  4.390281E-03  1.735586E-01
  6.683733E-03  4.444320E-03  1.752619E-01
  6.765943E-03  4.499025E-03  1.769768E-01
  6.849164E-03  4.554405E-03  1.787032E-01
  6.933409E-03  4.610467E-03  1.804411E-01
  7.018690E-03  4.667221E-03  1.821904E-01
  7.105020E-03  4.724674E-03  1.839511E-01
  7.192411E-03  4.782836E-03  1.857231E-01
  7.280878E-03  4.841715E-03  1.875063E-01
  7.370433E-03  4.901320E-03  1.893006E-01
  7.461089E-03  4.961660E-03  1.911060E-01
  7.552860E-03  5.022744E-03  1.929222E-01
  7.645761E-03  5.084582E-03  1.947493E-01
  7.739803E-03  5.147182E-03  1.965871E-01
  7.835003E-03  5.210555E-03  1.984355E-01
  7.931374E-03  5.274709E-03  2.002944E-01
  8.028930E-03  5.339656E-03  2.021637E-01
  8.127685E-03  5.405403E-03  2.040432E-01
  8.227656E-03  5.471962E-03  2.059327E-01
  8.328856E-03  5.539342E-03  2.078322E-01
  8.431301E-03  5.607554E-03  2.097415E-01
  8.535006E-03  5.676608E-03  2.116604E-01
  8.639987E-03  5.746514E-03  2.135888E-01
  8.746258E-03  5.817283E-03  2.155264E-01
  8.853837E-03  5.888926E-03  2.174732E-01
  8.962740E-03  5.961454E-03  2.194288E-01
  9.072981E-03  6.034877E-03  2.213932E-01
  9.184579E-03  6.109207E-03  2.233660E-01
  9.297549E-03  6.184455E-03  2.253472E-01
  9.411909E-03  6.260632E-03  2.273364E-01
  9.527676E-03  6.337751E-03  2.293335E-01
  9.644866E-03  6.415822E-03  2.313381E-01
  9.763498E-03  6.494859E-03  2.333501E-01
  9.883589E-03  6.574871E-03  2.353691E-01
  1.000516E-02  6.655873E-03  2.373950E-01
  1.012822E-02  6.737876E-03  2.394274E-01
  1.025280E-02  6.820893E-03  2.414660E-01
  1.037891E-02  6.904937E-03  2.435106E-01
  1.050657E-02  6.990019E-03  2.455608E-01
  1.063580E-02  7.076154E-03  2.476164E-01
  1.076662E-02  7.163354E-03  2.496769E-01
  1.089905E-02  7.251633E-03  2.517421E-01
  1.103311E-02  7.341005E-03  2.538116E-01
  1.116881E-02  7.431482E-03  2.558850E-01
  1.130619E-02  7.523079E-03  2.579620E-01
  1.144526E-02  7.615810E-03  2.600421E-01
  1.158603E-02  7.709689E-03  2.621251E-01
  1.172854E-02  7.804730E-03  2.642104E-01
  1.187280E-02  7.900949E-03  2.662976E-01
  1.201884E-02  7.998359E-03  2.683863E-01
  1.216667E-02  8.096976E-03  2.704762E-01
  1.231632E-02  8.196815E-03  2.725666E-01
  1.246781E-02  8.297891E-03  2.746571E-01
  1.262116E-02  8.400221E-03  2.767473E-01
  1.277640E-02  8.503819E-03  2.788366E-01
  1.293355E-02  8.608702E-03  2.809246E-01
  1.309264E-02  8.714885E-03  2.830106E-01
  1.325368E-02  8.822387E-03  2.850942E-01
  1.341670E-02  8.931222E-03  2.871748E-01
  1.358172E-02  9.041407E-03  2.892518E-01
  1.374878E-02  9.152961E-03  2.913247E-01
  1.391789E-02  9.265900E-03  2.933927E-01
  1.408908E-02  9.380242E-03  2.954554E-01
  1.426237E-02  9.496004E-03  2.975121E-01
  1.443780E-02  9.613205E-03  2.995621E-01
  1.461538E-02  9.731862E-03  3.016048E-01
  1.479515E-02  9.851995E-03  3.036394E-01
  1.497713E-02  9.973622E-03  3.056653E-01
  1.516135E-02  1.009676E-02  3.076818E-01
  1.534784E-02  1.022143E-02  3.096881E-01
  1.553662E-02  1.034766E-02  3.116835E-01
  1.572772E-02  1.047545E-02  3.136672E-01
  1.592117E-02  1.060484E-02  3.156385E-01
  1.611700E-02  1.073584E-02  3.175965E-01
  1.631524E-02  1.086847E-02  3.195404E-01
  1.651591E-02  1.100276E-02  3.214693E-01
  1.671906E-02  1.113872E-02  3.233825E-01
  1.692470E-02  1.127637E-02  3.252790E-01
  1.713288E-02  1.141575E-02  3.271579E-01
  1.734361E-02  1.155686E-02  3.290184E-01
  1.755694E-02  1.169974E-02  3.308595E-01
  1.777289E-02  1.184440E-02  3.326802E-01
  1.799150E-02  1.199087E-02  3.344796E-01
  1.821279E-02  1.213917E-02  3.362566E-01
  1.843681E-02  1.228932E-02  3.380104E-01
  1.866358E-02  1.244136E-02  3.397398E-01
  1.889314E-02  1.259530E-02  3.414437E-01
  1.912553E-02  1.275116E-02  3.431212E-01
  1.936077E-02  1.290898E-02  3.447712E-01
  1.959891E-02  1.306878E-02  3.463924E-01
  1.983998E-02  1.323058E-02  3.479839E-01
  2.008401E-02  1.339442E-02  3.495443E-01
  2.033104E-02  1.356031E-02  3.510727E-01
  2.058111E-02  1.372828E-02  3.525677E-01
  2.083426E-02  1.389837E-02  3.540282E-01
  2.109052E-02  1.407059E-02  3.554529E-01
  2.134994E-02  1.424498E-02  3.568406E-01
  2.161254E-02  1.442156E-02  3.581900E-01
  2.187838E-02  1.460037E-02  3.594998E-01
  2.214748E-02  1.478144E-02  3.607687E-01
  2.241989E-02  1.496478E-02  3.619954E-01
  2.269566E-02  1.515044E-02  3.631785E-01
  2.297481E-02  1.533845E-02  3.643165E-01
  2.325740E-02  1.552883E-02  3.654083E-01
  2.354347E-02  1.572161E-02  3.664522E-01
  2.383306E-02  1.591684E-02  3.674469E-01
  2.412620E-02  1.611454E-02  3.683909E-01
  2.442295E-02  1.631474E-02  3.692827E-01
  2.472336E-02  1.651748E-02  3.701209E-01
  2.502745E-02  1.672279E-02  3.709039E-01
  2.533529E-02  1.693071E-02  3.716302E-01
  2.564692E-02  1.714127E-02  3.722982E-01
  2.596237E-02  1.735451E-02  3.729064E-01
  2.628171E-02  1.757046E-02  3.734532E-01
  2.660498E-02  1.778916E-02  3.739370E-01
  2.693222E-02  1.801065E-02  3.743561E-01
  2.726348E-02  1.823497E-02  3.747089E-01
  2.759882E-02  1.846215E-02  3.749938E-01
  2.793829E-02  1.869223E-02  3.752090E-01
  2.828193E-02  1.892526E-02  3.753529E-01
  2.862980E-02  1.916127E-02  3.754238E-01
  2.898194E-02  1.940031E-02  3.754200E-01
  2.933842E-02  1.964241E-02  3.753396E-01
  2.969928E-02  1.988762E-02  3.751811E-01
  3.006459E-02  2.013598E-02  3.749426E-01
  3.043438E-02  2.038755E-02  3.746223E-01
  3.080872E-02  2.064235E-02  3.742185E-01
  3.118767E-02  2.090043E-02  3.737294E-01
  3.157128E-02  2.116185E-02  3.731531E-01
  3.195961E-02  2.142665E-02  3.724879E-01
  3.235271E-02  2.169487E-02  3.717320E-01
  3.275065E-02  2.196657E-02  3.708834E-01
  3.315348E-02  2.224180E-02  3.699405E-01
  3.356127E-02  2.252059E-02  3.689013E-01
  3.397407E-02  2.280302E-02  3.677640E-01
  3.439195E-02  2.308912E-02  3.665267E-01
  3.481497E-02  2.337895E-02  3.651877E-01
  3.524320E-02  2.367256E-02  3.637451E-01
  3.567669E-02  2.397001E-02  3.621970E-01
  3.611551E-02  2.427135E-02  3.605416E-01
  3.655973E-02  2.457665E-02  3.587770E-01
  3.700942E-02  2.488595E-02  3.569015E-01
  3.746463E-02  2.519932E-02  3.549132E-01
  3.792545E-02  2.551681E-02  3.528102E-01
  3.839193E-02  2.583849E-02  3.505908E-01
  3.886415E-02  2.616442E-02  3.482532E-01
  3.934218E-02  2.649466E-02  3.457956E-01
  3.982609E-02  2.682928E-02  3.432161E-01
  4.031595E-02  2.716833E-02  3.405132E-01
  4.081184E-02  2.751190E-02  3.376849E-01
  4.131382E-02  2.786004E-02  3.347297E-01
  4.182198E-02  2.821282E-02  3.316458E-01
  4.233639E-02  2.857032E-02  3.284315E-01
  4.285713E-02  2.893261E-02  3.250853E-01
  4.338427E-02  2.929975E-02  3.216054E-01
  4.391790E-02  2.967184E-02  3.179903E-01
  4.445809E-02  3.004893E-02  3.142385E-01
  4.500492E-02  3.043110E-02  3.103484E-01
  4.555849E-02  3.081845E-02  3.063186E-01
  4.611885E-02  3.121104E-02  3.021475E-01
  4.668612E-02  3.160897E-02  2.978339E-01
  4.726036E-02  3.201231E-02  2.933764E-01
  4.784166E-02  3.242115E-02  2.887736E-01
  4.843011E-02  3.283557E-02  2.840244E-01
  4.902580E-02  3.325567E-02  2.791274E-01
  4.962882E-02  3.368154E-02  2.740816E-01
  5.023925E-02  3.411327E-02  2.688859E-01
  5.085720E-02  3.455096E-02  2.635392E-01
  5.148274E-02  3.499470E-02  2.580406E-01
  5.211598E-02  3.544459E-02  2.523892E-01
  5.275700E-02  3.590073E-02  2.465842E-01
  5.340591E-02  3.636323E-02  2.406247E-01
  5.406281E-02  3.683219E-02  2.345102E-01
  5.472778E-02  3.730772E-02  2.282400E-01
  5.540093E-02  3.778993E-02  2.218137E-01
  5.608236E-02  3.827893E-02  2.152308E-01
  5.677218E-02  3.877485E-02  2.084909E-01
  5.747047E-02  3.927778E-02  2.015939E-01
  5.817736E-02  3.978787E-02  1.945395E-01
  5.889294E-02  4.030522E-02  1.873277E-01
  5.961733E-02  4.082998E-02  1.799587E-01
  6.035062E-02  4.136226E-02  1.724324E-01
  6.109293E-02  4.190219E-02  1.647493E-01
  6.184437E-02  4.244992E-02  1.569097E-01
  6.260506E-02  4.300558E-02  1.489141E-01
  6.337510E-02  4.356932E-02  1.407631E-01
  6.415462E-02  4.414127E-02  1.324575E-01
  6.494372E-02  4.472159E-02  1.239982E-01
  6.574253E-02  4.531043E-02  1.153861E-01
  6.655116E-02  4.590795E-02  1.066224E-01
  6.736974E-02  4.651431E-02  9.770840E-02
  6.819839E-02  4.712966E-02  8.864550E-02
  6.903723E-02  4.775418E-02  7.943527E-02
  6.988638E-02  4.838805E-02  7.007944E-02
  7.074599E-02  4.903143E-02  6.057988E-02
  7.161616E-02  4.968451E-02  5.093861E-02
  7.249704E-02  5.034747E-02  4.115782E-02
  7.338875E-02  5.102051E-02  3.123987E-02
  7.429144E-02  5.170382E-02  2.118727E-02
  7.520522E-02  5.239760E-02  1.100270E-02
  7.613024E-02  5.310206E-02  6.890340E-04
  7.706665E-02  5.381740E-02 -9.750701E-03
  7.801457E-02  5.454386E-02 -2.031329E-02
  7.897415E-02  5.528164E-02 -3.099533E-02
  7.994553E-02  5.603098E-02 -4.179325E-02
  8.092886E-02  5.679212E-02 -5.270327E-02
  8.192428E-02  5.756529E-02 -6.372143E-02
  8.293195E-02  5.835075E-02 -7.484359E-02
  8.395201E-02  5.914874E-02 -8.606539E-02
  8.498462E-02  5.995954E-02 -9.738230E-02
  8.602993E-02  6.078340E-02 -1.087896E-01
  8.708810E-02  6.162062E-02 -1.202822E-01
  8.815929E-02  6.247147E-02 -1.318551E-01
  8.924365E-02  6.333625E-02 -1.435030E-01
  9.034134E-02  6.421525E-02 -1.552201E-01
  9.145254E-02  6.510880E-02 -1.670008E-01
  9.257741E-02  6.601720E-02 -1.788391E-01
  9.371611E-02  6.694079E-02 -1.907288E-01
  9.486882E-02  6.787991E-02 -2.026635E-01
  9.603570E-02  6.883489E-02 -2.146365E-01
  9.721694E-02  6.980612E-02 -2.266411E-01
  9.841271E-02  7.079394E-02 -2.386701E-01
  9.962319E-02  7.179874E-02 -2.507164E-01
  1.008486E-01  7.282092E-02 -2.627724E-01
  1.020890E-01  7.386088E-02 -2.748305E-01
  1.033447E-01  7.491902E-02 -2.868827E-01
  1.046158E-01  7.599579E-02 -2.989210E-01
  1.059026E-01  7.709162E-02 -3.109370E-01
  1.072052E-01  7.820697E-02 -3.229221E-01
  1.085238E-01  7.934230E-02 -3.348678E-01
  1.098587E-01  8.049810E-02 -3.467649E-01
  1.112099E-01  8.167486E-02 -3.586044E-01
  1.125778E-01  8.287311E-02 -3.703770E-01
  1.139625E-01  8.409337E-02 -3.820729E-01
  1.153643E-01  8.533619E-02 -3.936827E-01
  1.167832E-01  8.660213E-02 -4.051962E-01
  1.182197E-01  8.789177E-02 -4.166035E-01
  1.196738E-01  8.920571E-02 -4.278943E-01
  1.211458E-01  9.054458E-02 -4.390580E-01
  1.226359E-01  9.190901E-02 -4.500841E-01
  1.241443E-01  9.329967E-02 -4.609618E-01
  1.256713E-01  9.471722E-02 -4.716801E-01
  1.272170E-01  9.616239E-02 -4.822281E-01
  1.287818E-01  9.763588E-02 -4.925945E-01
  1.303658E-01  9.913846E-02 -5.027679E-01
  1.319693E-01  1.006709E-01 -5.127369E-01
  1.335925E-01  1.022340E-01 -5.224900E-01
  1.352357E-01  1.038285E-01 -5.320155E-01
  1.368991E-01  1.054554E-01 -5.413015E-01
  1.385830E-01  1.071155E-01 -5.503364E-01
  1.402875E-01  1.088098E-01 -5.591081E-01
  1.420131E-01  1.105391E-01 -5.676047E-01
  1.437598E-01  1.123044E-01 -5.758142E-01
  1.455281E-01  1.141068E-01 -5.837246E-01
  1.473181E-01  1.159472E-01 -5.913239E-01
  1.491301E-01  1.178268E-01 -5.985998E-01
  1.509644E-01  1.197466E-01 -6.055405E-01
  1.528212E-01  1.217078E-01 -6.121338E-01
  1.547009E-01  1.237116E-01 -6.183677E-01
  1.566038E-01  1.257592E-01 -6.242303E-01
  1.585300E-01  1.278518E-01 -6.297098E-01
  1.604799E-01  1.299908E-01 -6.347943E-01
  1.624538E-01  1.321775E-01 -6.394720E-01
  1.644520E-01  1.344134E-01 -6.437315E-01
  1.664748E-01  1.366997E-01 -6.475613E-01
  1.685224E-01  1.390381E-01 -6.509500E-01
  1.705952E-01  1.414301E-01 -6.538865E-01
  1.726935E-01  1.438772E-01 -6.563599E-01
  1.748177E-01  1.463811E-01 -6.583594E-01
  1.769679E-01  1.489436E-01 -6.598744E-01
  1.791446E-01  1.515662E-01 -6.608947E-01
  1.813481E-01  1.542510E-01 -6.614102E-01
  1.835787E-01  1.569997E-01 -6.614112E-01
  1.858367E-01  1.598143E-01 -6.608882E-01
  1.881225E-01  1.626967E-01 -6.598320E-01
  1.904364E-01  1.656491E-01 -6.582338E-01
  1.927788E-01  1.686736E-01 -6.560852E-01
  1.951500E-01  1.717724E-01 -6.533781E-01
  1.975503E-01  1.749478E-01 -6.501047E-01
  1.999802E-01  1.782020E-01 -6.462578E-01
  2.024399E-01  1.815377E-01 -6.418305E-01
  2.049299E-01  1.849571E-01 -6.368165E-01
  2.074506E-01  1.884630E-01 -6.312097E-01
  2.100022E-01  1.920581E-01 -6.250048E-01
  2.125852E-01  1.957450E-01 -6.181969E-01
  2.152000E-01  1.995266E-01 -6.107814E-01
  2.178470E-01  2.034059E-01 -6.027546E-01
  2.205265E-01  2.073858E-01 -5.941131E-01
  2.232390E-01  2.114696E-01 -5.848543E-01
  2.259848E-01  2.156603E-01 -5.749760E-01
  2.287645E-01  2.199614E-01 -5.644768E-01
  2.315783E-01  2.243762E-01 -5.533557E-01
  2.344267E-01  2.289082E-01 -5.416126E-01
  2.373101E-01  2.335612E-01 -5.292478E-01
  2.402290E-01  2.383386E-01 -5.162627E-01
  2.431838E-01  2.432445E-01 -5.026588E-01
  2.461750E-01  2.482827E-01 -4.884389E-01
  2.492030E-01  2.534573E-01 -4.736061E-01
  2.522682E-01  2.587725E-01 -4.581644E-01
  2.553711E-01  2.642324E-01 -4.421185E-01
  2.585121E-01  2.698415E-01 -4.254739E-01
  2.616918E-01  2.756042E-01 -4.082369E-01
  2.649106E-01  2.815251E-01 -3.904144E-01
  2.681690E-01  2.876090E-01 -3.720142E-01
  2.714675E-01  2.938606E-01 -3.530449E-01
  2.748066E-01  3.002848E-01 -3.335157E-01
  2.781867E-01  3.068867E-01 -3.134370E-01
  2.816084E-01  3.136714E-01 -2.928194E-01
  2.850722E-01  3.206441E-01 -2.716748E-01
  2.885785E-01  3.278101E-01 -2.500156E-01
  2.921281E-01  3.351748E-01 -2.278552E-01
  2.957212E-01  3.427436E-01 -2.052076E-01
  2.993586E-01  3.505222E-01 -1.820875E-01
  3.030407E-01  3.585162E-01 -1.585108E-01
  3.067681E-01  3.667313E-01 -1.344936E-01
  3.105414E-01  3.751731E-01 -1.100532E-01
  3.143610E-01  3.838475E-01 -8.520734E-02
  3.182277E-01  3.927604E-01 -5.997472E-02
  3.221419E-01  4.019174E-01 -3.437462E-02
  3.261042E-01  4.113244E-01 -8.427027E-03
  3.301153E-01  4.209872E-01  1.784736E-02
  3.341757E-01  4.309116E-01  4.442720E-02
  3.382861E-01  4.411033E-01  7.129051E-02
  3.424470E-01  4.515679E-01  9.841470E-02
  3.466591E-01  4.623108E-01  1.257766E-01
  3.509230E-01  4.733375E-01  1.533524E-01
  3.552394E-01  4.846533E-01  1.811179E-01
  3.596088E-01  4.962630E-01  2.090483E-01
  3.640320E-01  5.081714E-01  2.371184E-01
  3.685096E-01  5.203832E-01  2.653024E-01
  3.730422E-01  5.329025E-01  2.935744E-01
  3.776307E-01  5.457332E-01  3.219078E-01
  3.822755E-01  5.588786E-01  3.502760E-01
  3.869775E-01  5.723419E-01  3.786520E-01
  3.917373E-01  5.861255E-01  4.070083E-01
  3.965557E-01  6.002315E-01  4.353177E-01
  4.014333E-01  6.146610E-01  4.635525E-01
  4.063710E-01  6.294149E-01  4.916848E-01
  4.113693E-01  6.444929E-01  5.196869E-01
  4.164292E-01  6.598943E-01  5.475307E-01
  4.215513E-01  6.756173E-01  5.751883E-01
  4.267363E-01  6.916591E-01  6.026317E-01
  4.319852E-01  7.080160E-01  6.298327E-01
  4.372986E-01  7.246831E-01  6.567633E-01
  4.426774E-01  7.416543E-01  6.833956E-01
  4.481223E-01  7.589223E-01  7.097016E-01
  4.536342E-01  7.764783E-01  7.356535E-01
  4.592139E-01  7.943122E-01  7.612234E-01
  4.648622E-01  8.124122E-01  7.863839E-01
  4.705801E-01  8.307650E-01  8.111077E-01
  4.763682E-01  8.493556E-01  8.353677E-01
  4.822275E-01  8.681670E-01  8.591374E-01
  4.881589E-01  8.871805E-01  8.823907E-01
  4.941633E-01  9.063753E-01  9.051018E-01
  5.002415E-01  9.257286E-01  9.272459E-01
  5.063944E-01  9.452157E-01  9.487985E-01
  5.126231E-01  9.648093E-01  9.697360E-01
  5.189284E-01  9.844802E-01  9.900357E-01
  5.253112E-01  1.004197E+00  1.009676E+00
  5.317725E-01  1.023925E+00  1.028634E+00
  5.383133E-01  1.043629E+00  1.046892E+00
  5.449346E-01  1.063269E+00  1.064430E+00
  5.516373E-01  1.082806E+00  1.081228E+00
  5.584224E-01  1.102195E+00  1.097271E+00
  5.652910E-01  1.121392E+00  1.112542E+00
  5.722441E-01  1.140348E+00  1.127026E+00
  5.792827E-01  1.159014E+00  1.140710E+00
  5.864079E-01  1.177338E+00  1.153579E+00
  5.936207E-01  1.195267E+00  1.165623E+00
  6.009222E-01  1.212745E+00  1.176831E+00
  6.083135E-01  1.229716E+00  1.187194E+00
  6.157958E-01  1.246121E+00  1.196704E+00
  6.233701E-01  1.261902E+00  1.205355E+00
  6.310375E-01  1.276999E+00  1.213140E+00
  6.387993E-01  1.291352E+00  1.220056E+00
  6.466565E-01  1.304899E+00  1.226100E+00
  6.546104E-01  1.317579E+00  1.231270E+00
  6.626621E-01  1.329332E+00  1.235566E+00
  6.708129E-01  1.340098E+00  1.238990E+00
  6.790639E-01  1.349816E+00  1.241543E+00
  6.874164E-01  1.358428E+00  1.243229E+00
  6.958716E-01  1.365876E+00  1.244054E+00
  7.044308E-01  1.372104E+00  1.244022E+00
  7.130953E-01  1.377058E+00  1.243143E+00
  7.218664E-01  1.380688E+00  1.241424E+00
  7.307453E-01  1.382945E+00  1.238876E+00
  7.397335E-01  1.383786E+00  1.235510E+00
  7.488322E-01  1.383171E+00  1.231337E+00
  7.580428E-01  1.381066E+00  1.226371E+00
  7.673668E-01  1.377440E+00  1.220628E+00
  7.768054E-01  1.372273E+00  1.214121E+00
  7.863601E-01  1.365546E+00  1.206868E+00
  7.960323E-01  1.357251E+00  1.198886E+00
  8.058235E-01  1.347386E+00  1.190194E+00
  8.157351E-01  1.335957E+00  1.180810E+00
  8.257687E-01  1.322978E+00  1.170756E+00
  8.359256E-01  1.308470E+00  1.160051E+00
  8.462075E-01  1.292463E+00  1.148717E+00
  8.566159E-01  1.274994E+00  1.136777E+00
  8.671523E-01  1.256111E+00  1.124254E+00
  8.778182E-01  1.235866E+00  1.111171E+00
  8.886154E-01  1.214320E+00  1.097552E+00
  8.995454E-01  1.191542E+00  1.083421E+00
  9.106098E-01  1.167606E+00  1.068804E+00
  9.218103E-01  1.142594E+00  1.053726E+00
  9.331485E-01  1.116592E+00  1.038212E+00
  9.446263E-01  1.089692E+00  1.022288E+00
  9.562452E-01  1.061989E+00  1.005980E+00
  9.680070E-01  1.033583E+00  9.893140E-01
  9.799135E-01  1.004575E+00  9.723168E-01
  9.919664E-01  9.750690E-01  9.550144E-01
  1.004168E+00  9.451695E-01  9.374330E-01
  1.016519E+00  9.149810E-01  9.195989E-01
  1.029022E+00  8.846072E-01  9.015382E-01
  1.041679E+00  8.541504E-01  8.832768E-01
  1.054492E+00  8.237101E-01  8.648405E-01
  1.067462E+00  7.933828E-01  8.462548E-01
  1.080592E+00  7.632609E-01  8.275447E-01
  1.093883E+00  7.334322E-01  8.087353E-01
  1.107338E+00  7.039795E-01  7.898509E-01
  1.120958E+00  6.749796E-01  7.709156E-01
  1.134746E+00  6.465034E-01  7.519529E-01
  1.148703E+00  6.186151E-01  7.329859E-01
  1.162832E+00  5.913725E-01  7.140371E-01
  1.177135E+00  5.648262E-01  6.951286E-01
  1.191614E+00  5.390200E-01  6.762815E-01
  1.206271E+00  5.139907E-01  6.575168E-01
  1.221108E+00  4.897681E-01  6.388543E-01
  1.236127E+00  4.663755E-01  6.203136E-01
  1.251332E+00  4.438295E-01  6.019133E-01
  1.266723E+00  4.221407E-01  5.836713E-01
  1.282304E+00  4.013134E-01  5.656049E-01
  1.298076E+00  3.813469E-01  5.477304E-01
  1.314042E+00  3.622349E-01  5.300636E-01
  1.330205E+00  3.439669E-01  5.126193E-01
  1.346567E+00  3.265278E-01  4.954115E-01
  1.363130E+00  3.098990E-01  4.784535E-01
  1.379896E+00  2.940586E-01  4.617577E-01
  1.396869E+00  2.789817E-01  4.453358E-01
  1.414050E+00  2.646415E-01  4.291986E-01
  1.431443E+00  2.510088E-01  4.133559E-01
  1.449050E+00  2.380531E-01  3.978171E-01
  1.466873E+00  2.257428E-01  3.825904E-01
  1.484916E+00  2.140456E-01  3.676835E-01
  1.503180E+00  2.029286E-01  3.531029E-01
  1.521669E+00  1.923589E-01  3.388548E-01
  1.540386E+00  1.823038E-01  3.249442E-01
  1.559332E+00  1.727315E-01  3.113756E-01
  1.578512E+00  1.636107E-01  2.981528E-01
  1.597928E+00  1.549117E-01  2.852785E-01
  1.617582E+00  1.466064E-01  2.727551E-01
  1.637479E+00  1.386684E-01  2.605842E-01
  1.657620E+00  1.310737E-01  2.487665E-01
  1.678008E+00  1.238002E-01  2.373022E-01
  1.698648E+00  1.168285E-01  2.261910E-01
  1.719541E+00  1.101415E-01  2.154319E-01
  1.740692E+00  1.037247E-01  2.050231E-01
  1.762102E+00  9.756579E-02  1.949625E-01
  1.783776E+00  9.165480E-02  1.852474E-01
  1.805717E+00  8.598388E-02  1.758746E-01
  1.827927E+00  8.054702E-02  1.668402E-01
  1.850410E+00  7.533984E-02  1.581403E-01
  1.873170E+00  7.035925E-02  1.497700E-01
  1.896210E+00  6.560313E-02  1.417245E-01
  1.919534E+00  6.107001E-02  1.339984E-01
  1.943144E+00  5.675874E-02  1.265858E-01
  1.967045E+00  5.266812E-02  1.194808E-01
  1.991239E+00  4.879664E-02  1.126771E-01
  2.015732E+00  4.514224E-02  1.061679E-01
  2.040525E+00  4.170209E-02  9.994661E-02
  2.065624E+00  3.847242E-02  9.400605E-02
  2.091031E+00  3.544845E-02  8.833904E-02
  2.116750E+00  3.262435E-02  8.293822E-02
  2.142786E+00  2.999326E-02  7.779609E-02
  2.169143E+00  2.754733E-02  7.290508E-02
  2.195823E+00  2.527790E-02  6.825751E-02
  2.222832E+00  2.317561E-02  6.384565E-02
  2.250173E+00  2.123060E-02  5.966175E-02
  2.277850E+00  1.943280E-02  5.569805E-02
  2.305867E+00  1.777207E-02  5.194677E-02
  2.334229E+00  1.623854E-02  4.840018E-02
  2.362940E+00  1.482278E-02  4.505059E-02
  2.392005E+00  1.351604E-02  4.189036E-02
  2.421426E+00  1.231033E-02  3.891195E-02
  2.451210E+00  1.119852E-02  3.610787E-02
  2.481360E+00  1.017429E-02  3.347077E-02
  2.511880E+00  9.231876E-03  3.099340E-02
  2.542777E+00  8.365875E-03  2.866864E-02
  2.574053E+00  7.571146E-03  2.648951E-02
  2.605714E+00  6.842801E-03  2.444917E-02
  2.637764E+00  6.176201E-03  2.254095E-02
  2.670208E+00  5.566946E-03  2.075834E-02
  2.703052E+00  5.010878E-03  1.909498E-02
  2.736299E+00  4.504064E-03  1.754473E-02
  2.769956E+00  4.042797E-03  1.610159E-02
  2.804026E+00  3.623588E-03  1.475978E-02
  2.838516E+00  3.243153E-03  1.351367E-02
  2.873430E+00  2.898415E-03  1.235787E-02
  2.908773E+00  2.586488E-03  1.128714E-02
  2.944551E+00  2.304673E-03  1.029648E-02
  2.980769E+00  2.050452E-03  9.381044E-03
  3.017432E+00  1.821474E-03  8.536207E-03
  3.054547E+00  1.615556E-03  7.757532E-03
  3.092118E+00  1.430666E-03  7.040776E-03
  3.130151E+00  1.264922E-03  6.381889E-03
  3.168651E+00  1.116580E-03  5.777008E-03
  3.207626E+00  9.840313E-04  5.222460E-03
  3.247080E+00  8.657891E-04  4.714751E-03
  3.287019E+00  7.604858E-04  4.250571E-03
  3.327449E+00  6.668640E-04  3.826780E-03
  3.368377E+00  5.837704E-04  3.440415E-03
  3.409808E+00  5.101486E-04  3.088673E-03
  3.451748E+00  4.450332E-04  2.768918E-03
  3.494205E+00  3.875434E-04  2.478666E-03
  3.537184E+00  3.368771E-04  2.215586E-03
  3.580691E+00  2.923054E-04  1.977491E-03
  3.624733E+00  2.531672E-04  1.762336E-03
  3.669318E+00  2.188637E-04  1.568209E-03
  3.714450E+00  1.888542E-04  1.393325E-03
  3.760138E+00  1.626510E-04  1.236024E-03
  3.806388E+00  1.398152E-04  1.094762E-03
  3.853206E+00  1.199527E-04  9.681075E-04
  3.900601E+00  1.027104E-04  8.547330E-04
  3.948578E+00  8.777216E-05  7.534121E-04
  3.997146E+00  7.485621E-05  6.630130E-04
  4.046310E+00  6.371142E-05  5.824932E-04
  4.096080E+00  5.411465E-05  5.108941E-04
  4.146462E+00  4.586805E-05  4.473360E-04
  4.197463E+00  3.879653E-05  3.910131E-04
  4.249092E+00  3.274554E-05  3.411888E-04
  4.301356E+00  2.757891E-05  2.971910E-04
  4.354263E+00  2.317698E-05  2.584074E-04
  4.407820E+00  1.943480E-05  2.242817E-04
  4.462036E+00  1.626057E-05  1.943091E-04
  4.516919E+00  1.357413E-05  1.680326E-04
  4.572477E+00  1.130569E-05  1.450393E-04
  4.628719E+00  9.394618E-06  1.249568E-04
  4.685652E+00  7.788364E-06  1.074500E-04
  4.743286E+00  6.441484E-06  9.221787E-05
  4.801628E+00  5.314785E-06  7.899067E-05
  4.860688E+00  4.374546E-06  6.752713E-05
  4.920475E+00  3.591821E-06  5.761188E-05
  4.980996E+00  2.941832E-06  4.905308E-05
  5.042263E+00  2.403416E-06  4.168023E-05
  5.104282E+00  1.958551E-06  3.534212E-05
  5.167065E+00  1.591921E-06  2.990490E-05
  5.230620E+00  1.290551E-06  2.525039E-05
  5.294957E+00  1.043474E-06  2.127444E-05
  5.360085E+00  8.414469E-07  1.788550E-05
  5.426014E+00  6.766995E-07  1.500322E-05
  5.492754E+00  5.427182E-07  1.255732E-05
  5.560315E+00  4.340578E-07  1.048638E-05
  5.628706E+00  3.461785E-07  8.736925E-06
  5.697939E+00  2.753069E-07  7.262452E-06
  5.768024E+00  2.183146E-07  6.022642E-06
  5.838971E+00  1.726163E-07  4.982612E-06
  5.910790E+00  1.360813E-07  4.112259E-06
  5.983493E+00  1.069589E-07  3.385667E-06
  6.057090E+00  8.381476E-08  2.780579E-06
  6.131592E+00  6.547771E-08  2.277928E-06
  6.207011E+00  5.099402E-08  1.861424E-06
  6.283357E+00  3.958961E-08  1.517181E-06
  6.360642E+00  3.063815E-08  1.233397E-06
  6.438878E+00  2.363448E-08  1.000063E-06
  6.518076E+00  1.817251E-08  8.087189E-07
  6.598249E+00  1.392681E-08  6.522273E-07
  6.679407E+00  1.063748E-08  5.245869E-07
  6.761564E+00  8.097638E-09  4.207640E-07
  6.844731E+00  6.143172E-09  3.365487E-07
  6.928921E+00  4.644336E-09  2.684298E-07
  7.014147E+00  3.498911E-09  2.134873E-07
  7.100421E+00  2.626648E-09  1.693001E-07
  7.187756E+00  1.964771E-09  1.338662E-07
  7.276166E+00  1.464347E-09  1.055353E-07
  7.365662E+00  1.087374E-09  8.295113E-08
  7.456260E+00  8.044478E-10  6.500234E-08
  7.547972E+00  5.928988E-10  5.078109E-08
  7.640812E+00  4.353188E-10  3.954807E-08
  7.734794E+00  3.183893E-10  3.070313E-08
  7.829932E+00  2.319600E-10  2.376062E-08
  7.926240E+00  1.683260E-10  1.832880E-08
  8.023733E+00  1.216611E-10  1.409272E-08
  8.122425E+00  8.757771E-11  1.079998E-08
  8.222331E+00  6.278495E-11  8.249002E-09
  8.323465E+00  4.482457E-11  6.279321E-09
  8.425844E+00  3.186789E-11  4.763644E-09
  8.529482E+00  2.256031E-11  3.601333E-09
  8.634394E+00  1.590263E-11  2.713106E-09
  8.740598E+00  1.116098E-11  2.036721E-09
  8.848107E+00  7.798703E-12  1.523488E-09
  8.956939E+00  5.425074E-12  1.135456E-09
  9.067109E+00  3.756892E-12  8.431536E-10
  9.178634E+00  2.589808E-12  6.237764E-10
  9.291532E+00  1.777044E-12  4.597455E-10
  9.405817E+00  1.213658E-12  3.375614E-10
  9.521509E+00  8.249671E-13  2.468964E-10
  9.638624E+00  5.580775E-13  1.798802E-10
  9.757179E+00  3.757027E-13  1.305383E-10
  9.877192E+00  2.516868E-13  9.435345E-11
  9.998681E+00  1.677709E-13  6.792381E-11
  1.012167E+01  1.112722E-13  4.869780E-11
  1.024616E+01  7.342495E-14  3.476948E-11
  1.037219E+01  4.820149E-14  2.472103E-11
  1.049977E+01  3.147818E-14  1.750220E-11
  1.062891E+01  2.044859E-14  1.233826E-11
  1.075965E+01  1.321276E-14  8.660196E-12
  1.089199E+01  8.491248E-15  6.051890E-12
  1.102597E+01  5.427107E-15  4.210372E-12
  1.116158E+01  3.449489E-15  2.916035E-12
  1.129887E+01  2.180224E-15  2.010405E-12
  1.143785E+01  1.370179E-15  1.379650E-12
  1.157853E+01  8.561555E-16  9.423766E-13
  1.172095E+01  5.318590E-16  6.406564E-13
  1.186512E+01  3.284562E-16  4.334568E-13
  1.201106E+01  2.016341E-16  2.918509E-13
  1.215879E+01  1.230336E-16  1.955442E-13
  1.230835E+01  7.461466E-17  1.303681E-13
  1.245974E+01  4.497099E-17  8.647966E-14
  1.261300E+01  2.693489E-17  5.707497E-14
  1.276813E+01  1.603018E-17  3.747481E-14
  1.292518E+01  9.479114E-18  2.447753E-14
  1.308416E+01  5.568890E-18  1.590385E-14
  1.324510E+01  3.250167E-18  1.027816E-14
  1.340801E+01  1.884271E-18  6.606596E-15
  1.357293E+01  1.085039E-18  4.223387E-15
  1.373988E+01  6.205472E-19  2.684943E-15
  1.390888E+01  3.524479E-19  1.697348E-15
  1.407996E+01  1.987776E-19  1.066934E-15
  1.425314E+01  1.113149E-19  6.668146E-16
  1.442846E+01  6.188896E-20  4.143258E-16
  1.460593E+01  3.415795E-20  2.559272E-16
  1.478558E+01  1.871352E-20  1.571434E-16
  1.496744E+01  0.000000E+00  9.590563E-17
  1.515154E+01  0.000000E+00  5.817415E-17
  1.533790E+01  0.000000E+00  3.018987E-15
  1.552656E+01  0.000000E+00  1.919662E-15
  1.571754E+01  0.000000E+00  1.213774E-15
  1.591086E+01  0.000000E+00  7.630770E-16
  1.610657E+01  0.000000E+00  4.769717E-16
  1.630468E+01  0.000000E+00  0.000000E+00
  1.650522E+01  0.000000E+00  0.000000E+00
  1.670824E+01  0.000000E+00  0.000000E+00
  1.691375E+01  0.000000E+00  0.000000E+00
  1.712179E+01  0.000000E+00  0.000000E+00
  1.733239E+01  0.000000E+00  0.000000E+00
  1.754558E+01  0.000000E+00  0.000000E+00
  1.776139E+01  0.000000E+00  0.000000E+00
  1.797985E+01  0.000000E+00  0.000000E+00
  1.820100E+01  0.000000E+00  0.000000E+00
  1.842488E+01  0.000000E+00  0.000000E+00
  1.865150E+01  0.000000E+00  0.000000E+00
  1.888092E+01  0.000000E+00  0.000000E+00
  1.911315E+01  0.000000E+00  0.000000E+00
  1.934824E+01  0.000000E+00  0.000000E+00
  1.958623E+01  0.000000E+00  0.000000E+00
  1.982714E+01  0.000000E+00  0.000000E+00
  2.007101E+01  0.000000E+00  0.000000E+00
  2.031788E+01  0.000000E+00  0.000000E+00
  2.056779E+01  0.000000E+00  0.000000E+00
  2.082078E+01  0.000000E+00  0.000000E+00
  2.107687E+01  0.000000E+00  0.000000E+00
  2.133612E+01  0.000000E+00  0.000000E+00
  2.159855E+01  0.000000E+00  0.000000E+00
  2.186421E+01  0.000000E+00  0.000000E+00
  2.213314E+01  0.000000E+00  0.000000E+00
  2.240538E+01  0.000000E+00  0.000000E+00
  2.268097E+01  0.000000E+00  0.000000E+00
  2.295994E+01  0.000000E+00  0.000000E+00
  2.324235E+01  0.000000E+00  0.000000E+00
  2.352823E+01  0.000000E+00  0.000000E+00
  2.381763E+01  0.000000E+00  0.000000E+00
  2.411059E+01  0.000000E+00  0.000000E+00
  2.440715E+01  0.000000E+00  0.000000E+00
  2.470735E+01  0.000000E+00  0.000000E+00
  2.501126E+01  0.000000E+00  0.000000E+00
  2.531889E+01  0.000000E+00  0.000000E+00
  2.563032E+01  0.000000E+00  0.000000E+00
  2.594557E+01  0.000000E+00  0.000000E+00
  2.626470E+01  0.000000E+00  0.000000E+00
  2.658776E+01  0.000000E+00  0.000000E+00
  2.691478E+01  0.000000E+00  0.000000E+00
  2.724584E+01  0.000000E+00  0.000000E+00
  2.758096E+01  0.000000E+00  0.000000E+00
  2.792021E+01  0.000000E+00  0.000000E+00
  2.826362E+01  0.000000E+00  0.000000E+00
  2.861127E+01  0.000000E+00  0.000000E+00
  2.896319E+01  0.000000E+00  0.000000E+00
  2.931943E+01  0.000000E+00  0.000000E+00
  2.968006E+01  0.000000E+00  0.000000E+00
  3.004513E+01  0.000000E+00  0.000000E+00
  3.041468E+01  0.000000E+00  0.000000E+00
  3.078878E+01  0.000000E+00  0.000000E+00
  3.116748E+01  0.000000E+00  0.000000E+00
  3.155084E+01  0.000000E+00  0.000000E+00
  3.193892E+01  0.000000E+00  0.000000E+00
  3.233177E+01  0.000000E+00  0.000000E+00
  3.272945E+01  0.000000E+00  0.000000E+00
  3.313202E+01  0.000000E+00  0.000000E+00
  3.353955E+01  0.000000E+00  0.000000E+00
  3.395208E+01  0.000000E+00  0.000000E+00
  3.436969E+01  0.000000E+00  0.000000E+00
  3.479244E+01  0.000000E+00  0.000000E+00
  3.522039E+01  0.000000E+00  0.000000E+00
  3.565360E+01  0.000000E+00  0.000000E+00
  3.609214E+01  0.000000E+00  0.000000E+00
  3.653607E+01  0.000000E+00  0.000000E+00
  3.698546E+01  0.000000E+00  0.000000E+00
  3.744039E+01  0.000000E+00  0.000000E+00
  3.790090E+01  0.000000E+00  0.000000E+00
  3.836708E+01  0.000000E+00  0.000000E+00
  3.883900E+01  0.000000E+00  0.000000E+00
  3.931672E+01  0.000000E+00  0.000000E+00
  3.980031E+01  0.000000E+00  0.000000E+00
  4.028986E+01  0.000000E+00  0.000000E+00
  4.078542E+01  0.000000E+00  0.000000E+00
  4.128708E+01  0.000000E+00  0.000000E+00
  4.179491E+01  0.000000E+00  0.000000E+00
  4.230899E+01  0.000000E+00  0.000000E+00
  4.282939E+01  0.000000E+00  0.000000E+00
  4.335619E+01  0.000000E+00  0.000000E+00
  4.388948E+01  0.000000E+00  0.000000E+00
  4.442932E+01  0.000000E+00  0.000000E+00
  4.497580E+01  0.000000E+00  0.000000E+00
  4.552900E+01  0.000000E+00  0.000000E+00
  4.608901E+01  0.000000E+00  0.000000E+00
  4.665590E+01  0.000000E+00  0.000000E+00
  4.722977E+01  0.000000E+00  0.000000E+00
  4.781069E+01  0.000000E+00  0.000000E+00
  4.839877E+01  0.000000E+00  0.000000E+00
  4.899407E+01  0.000000E+00  0.000000E+00
  4.959670E+01  0.000000E+00  0.000000E+00
  5.020674E+01  0.000000E+00  0.000000E+00
  5.082428E+01  0.000000E+00  0.000000E+00
  5.144942E+01  0.000000E+00  0.000000E+00
  5.208225E+01  0.000000E+00  0.000000E+00
  5.272286E+01  0.000000E+00  0.000000E+00
  5.337135E+01  0.000000E+00  0.000000E+00
  5.402782E+01  0.000000E+00  0.000000E+00
  5.469236E+01  0.000000E+00  0.000000E+00
  5.536507E+01  0.000000E+00  0.000000E+00
  5.604606E+01  0.000000E+00  0.000000E+00
  5.673543E+01  0.000000E+00  0.000000E+00
  5.743328E+01  0.000000E+00  0.000000E+00
  5.813971E+01  0.000000E+00  0.000000E+00
  5.885482E+01  0.000000E+00  0.000000E+00
  5.957874E+01  0.000000E+00  0.000000E+00
  6.031156E+01  0.000000E+00  0.000000E+00
  6.105339E+01  0.000000E+00  0.000000E+00
  6.180435E+01  0.000000E+00  0.000000E+00
  6.256454E+01  0.000000E+00  0.000000E+00
  6.333408E+01  0.000000E+00  0.000000E+00
  6.411309E+01  0.000000E+00  0.000000E+00
  6.490168E+01  0.000000E+00  0.000000E+00
  6.569997E+01  0.000000E+00  0.000000E+00
  6.650808E+01  0.000000E+00  0.000000E+00
  6.732613E+01  0.000000E+00  0.000000E+00
  6.815425E+01  0.000000E+00  0.000000E+00
  6.899254E+01  0.000000E+00  0.000000E+00
  6.984115E+01  0.000000E+00  0.000000E+00
  7.070020E+01  0.000000E+00  0.000000E+00
  7.156981E+01  0.000000E+00  0.000000E+00
  7.245012E+01  0.000000E+00  0.000000E+00
  7.334125E+01  0.000000E+00  0.000000E+00
  7.424335E+01  0.000000E+00  0.000000E+00
  7.515655E+01  0.000000E+00  0.000000E+00
  7.608097E+01  0.000000E+00  0.000000E+00
  7.701677E+01  0.000000E+00  0.000000E+00
  7.796407E+01  0.000000E+00  0.000000E+00
  7.892303E+01  0.000000E+00  0.000000E+00
  7.989378E+01  0.000000E+00  0.000000E+00
