  2.403846E-04  4.009898E-05  2.220724E-03
  2.433413E-04  4.059219E-05  2.247367E-03
  2.463344E-04  4.109148E-05  2.274327E-03
  2.493644E-04  4.159690E-05  2.301609E-03
  2.524315E-04  4.210855E-05  2.329216E-03
  2.555364E-04  4.262648E-05  2.357151E-03
  2.586795E-04  4.315079E-05  2.385419E-03
  2.618613E-04  4.368154E-05  2.414023E-03
  2.650822E-04  4.421882E-05  2.442968E-03
  2.683427E-04  4.476272E-05  2.472257E-03
  2.716433E-04  4.531330E-05  2.501894E-03
  2.749845E-04  4.587065E-05  2.531884E-03
  2.783668E-04  4.643486E-05  2.562230E-03
  2.817908E-04  4.700601E-05  2.592938E-03
  2.852568E-04  4.758418E-05  2.624010E-03
  2.887654E-04  4.816947E-05  2.655451E-03
  2.923173E-04  4.876195E-05  2.687266E-03
  2.959128E-04  4.936173E-05  2.719459E-03
  2.995525E-04  4.996888E-05  2.752035E-03
  3.032370E-04  5.058349E-05  2.784997E-03
  3.069668E-04  5.120567E-05  2.818350E-03
  3.107425E-04  5.183550E-05  2.852100E-03
  3.145646E-04  5.247308E-05  2.886250E-03
  3.184338E-04  5.311850E-05  2.920805E-03
  3.223505E-04  5.377185E-05  2.955770E-03
  3.263154E-04  5.443325E-05  2.991149E-03
  3.303291E-04  5.510278E-05  3.026948E-03
  3.343921E-04  5.578054E-05  3.063172E-03
  3.385052E-04  5.646664E-05  3.099825E-03
  3.426688E-04  5.716118E-05  3.136912E-03
  3.468836E-04  5.786427E-05  3.174438E-03
  3.511503E-04  5.857600E-05  3.212409E-03
  3.554694E-04  5.929648E-05  3.250829E-03
  3.598417E-04  6.002583E-05  3.289705E-03
  3.642677E-04  6.076415E-05  3.329040E-03
  3.687482E-04  6.151155E-05  3.368841E-03
  3.732838E-04  6.226814E-05  3.409112E-03
  3.778752E-04  6.303404E-05  3.449860E-03
  3.825231E-04  6.380936E-05  3.491090E-03
  3.872281E-04  6.459422E-05  3.532807E-03
  3.919910E-04  6.538873E-05  3.575016E-03
  3.968125E-04  6.619301E-05  3.617725E-03
  4.016933E-04  6.700719E-05  3.660938E-03
  4.066342E-04  6.783138E-05  3.704661E-03
  4.116358E-04  6.866570E-05  3.748900E-03
  4.166989E-04  6.951029E-05  3.793661E-03
  4.218243E-04  7.036527E-05  3.838950E-03
  4.270127E-04  7.123077E-05  3.884774E-03
  4.322650E-04  7.210691E-05  3.931137E-03
  4.375818E-04  7.299382E-05  3.978048E-03
  4.429641E-04  7.389165E-05  4.025510E-03
  4.484125E-04  7.480052E-05  4.073532E-03
  4.539280E-04  7.572056E-05  4.122120E-03
  4.595113E-04  7.665193E-05  4.171279E-03
  4.651633E-04  7.759475E-05  4.221017E-03
  4.708848E-04  7.854917E-05  4.271340E-03
  4.766767E-04  7.951533E-05  4.322255E-03
  4.825398E-04  8.049337E-05  4.373769E-03
  4.884751E-04  8.148344E-05  4.425887E-03
  4.944833E-04  8.248569E-05  4.478619E-03
  5.005655E-04  8.350026E-05  4.531969E-03
  5.067224E-04  8.452732E-05  4.585946E-03
  5.129551E-04  8.556701E-05  4.640557E-03
  5.192644E-04  8.661949E-05  4.695808E-03
  5.256514E-04  8.768491E-05  4.751707E-03
  5.321169E-04  8.876344E-05  4.808262E-03
  5.386620E-04  8.985523E-05  4.865479E-03
  5.452875E-04  9.096045E-05  4.923367E-03
  5.519945E-04  9.207927E-05  4.981933E-03
  5.587841E-04  9.321185E-05  5.041184E-03
  5.656571E-04  9.435836E-05  5.101129E-03
  5.726147E-04  9.551897E-05  5.161774E-03
  5.796579E-04  9.669386E-05  5.223129E-03
  5.867876E-04  9.788320E-05  5.285201E-03
  5.940051E-04  9.908717E-05  5.347998E-03
  6.013114E-04  1.003059E-04  5.411529E-03
  6.087075E-04  1.015397E-04  5.475801E-03
  6.161946E-04  1.027887E-04  5.540823E-03
  6.237738E-04  1.040530E-04  5.606603E-03
  6.314462E-04  1.053328E-04  5.673150E-03
  6.392130E-04  1.066284E-04  5.740473E-03
  6.470753E-04  1.079400E-04  5.808580E-03
  6.550344E-04  1.092676E-04  5.877480E-03
  6.630913E-04  1.106116E-04  5.947181E-03
  6.712473E-04  1.119722E-04  6.017694E-03
  6.795037E-04  1.133494E-04  6.089026E-03
  6.878616E-04  1.147436E-04  6.161186E-03
  6.963223E-04  1.161550E-04  6.234185E-03
  7.048870E-04  1.175837E-04  6.308032E-03
  7.135571E-04  1.190300E-04  6.382735E-03
  7.223339E-04  1.204941E-04  6.458305E-03
  7.312186E-04  1.219761E-04  6.534750E-03
  7.402126E-04  1.234765E-04  6.612082E-03
  7.493172E-04  1.249952E-04  6.690308E-03
  7.585338E-04  1.265327E-04  6.769440E-03
  7.678638E-04  1.280890E-04  6.849487E-03
  7.773085E-04  1.296646E-04  6.930460E-03
  7.868694E-04  1.312594E-04  7.012368E-03
  7.965479E-04  1.328739E-04  7.095222E-03
  8.063454E-04  1.345083E-04  7.179032E-03
  8.162635E-04  1.361628E-04  7.263809E-03
  8.263035E-04  1.378376E-04  7.349563E-03
  8.364670E-04  1.395330E-04  7.436305E-03
  8.467556E-04  1.412493E-04  7.524045E-03
  8.571707E-04  1.429867E-04  7.612795E-03
  8.677139E-04  1.447454E-04  7.702566E-03
  8.783867E-04  1.465258E-04  7.793369E-03
  8.891909E-04  1.483281E-04  7.885214E-03
  9.001280E-04  1.501525E-04  7.978113E-03
  9.111995E-04  1.519994E-04  8.072078E-03
  9.224073E-04  1.538690E-04  8.167120E-03
  9.337529E-04  1.557616E-04  8.263251E-03
  9.452381E-04  1.576775E-04  8.360482E-03
  9.568645E-04  1.596170E-04  8.458825E-03
  9.686339E-04  1.615803E-04  8.558292E-03
  9.805481E-04  1.635678E-04  8.658896E-03
  9.926089E-04  1.655797E-04  8.760648E-03
  1.004818E-03  1.676163E-04  8.863560E-03
  1.017177E-03  1.696780E-04  8.967646E-03
  1.029688E-03  1.717651E-04  9.072917E-03
  1.042354E-03  1.738778E-04  9.179386E-03
  1.055175E-03  1.760166E-04  9.287066E-03
  1.068153E-03  1.781816E-04  9.395969E-03
  1.081292E-03  1.803733E-04  9.506109E-03
  1.094591E-03  1.825919E-04  9.617499E-03
  1.108055E-03  1.848378E-04  9.730151E-03
  1.121684E-03  1.871113E-04  9.844079E-03
  1.135481E-03  1.894128E-04  9.959296E-03
  1.149447E-03  1.917427E-04  1.007582E-02
  1.163585E-03  1.941011E-04  1.019365E-02
  1.177897E-03  1.964886E-04  1.031282E-02
  1.192386E-03  1.989055E-04  1.043333E-02
  1.207052E-03  2.013520E-04  1.055520E-02
  1.221899E-03  2.038287E-04  1.067844E-02
  1.236928E-03  2.063359E-04  1.080307E-02
  1.252142E-03  2.088738E-04  1.092909E-02
  1.267544E-03  2.114430E-04  1.105654E-02
  1.283134E-03  2.140438E-04  1.118541E-02
  1.298917E-03  2.166766E-04  1.131572E-02
  1.314894E-03  2.193418E-04  1.144750E-02
  1.331067E-03  2.220398E-04  1.158075E-02
  1.347439E-03  2.247709E-04  1.171548E-02
  1.364012E-03  2.275357E-04  1.185172E-02
  1.380790E-03  2.303344E-04  1.198948E-02
  1.397773E-03  2.331676E-04  1.212877E-02
  1.414966E-03  2.360356E-04  1.226962E-02
  1.432370E-03  2.389390E-04  1.241202E-02
  1.449988E-03  2.418780E-04  1.255601E-02
  1.467823E-03  2.448532E-04  1.270160E-02
  1.485877E-03  2.478649E-04  1.284879E-02
  1.504154E-03  2.509138E-04  1.299762E-02
  1.522655E-03  2.540001E-04  1.314809E-02
  1.541383E-03  2.571244E-04  1.330022E-02
  1.560342E-03  2.602871E-04  1.345403E-02
  1.579535E-03  2.634887E-04  1.360953E-02
  1.598963E-03  2.667297E-04  1.376674E-02
  1.618630E-03  2.700106E-04  1.392568E-02
  1.638539E-03  2.733319E-04  1.408636E-02
  1.658693E-03  2.766940E-04  1.424880E-02
  1.679095E-03  2.800974E-04  1.441302E-02
  1.699748E-03  2.835427E-04  1.457903E-02
  1.720655E-03  2.870304E-04  1.474685E-02
  1.741819E-03  2.905611E-04  1.491650E-02
  1.763243E-03  2.941351E-04  1.508800E-02
  1.784931E-03  2.977531E-04  1.526136E-02
  1.806886E-03  3.014156E-04  1.543660E-02
  1.829111E-03  3.051232E-04  1.561375E-02
  1.851609E-03  3.088763E-04  1.579280E-02
  1.874384E-03  3.126757E-04  1.597379E-02
  1.897438E-03  3.165218E-04  1.615674E-02
  1.920777E-03  3.204152E-04  1.634165E-02
  1.944402E-03  3.243565E-04  1.652855E-02
  1.968319E-03  3.283462E-04  1.671746E-02
  1.992529E-03  3.323851E-04  1.690839E-02
  2.017037E-03  3.364736E-04  1.710137E-02
  2.041847E-03  3.406125E-04  1.729641E-02
  2.066961E-03  3.448022E-04  1.749352E-02
  2.092385E-03  3.490435E-04  1.769274E-02
  2.118121E-03  3.533370E-04  1.789407E-02
  2.144174E-03  3.576833E-04  1.809754E-02
  2.170548E-03  3.620830E-04  1.830316E-02
  2.197245E-03  3.665369E-04  1.851096E-02
  2.224271E-03  3.710456E-04  1.872095E-02
  2.251630E-03  3.756098E-04  1.893315E-02
  2.279325E-03  3.802300E-04  1.914758E-02
  2.307361E-03  3.849072E-04  1.936426E-02
  2.335741E-03  3.896419E-04  1.958321E-02
  2.364471E-03  3.944348E-04  1.980445E-02
  2.393554E-03  3.992867E-04  2.002800E-02
  2.422995E-03  4.041983E-04  2.025387E-02
  2.452797E-03  4.091703E-04  2.048209E-02
  2.482967E-03  4.142034E-04  2.071267E-02
  2.513507E-03  4.192985E-04  2.094563E-02
  2.544423E-03  4.244563E-04  2.118100E-02
  2.575720E-03  4.296776E-04  2.141880E-02
  2.607401E-03  4.349631E-04  2.165903E-02
  2.639472E-03  4.403136E-04  2.190173E-02
  2.671938E-03  4.457299E-04  2.214691E-02
  2.704803E-03  4.512129E-04  2.239459E-02
  2.738072E-03  4.567633E-04  2.264479E-02
  2.771750E-03  4.623820E-04  2.289753E-02
  2.805842E-03  4.680699E-04  2.315283E-02
  2.840354E-03  4.738277E-04  2.341070E-02
  2.875291E-03  4.796564E-04  2.367118E-02
  2.910657E-03  4.855568E-04  2.393427E-02
  2.946458E-03  4.915298E-04  2.419999E-02
  2.982699E-03  4.975763E-04  2.446837E-02
  3.019386E-03  5.036971E-04  2.473943E-02
  3.056525E-03  5.098933E-04  2.501318E-02
  3.094120E-03  5.161658E-04  2.528964E-02
  3.132178E-03  5.225154E-04  2.556883E-02
  3.170704E-03  5.289431E-04  2.585078E-02
  3.209703E-03  5.354499E-04  2.613549E-02
  3.249183E-03  5.420368E-04  2.642299E-02
  3.289148E-03  5.487048E-04  2.671329E-02
  3.329604E-03  5.554548E-04  2.700642E-02
  3.370558E-03  5.622878E-04  2.730239E-02
  3.412016E-03  5.692050E-04  2.760122E-02
  3.453984E-03  5.762072E-04  2.790293E-02
  3.496468E-03  5.832956E-04  2.820754E-02
  3.539474E-03  5.904713E-04  2.851506E-02
  3.583010E-03  5.977352E-04  2.882551E-02
  3.627081E-03  6.050886E-04  2.913891E-02
  3.671694E-03  6.125324E-04  2.945528E-02
  3.716856E-03  6.200679E-04  2.977463E-02
  3.762573E-03  6.276960E-04  3.009698E-02
  3.808853E-03  6.354181E-04  3.042235E-02
  3.855702E-03  6.432352E-04  3.075074E-02
  3.903127E-03  6.511484E-04  3.108219E-02
  3.951135E-03  6.591591E-04  3.141670E-02
  3.999734E-03  6.672684E-04  3.175429E-02
  4.048931E-03  6.754775E-04  3.209497E-02
  4.098733E-03  6.837876E-04  3.243877E-02
  4.149147E-03  6.922000E-04  3.278568E-02
  4.200182E-03  7.007159E-04  3.313574E-02
  4.251844E-03  7.093366E-04  3.348894E-02
  4.304142E-03  7.180635E-04  3.384531E-02
  4.357083E-03  7.268977E-04  3.420486E-02
  4.410675E-03  7.358407E-04  3.456760E-02
  4.464926E-03  7.448938E-04  3.493354E-02
  4.519845E-03  7.540583E-04  3.530270E-02
  4.575439E-03  7.633357E-04  3.567509E-02
  4.631717E-03  7.727272E-04  3.605071E-02
  4.688687E-03  7.822343E-04  3.642957E-02
  4.746358E-03  7.918585E-04  3.681170E-02
  4.804738E-03  8.016012E-04  3.719709E-02
  4.863836E-03  8.114638E-04  3.758576E-02
  4.923661E-03  8.214478E-04  3.797772E-02
  4.984222E-03  8.315547E-04  3.837296E-02
  5.045528E-03  8.417861E-04  3.877151E-02
  5.107588E-03  8.521434E-04  3.917336E-02
  5.170412E-03  8.626282E-04  3.957852E-02
  5.234008E-03  8.732422E-04  3.998700E-02
  5.298386E-03  8.839868E-04  4.039880E-02
  5.363556E-03  8.948638E-04  4.081392E-02
  5.429528E-03  9.058746E-04  4.123238E-02
  5.496311E-03  9.170211E-04  4.165416E-02
  5.563916E-03  9.283048E-04  4.207928E-02
  5.632352E-03  9.397274E-04  4.250773E-02
  5.701630E-03  9.512908E-04  4.293952E-02
  5.771760E-03  9.629965E-04  4.337464E-02
  5.842752E-03  9.748464E-04  4.381309E-02
  5.914618E-03  9.868423E-04  4.425487E-02
  5.987368E-03  9.989858E-04  4.469997E-02
  6.061013E-03  1.011279E-03  4.514840E-02
  6.135563E-03  1.023724E-03  4.560014E-02
  6.211031E-03  1.036321E-03  4.605518E-02
  6.287426E-03  1.049074E-03  4.651353E-02
  6.364762E-03  1.061985E-03  4.697517E-02
  6.443048E-03  1.075054E-03  4.744010E-02
  6.522298E-03  1.088284E-03  4.790830E-02
  6.602522E-03  1.101677E-03  4.837975E-02
  6.683733E-03  1.115235E-03  4.885446E-02
  6.765943E-03  1.128961E-03  4.933240E-02
  6.849164E-03  1.142855E-03  4.981355E-02
  6.933409E-03  1.156921E-03  5.029790E-02
  7.018690E-03  1.171160E-03  5.078544E-02
  7.105020E-03  1.185574E-03  5.127614E-02
  7.192411E-03  1.200166E-03  5.176997E-02
  7.280878E-03  1.214938E-03  5.226693E-02
  7.370433E-03  1.229892E-03  5.276698E-02
  7.461089E-03  1.245030E-03  5.327010E-02
  7.552860E-03  1.260355E-03  5.377626E-02
  7.645761E-03  1.275868E-03  5.428544E-02
  7.739803E-03  1.291573E-03  5.479759E-02
  7.835003E-03  1.307472E-03  5.531270E-02
  7.931374E-03  1.323567E-03  5.583072E-02
  8.028930E-03  1.339860E-03  5.635163E-02
  8.127685E-03  1.356354E-03  5.687538E-02
  8.227656E-03  1.373051E-03  5.740194E-02
  8.328856E-03  1.389954E-03  5.793125E-02
  8.431301E-03  1.407066E-03  5.846329E-02
  8.535006E-03  1.424389E-03  5.899801E-02
  8.639987E-03  1.441925E-03  5.953535E-02
  8.746258E-03  1.459678E-03  6.007528E-02
  8.853837E-03  1.477650E-03  6.061773E-02
  8.962740E-03  1.495843E-03  6.116266E-02
  9.072981E-03  1.514261E-03  6.171001E-02
  9.184579E-03  1.532907E-03  6.225972E-02
  9.297549E-03  1.551782E-03  6.281173E-02
  9.411909E-03  1.570890E-03  6.336598E-02
  9.527676E-03  1.590234E-03  6.392240E-02
  9.644866E-03  1.609817E-03  6.448093E-02
  9.763498E-03  1.629642E-03  6.504150E-02
  9.883589E-03  1.649711E-03  6.560403E-02
  1.000516E-02  1.670029E-03  6.616844E-02
  1.012822E-02  1.690597E-03  6.673467E-02
  1.025280E-02  1.711419E-03  6.730263E-02
  1.037891E-02  1.732498E-03  6.787224E-02
  1.050657E-02  1.753838E-03  6.844340E-02
  1.063580E-02  1.775441E-03  6.901604E-02
  1.076662E-02  1.797311E-03  6.959005E-02
  1.089905E-02  1.819451E-03  7.016535E-02
  1.103311E-02  1.841865E-03  7.074183E-02
  1.116881E-02  1.864556E-03  7.131940E-02
  1.130619E-02  1.887528E-03  7.189794E-02
  1.144526E-02  1.910783E-03  7.247736E-02
  1.158603E-02  1.934326E-03  7.305753E-02
  1.172854E-02  1.958160E-03  7.363835E-02
  1.187280E-02  1.982289E-03  7.421969E-02
  1.201884E-02  2.006716E-03  7.480144E-02
  1.216667E-02  2.031445E-03  7.538347E-02
  1.231632E-02  2.056481E-03  7.596565E-02
  1.246781E-02  2.081826E-03  7.654785E-02
  1.262116E-02  2.107484E-03  7.712992E-02
  1.277640E-02  2.133461E-03  7.771174E-02
  1.293355E-02  2.159759E-03  7.829316E-02
  1.309264E-02  2.186382E-03  7.887402E-02
  1.325368E-02  2.213335E-03  7.945418E-02
  1.341670E-02  2.240623E-03  8.003348E-02
  1.358172E-02  2.268248E-03  8.061177E-02
  1.374878E-02  2.296215E-03  8.118886E-02
  1.391789E-02  2.324529E-03  8.176461E-02
  1.408908E-02  2.353194E-03  8.233883E-02
  1.426237E-02  2.382215E-03  8.291134E-02
  1.443780E-02  2.411595E-03  8.348197E-02
  1.461538E-02  2.441339E-03  8.405053E-02
  1.479515E-02  2.471453E-03  8.461683E-02
  1.497713E-02  2.501940E-03  8.518067E-02
  1.516135E-02  2.532806E-03  8.574184E-02
  1.534784E-02  2.564055E-03  8.630016E-02
  1.553662E-02  2.595691E-03  8.685540E-02
  1.572772E-02  2.627721E-03  8.740735E-02
  1.592117E-02  2.660149E-03  8.795580E-02
  1.611700E-02  2.692979E-03  8.850051E-02
  1.631524E-02  2.726218E-03  8.904126E-02
  1.651591E-02  2.759869E-03  8.957781E-02
  1.671906E-02  2.793940E-03  9.010992E-02
  1.692470E-02  2.828434E-03  9.063735E-02
  1.713288E-02  2.863357E-03  9.115985E-02
  1.734361E-02  2.898715E-03  9.167716E-02
  1.755694E-02  2.934513E-03  9.218902E-02
  1.777289E-02  2.970757E-03  9.269517E-02
  1.799150E-02  3.007453E-03  9.319532E-02
  1.821279E-02  3.044605E-03  9.368921E-02
  1.843681E-02  3.082221E-03  9.417656E-02
  1.866358E-02  3.120306E-03  9.465706E-02
  1.889314E-02  3.158867E-03  9.513044E-02
  1.912553E-02  3.197908E-03  9.559638E-02
  1.936077E-02  3.237437E-03  9.605459E-02
  1.959891E-02  3.277459E-03  9.650476E-02
  1.983998E-02  3.317981E-03  9.694656E-02
  2.008401E-02  3.359010E-03  9.737967E-02
  2.033104E-02  3.400552E-03  9.780378E-02
  2.058111E-02  3.442613E-03  9.821853E-02
  2.083426E-02  3.485201E-03  9.862360E-02
  2.109052E-02  3.528321E-03  9.901864E-02
  2.134994E-02  3.571982E-03  9.940329E-02
  2.161254E-02  3.616190E-03  9.977721E-02
  2.187838E-02  3.660952E-03  1.001400E-01
  2.214748E-02  3.706275E-03  1.004914E-01
  2.241989E-02  3.752168E-03  1.008309E-01
  2.269566E-02  3.798636E-03  1.011581E-01
  2.297481E-02  3.845688E-03  1.014728E-01
  2.325740E-02  3.893331E-03  1.017745E-01
  2.354347E-02  3.941573E-03  1.020627E-01
  2.383306E-02  3.990422E-03  1.023372E-01
  2.412620E-02  4.039886E-03  1.025974E-01
  2.442295E-02  4.089973E-03  1.028431E-01
  2.472336E-02  4.140691E-03  1.030737E-01
  2.502745E-02  4.192048E-03  1.032888E-01
  2.533529E-02  4.244054E-03  1.034880E-01
  2.564692E-02  4.296716E-03  1.036709E-01
  2.596237E-02  4.350043E-03  1.038370E-01
  2.628171E-02  4.404044E-03  1.039859E-01
  2.660498E-02  4.458728E-03  1.041172E-01
  2.693222E-02  4.514105E-03  1.042303E-01
  2.726348E-02  4.570182E-03  1.043248E-01
  2.759882E-02  4.626971E-03  1.044003E-01
  2.793829E-02  4.684480E-03  1.044563E-01
  2.828193E-02  4.742719E-03  1.044923E-01
  2.862980E-02  4.801697E-03  1.045078E-01
  2.898194E-02  4.861426E-03  1.045024E-01
  2.933842E-02  4.921914E-03  1.044756E-01
  2.969928E-02  4.983172E-03  1.044268E-01
  3.006459E-02  5.045211E-03  1.043556E-01
  3.043438E-02  5.108042E-03  1.042615E-01
  3.080872E-02  5.171674E-03  1.041440E-01
  3.118767E-02  5.236119E-03  1.040026E-01
  3.157128E-02  5.301388E-03  1.038367E-01
  3.195961E-02  5.367493E-03  1.036460E-01
  3.235271E-02  5.434444E-03  1.034298E-01
  3.275065E-02  5.502254E-03  1.031876E-01
  3.315348E-02  5.570934E-03  1.029190E-01
  3.356127E-02  5.640497E-03  1.026235E-01
  3.397407E-02  5.710954E-03  1.023004E-01
  3.439195E-02  5.782318E-03  1.019494E-01
  3.481497E-02  5.854602E-03  1.015698E-01
  3.524320E-02  5.927819E-03  1.011612E-01
  3.567669E-02  6.001981E-03  1.007230E-01
  3.611551E-02  6.077102E-03  1.002548E-01
  3.655973E-02  6.153195E-03  9.975596E-02
  3.700942E-02  6.230275E-03  9.922605E-02
  3.746463E-02  6.308354E-03  9.866454E-02
  3.792545E-02  6.387448E-03  9.807090E-02
  3.839193E-02  6.467570E-03  9.744465E-02
  3.886415E-02  6.548736E-03  9.678527E-02
  3.934218E-02  6.630961E-03  9.609226E-02
  3.982609E-02  6.714258E-03  9.536514E-02
  4.031595E-02  6.798645E-03  9.460340E-02
  4.081184E-02  6.884137E-03  9.380657E-02
  4.131382E-02  6.970749E-03  9.297417E-02
  4.182198E-02  7.058499E-03  9.210571E-02
  4.233639E-02  7.147402E-03  9.120074E-02
  4.285713E-02  7.237476E-03  9.025880E-02
  4.338427E-02  7.328738E-03  8.927943E-02
  4.391790E-02  7.421205E-03  8.826220E-02
  4.445809E-02  7.514895E-03  8.720666E-02
  4.500492E-02  7.609826E-03  8.611240E-02
  4.555849E-02  7.706017E-03  8.497900E-02
  4.611885E-02  7.803487E-03  8.380607E-02
  4.668612E-02  7.902255E-03  8.259320E-02
  4.726036E-02  8.002340E-03  8.134004E-02
  4.784166E-02  8.103763E-03  8.004621E-02
  4.843011E-02  8.206543E-03  7.871136E-02
  4.902580E-02  8.310701E-03  7.733517E-02
  4.962882E-02  8.416260E-03  7.591731E-02
  5.023925E-02  8.523238E-03  7.445748E-02
  5.085720E-02  8.631660E-03  7.295540E-02
  5.148274E-02  8.741548E-03  7.141080E-02
  5.211598E-02  8.852923E-03  6.982344E-02
  5.275700E-02  8.965810E-03  6.819309E-02
  5.340591E-02  9.080231E-03  6.651954E-02
  5.406281E-02  9.196212E-03  6.480261E-02
  5.472778E-02  9.313778E-03  6.304214E-02
  5.540093E-02  9.432952E-03  6.123799E-02
  5.608236E-02  9.553761E-03  5.939006E-02
  5.677218E-02  9.676232E-03  5.749824E-02
  5.747047E-02  9.800391E-03  5.556248E-02
  5.817736E-02  9.926265E-03  5.358274E-02
  5.889294E-02  1.005388E-02  5.155903E-02
  5.961733E-02  1.018327E-02  4.949136E-02
  6.035062E-02  1.031446E-02  4.737979E-02
  6.109293E-02  1.044749E-02  4.522440E-02
  6.184437E-02  1.058237E-02  4.302531E-02
  6.260506E-02  1.071915E-02  4.078268E-02
  6.337510E-02  1.085785E-02  3.849669E-02
  6.415462E-02  1.099850E-02  3.616756E-02
  6.494372E-02  1.114115E-02  3.379555E-02
  6.574253E-02  1.128582E-02  3.138096E-02
  6.655116E-02  1.143256E-02  2.892411E-02
  6.736974E-02  1.158138E-02  2.642539E-02
  6.819839E-02  1.173234E-02  2.388521E-02
  6.903723E-02  1.188546E-02  2.130401E-02
  6.988638E-02  1.204080E-02  1.868232E-02
  7.074599E-02  1.219837E-02  1.602065E-02
  7.161616E-02  1.235824E-02  1.331961E-02
  7.249704E-02  1.252042E-02  1.057982E-02
  7.338875E-02  1.268498E-02  7.801969E-03
  7.429144E-02  1.285195E-02  4.986777E-03
  7.520522E-02  1.302137E-02  2.135021E-03
  7.613024E-02  1.319329E-02 -7.524713E-04
  7.706665E-02  1.336776E-02 -3.674826E-03
  7.801457E-02  1.354482E-02 -6.631116E-03
  7.897415E-02  1.372453E-02 -9.620363E-03
  7.994553E-02  1.390692E-02 -1.264153E-02
  8.092886E-02  1.409206E-02 -1.569354E-02
  8.192428E-02  1.427999E-02 -1.877525E-02
  8.293195E-02  1.447076E-02 -2.188545E-02
  8.395201E-02  1.466444E-02 -2.502291E-02
  8.498462E-02  1.486108E-02 -2.818631E-02
  8.602993E-02  1.506074E-02 -3.137428E-02
  8.708810E-02  1.526347E-02 -3.458540E-02
  8.815929E-02  1.546933E-02 -3.781819E-02
  8.924365E-02  1.567840E-02 -4.107111E-02
  9.034134E-02  1.589072E-02 -4.434254E-02
  9.145254E-02  1.610638E-02 -4.763084E-02
  9.257741E-02  1.632543E-02 -5.093428E-02
  9.371611E-02  1.654794E-02 -5.425107E-02
  9.486882E-02  1.677400E-02 -5.757938E-02
  9.603570E-02  1.700366E-02 -6.091729E-02
  9.721694E-02  1.723700E-02 -6.426284E-02
  9.841271E-02  1.747410E-02 -6.761399E-02
  9.962319E-02  1.771505E-02 -7.096866E-02
  1.008486E-01  1.795992E-02 -7.432470E-02
  1.020890E-01  1.820879E-02 -7.767989E-02
  1.033447E-01  1.846175E-02 -8.103195E-02
  1.046158E-01  1.871890E-02 -8.437854E-02
  1.059026E-01  1.898031E-02 -8.771728E-02
  1.072052E-01  1.924609E-02 -9.104569E-02
  1.085238E-01  1.951632E-02 -9.436126E-02
  1.098587E-01  1.979112E-02 -9.766141E-02
  1.112099E-01  2.007058E-02 -1.009435E-01
  1.125778E-01  2.035480E-02 -1.042049E-01
  1.139625E-01  2.064389E-02 -1.074427E-01
  1.153643E-01  2.093797E-02 -1.106542E-01
  1.167832E-01  2.123715E-02 -1.138366E-01
  1.182197E-01  2.154154E-02 -1.169869E-01
  1.196738E-01  2.185126E-02 -1.201021E-01
  1.211458E-01  2.216644E-02 -1.231793E-01
  1.226359E-01  2.248721E-02 -1.262154E-01
  1.241443E-01  2.281370E-02 -1.292072E-01
  1.256713E-01  2.314604E-02 -1.321516E-01
  1.272170E-01  2.348438E-02 -1.350454E-01
  1.287818E-01  2.382885E-02 -1.378855E-01
  1.303658E-01  2.417960E-02 -1.406684E-01
  1.319693E-01  2.453679E-02 -1.433909E-01
  1.335925E-01  2.490057E-02 -1.460497E-01
  1.352357E-01  2.527111E-02 -1.486413E-01
  1.368991E-01  2.564857E-02 -1.511625E-01
  1.385830E-01  2.603311E-02 -1.536097E-01
  1.402875E-01  2.642492E-02 -1.559796E-01
  1.420131E-01  2.682418E-02 -1.582686E-01
  1.437598E-01  2.723108E-02 -1.604734E-01
  1.455281E-01  2.764580E-02 -1.625904E-01
  1.473181E-01  2.806854E-02 -1.646161E-01
  1.491301E-01  2.849951E-02 -1.665472E-01
  1.509644E-01  2.893892E-02 -1.683800E-01
  1.528212E-01  2.938699E-02 -1.701111E-01
  1.547009E-01  2.984393E-02 -1.717371E-01
  1.566038E-01  3.030998E-02 -1.732545E-01
  1.585300E-01  3.078537E-02 -1.746598E-01
  1.604799E-01  3.127034E-02 -1.759498E-01
  1.624538E-01  3.176515E-02 -1.771209E-01
  1.644520E-01  3.227005E-02 -1.781699E-01
  1.664748E-01  3.278530E-02 -1.790934E-01
  1.685224E-01  3.331119E-02 -1.798883E-01
  1.705952E-01  3.384799E-02 -1.805512E-01
  1.726935E-01  3.439598E-02 -1.810792E-01
  1.748177E-01  3.495547E-02 -1.814690E-01
  1.769679E-01  3.552676E-02 -1.817176E-01
  1.791446E-01  3.611017E-02 -1.818221E-01
  1.813481E-01  3.670601E-02 -1.817797E-01
  1.835787E-01  3.731463E-02 -1.815875E-01
  1.858367E-01  3.793636E-02 -1.812429E-01
  1.881225E-01  3.857155E-02 -1.807432E-01
  1.904364E-01  3.922056E-02 -1.800860E-01
  1.927788E-01  3.988377E-02 -1.792689E-01
  1.951500E-01  4.056155E-02 -1.782895E-01
  1.975503E-01  4.125429E-02 -1.771458E-01
  1.999802E-01  4.196240E-02 -1.758357E-01
  2.024399E-01  4.268628E-02 -1.743572E-01
  2.049299E-01  4.342636E-02 -1.727088E-01
  2.074506E-01  4.418307E-02 -1.708887E-01
  2.100022E-01  4.495686E-02 -1.688954E-01
  2.125852E-01  4.574816E-02 -1.667278E-01
  2.152000E-01  4.655745E-02 -1.643846E-01
  2.178470E-01  4.738521E-02 -1.618648E-01
  2.205265E-01  4.823192E-02 -1.591677E-01
  2.232390E-01  4.909807E-02 -1.562927E-01
  2.259848E-01  4.998417E-02 -1.532393E-01
  2.287645E-01  5.089074E-02 -1.500073E-01
  2.315783E-01  5.181830E-02 -1.465966E-01
  2.344267E-01  5.276740E-02 -1.430075E-01
  2.373101E-01  5.373858E-02 -1.392403E-01
  2.402290E-01  5.473239E-02 -1.352955E-01
  2.431838E-01  5.574941E-02 -1.311741E-01
  2.461750E-01  5.679020E-02 -1.268769E-01
  2.492030E-01  5.785534E-02 -1.224054E-01
  2.522682E-01  5.894543E-02 -1.177610E-01
  2.553711E-01  6.006107E-02 -1.129453E-01
  2.585121E-01  6.120284E-02 -1.079605E-01
  2.616918E-01  6.237137E-02 -1.028086E-01
  2.649106E-01  6.356725E-02 -9.749220E-02
  2.681690E-01  6.479110E-02 -9.201396E-02
  2.714675E-01  6.604354E-02 -8.637686E-02
  2.748066E-01  6.732517E-02 -8.058411E-02
  2.781867E-01  6.863661E-02 -7.463919E-02
  2.816084E-01  6.997846E-02 -6.854583E-02
  2.850722E-01  7.135134E-02 -6.230801E-02
  2.885785E-01  7.275582E-02 -5.593001E-02
  2.921281E-01  7.419250E-02 -4.941632E-02
  2.957212E-01  7.566194E-02 -4.277172E-02
  2.993586E-01  7.716469E-02 -3.600125E-02
  3.030407E-01  7.870131E-02 -2.911019E-02
  3.067681E-01  8.027229E-02 -2.210410E-02
  3.105414E-01  8.187812E-02 -1.498877E-02
  3.143610E-01  8.351927E-02 -7.770264E-03
  3.182277E-01  8.519615E-02 -4.548892E-04
  3.221419E-01  8.690915E-02  6.950804E-03
  3.261042E-01  8.865861E-02  1.444002E-02
  3.301153E-01  9.044482E-02  2.200573E-02
  3.341757E-01  9.226801E-02  2.964066E-02
  3.382861E-01  9.412835E-02  3.733733E-02
  3.424470E-01  9.602596E-02  4.508802E-02
  3.466591E-01  9.796085E-02  5.288481E-02
  3.509230E-01  9.993299E-02  6.071956E-02
  3.552394E-01  1.019422E-01  6.858395E-02
  3.596088E-01  1.039883E-01  7.646944E-02
  3.640320E-01  1.060709E-01  8.436736E-02
  3.685096E-01  1.081895E-01  9.226881E-02
  3.730422E-01  1.103435E-01  1.001648E-01
  3.776307E-01  1.125323E-01  1.080461E-01
  3.822755E-01  1.147549E-01  1.159034E-01
  3.869775E-01  1.170102E-01  1.237274E-01
  3.917373E-01  1.192971E-01  1.315083E-01
  3.965557E-01  1.216142E-01  1.392367E-01
  4.014333E-01  1.239598E-01  1.469026E-01
  4.063710E-01  1.263321E-01  1.544964E-01
  4.113693E-01  1.287292E-01  1.620080E-01
  4.164292E-01  1.311487E-01  1.694275E-01
  4.215513E-01  1.335881E-01  1.767449E-01
  4.267363E-01  1.360446E-01  1.839501E-01
  4.319852E-01  1.385152E-01  1.910330E-01
  4.372986E-01  1.409965E-01  1.979834E-01
  4.426774E-01  1.434847E-01  2.047911E-01
  4.481223E-01  1.459760E-01  2.114459E-01
  4.536342E-01  1.484659E-01  2.179376E-01
  4.592139E-01  1.509497E-01  2.242560E-01
  4.648622E-01  1.534225E-01  2.303910E-01
  4.705801E-01  1.558788E-01  2.363323E-01
  4.763682E-01  1.583127E-01  2.420699E-01
  4.822275E-01  1.607181E-01  2.475938E-01
  4.881589E-01  1.630883E-01  2.528943E-01
  4.941633E-01  1.654163E-01  2.579615E-01
  5.002415E-01  1.676947E-01  2.627860E-01
  5.063944E-01  1.699156E-01  2.673583E-01
  5.126231E-01  1.720707E-01  2.716694E-01
  5.189284E-01  1.741513E-01  2.757104E-01
  5.253112E-01  1.761483E-01  2.794725E-01
  5.317725E-01  1.780523E-01  2.829474E-01
  5.383133E-01  1.798533E-01  2.861269E-01
  5.449346E-01  1.815411E-01  2.890033E-01
  5.516373E-01  1.831051E-01  2.915690E-01
  5.584224E-01  1.845344E-01  2.938168E-01
  5.652910E-01  1.858176E-01  2.957399E-01
  5.722441E-01  1.869435E-01  2.973317E-01
  5.792827E-01  1.879002E-01  2.985862E-01
  5.864079E-01  1.886760E-01  2.994975E-01
  5.936207E-01  1.892589E-01  3.000602E-01
  6.009222E-01  1.896368E-01  3.002695E-01
  6.083135E-01  1.897978E-01  3.001207E-01
  6.157958E-01  1.897297E-01  2.996097E-01
  6.233701E-01  1.894209E-01  2.987328E-01
  6.310375E-01  1.888596E-01  2.974867E-01
  6.387993E-01  1.880345E-01  2.958687E-01
  6.466565E-01  1.869345E-01  2.938763E-01
  6.546104E-01  1.855489E-01  2.915076E-01
  6.626621E-01  1.838675E-01  2.887614E-01
  6.708129E-01  1.818808E-01  2.856366E-01
  6.790639E-01  1.795795E-01  2.821327E-01
  6.874164E-01  1.769555E-01  2.782498E-01
  6.958716E-01  1.740010E-01  2.739885E-01
  7.044308E-01  1.707095E-01  2.693497E-01
  7.130953E-01  1.670750E-01  2.643349E-01
  7.218664E-01  1.630930E-01  2.589460E-01
  7.307453E-01  1.587597E-01  2.531856E-01
  7.397335E-01  1.540728E-01  2.470566E-01
  7.488322E-01  1.490312E-01  2.405622E-01
  7.580428E-01  1.436352E-01  2.337066E-01
  7.673668E-01  1.378865E-01  2.264938E-01
  7.768054E-01  1.317883E-01  2.189289E-01
  7.863601E-01  1.253453E-01  2.110169E-01
  7.960323E-01  1.185637E-01  2.027636E-01
  8.058235E-01  1.114512E-01  1.941752E-01
  8.157351E-01  1.040170E-01  1.852580E-01
  8.257687E-01  9.627184E-02  1.760192E-01
  8.359256E-01  8.822756E-02  1.664659E-01
  8.462075E-01  7.989746E-02  1.566061E-01
  8.566159E-01  7.129593E-02  1.464477E-01
  8.671523E-01  6.243845E-02  1.359994E-01
  8.778182E-01  5.334134E-02  1.252698E-01
  8.886154E-01  4.402168E-02  1.142682E-01
  8.995454E-01  3.449712E-02  1.030042E-01
  9.106098E-01  2.478566E-02  9.148745E-02
  9.218103E-01  1.490547E-02  7.972814E-02
  9.331485E-01  4.874681E-03  6.773665E-02
  9.446263E-01 -5.288829E-03  5.552366E-02
  9.562452E-01 -1.556766E-02  4.310007E-02
  9.680070E-01 -2.594512E-02  3.047704E-02
  9.799135E-01 -3.640543E-02  1.766596E-02
  9.919664E-01 -4.693393E-02  4.678389E-03
  1.004168E+00 -5.751730E-02 -8.473887E-03
  1.016519E+00 -6.814376E-02 -2.177893E-02
  1.029022E+00 -7.880320E-02 -3.522463E-02
  1.041679E+00 -8.948738E-02 -4.879875E-02
  1.054492E+00 -1.001900E-01 -6.248892E-02
  1.067462E+00 -1.109070E-01 -7.628266E-02
  1.080592E+00 -1.216363E-01 -9.016741E-02
  1.093883E+00 -1.323782E-01 -1.041305E-01
  1.107338E+00 -1.431350E-01 -1.181593E-01
  1.120958E+00 -1.539116E-01 -1.322410E-01
  1.134746E+00 -1.647148E-01 -1.463628E-01
  1.148703E+00 -1.755536E-01 -1.605119E-01
  1.162832E+00 -1.864387E-01 -1.746757E-01
  1.177135E+00 -1.973831E-01 -1.888412E-01
  1.191614E+00 -2.084009E-01 -2.029959E-01
  1.206271E+00 -2.195079E-01 -2.171270E-01
  1.221108E+00 -2.307207E-01 -2.312218E-01
  1.236127E+00 -2.420569E-01 -2.452680E-01
  1.251332E+00 -2.535344E-01 -2.592530E-01
  1.266723E+00 -2.651710E-01 -2.731645E-01
  1.282304E+00 -2.769844E-01 -2.869904E-01
  1.298076E+00 -2.889910E-01 -3.007185E-01
  1.314042E+00 -3.012060E-01 -3.143370E-01
  1.330205E+00 -3.136429E-01 -3.278340E-01
  1.346567E+00 -3.263125E-01 -3.411980E-01
  1.363130E+00 -3.392227E-01 -3.544175E-01
  1.379896E+00 -3.523777E-01 -3.674814E-01
  1.396869E+00 -3.657777E-01 -3.803787E-01
  1.414050E+00 -3.794180E-01 -3.930985E-01
  1.431443E+00 -3.932886E-01 -4.056303E-01
  1.449050E+00 -4.073736E-01 -4.179638E-01
  1.466873E+00 -4.216506E-01 -4.300889E-01
  1.484916E+00 -4.360901E-01 -4.419957E-01
  1.503180E+00 -4.506552E-01 -4.536747E-01
  1.521669E+00 -4.653014E-01 -4.651167E-01
  1.540386E+00 -4.799759E-01 -4.763124E-01
  1.559332E+00 -4.946184E-01 -4.872534E-01
  1.578512E+00 -5.091613E-01 -4.979310E-01
  1.597928E+00 -5.235298E-01 -5.083373E-01
  1.617582E+00 -5.376441E-01 -5.184642E-01
  1.637479E+00 -5.514196E-01 -5.283044E-01
  1.657620E+00 -5.647695E-01 -5.378506E-01
  1.678008E+00 -5.776062E-01 -5.470960E-01
  1.698648E+00 -5.898438E-01 -5.560338E-01
  1.719541E+00 -6.014001E-01 -5.646579E-01
  1.740692E+00 -6.121993E-01 -5.729623E-01
  1.762102E+00 -6.221744E-01 -5.809413E-01
  1.783776E+00 -6.312695E-01 -5.885897E-01
  1.805717E+00 -6.394421E-01 -5.959024E-01
  1.827927E+00 -6.466651E-01 -6.028747E-01
  1.850410E+00 -6.529281E-01 -6.095021E-01
  1.873170E+00 -6.582385E-01 -6.157806E-01
  1.896210E+00 -6.626217E-01 -6.217064E-01
  1.919534E+00 -6.661208E-01 -6.272758E-01
  1.943144E+00 -6.687955E-01 -6.324857E-01
  1.967045E+00 -6.707201E-01 -6.373331E-01
  1.991239E+00 -6.719811E-01 -6.418153E-01
  2.015732E+00 -6.726739E-01 -6.459299E-01
  2.040525E+00 -6.728995E-01 -6.496749E-01
  2.065624E+00 -6.727598E-01 -6.530484E-01
  2.091031E+00 -6.723535E-01 -6.560490E-01
  2.116750E+00 -6.717719E-01 -6.586755E-01
  2.142786E+00 -6.710940E-01 -6.609270E-01
  2.169143E+00 -6.703828E-01 -6.628030E-01
  2.195823E+00 -6.696817E-01 -6.643033E-01
  2.222832E+00 -6.690119E-01 -6.654281E-01
  2.250173E+00 -6.683714E-01 -6.661777E-01
  2.277850E+00 -6.677356E-01 -6.665532E-01
  2.305867E+00 -6.670596E-01 -6.665556E-01
  2.334229E+00 -6.662831E-01 -6.661866E-01
  2.362940E+00 -6.653377E-01 -6.654481E-01
  2.392005E+00 -6.641553E-01 -6.643426E-01
  2.421426E+00 -6.626776E-01 -6.628727E-01
  2.451210E+00 -6.608645E-01 -6.610417E-01
  2.481360E+00 -6.586972E-01 -6.588530E-01
  2.511880E+00 -6.561746E-01 -6.563107E-01
  2.542777E+00 -6.533019E-01 -6.534192E-01
  2.574053E+00 -6.500833E-01 -6.501831E-01
  2.605714E+00 -6.465239E-01 -6.466077E-01
  2.637764E+00 -6.426293E-01 -6.426986E-01
  2.670208E+00 -6.384057E-01 -6.384618E-01
  2.703052E+00 -6.338594E-01 -6.339037E-01
  2.736299E+00 -6.289973E-01 -6.290312E-01
  2.769956E+00 -6.238268E-01 -6.238514E-01
  2.804026E+00 -6.183555E-01 -6.183719E-01
  2.838516E+00 -6.125914E-01 -6.126007E-01
  2.873430E+00 -6.065431E-01 -6.065462E-01
  2.908773E+00 -6.002192E-01 -6.002172E-01
  2.944551E+00 -5.936291E-01 -5.936226E-01
  2.980769E+00 -5.867821E-01 -5.867720E-01
  3.017432E+00 -5.796881E-01 -5.796750E-01
  3.054547E+00 -5.723573E-01 -5.723417E-01
  3.092118E+00 -5.648000E-01 -5.647826E-01
  3.130151E+00 -5.570271E-01 -5.570082E-01
  3.168651E+00 -5.490494E-01 -5.490294E-01
  3.207626E+00 -5.408781E-01 -5.408574E-01
  3.247080E+00 -5.325246E-01 -5.325035E-01
  3.287019E+00 -5.240004E-01 -5.239792E-01
  3.327449E+00 -5.153174E-01 -5.152961E-01
  3.368377E+00 -5.064872E-01 -5.064661E-01
  3.409808E+00 -4.975218E-01 -4.975011E-01
  3.451748E+00 -4.884333E-01 -4.884129E-01
  3.494205E+00 -4.792335E-01 -4.792136E-01
  3.537184E+00 -4.699345E-01 -4.699151E-01
  3.580691E+00 -4.605483E-01 -4.605294E-01
  3.624733E+00 -4.510866E-01 -4.510683E-01
  3.669318E+00 -4.415615E-01 -4.415437E-01
  3.714450E+00 -4.319844E-01 -4.319671E-01
  3.760138E+00 -4.223668E-01 -4.223502E-01
  3.806388E+00 -4.127202E-01 -4.127041E-01
  3.853206E+00 -4.030555E-01 -4.030400E-01
  3.900601E+00 -3.933837E-01 -3.933687E-01
  3.948578E+00 -3.837154E-01 -3.837008E-01
  3.997146E+00 -3.740608E-01 -3.740467E-01
  4.046310E+00 -3.644300E-01 -3.644163E-01
  4.096080E+00 -3.548326E-01 -3.548195E-01
  4.146462E+00 -3.452782E-01 -3.452654E-01
  4.197463E+00 -3.357757E-01 -3.357633E-01
  4.249092E+00 -3.263338E-01 -3.263218E-01
  4.301356E+00 -3.169608E-01 -3.169493E-01
  4.354263E+00 -3.076649E-01 -3.076537E-01
  4.407820E+00 -2.984536E-01 -2.984428E-01
  4.462036E+00 -2.893343E-01 -2.893238E-01
  4.516919E+00 -2.803138E-01 -2.803037E-01
  4.572477E+00 -2.713988E-01 -2.713890E-01
  4.628719E+00 -2.625956E-01 -2.625861E-01
  4.685652E+00 -2.539100E-01 -2.539008E-01
  4.743286E+00 -2.453477E-01 -2.453388E-01
  4.801628E+00 -2.369138E-01 -2.369053E-01
  4.860688E+00 -2.286135E-01 -2.286052E-01
  4.920475E+00 -2.204512E-01 -2.204432E-01
  4.980996E+00 -2.124313E-01 -2.124236E-01
  5.042263E+00 -2.045578E-01 -2.045504E-01
  5.104282E+00 -1.968345E-01 -1.968274E-01
  5.167065E+00 -1.892649E-01 -1.892580E-01
  5.230620E+00 -1.818520E-01 -1.818454E-01
  5.294957E+00 -1.745988E-01 -1.745925E-01
  5.360085E+00 -1.675078E-01 -1.675018E-01
  5.426014E+00 -1.605815E-01 -1.605757E-01
  5.492754E+00 -1.538218E-01 -1.538162E-01
  5.560315E+00 -1.472305E-01 -1.472252E-01
  5.628706E+00 -1.408093E-01 -1.408042E-01
  5.697939E+00 -1.345592E-01 -1.345543E-01
  5.768024E+00 -1.284813E-01 -1.284767E-01
  5.838971E+00 -1.225763E-01 -1.225719E-01
  5.910790E+00 -1.168447E-01 -1.168405E-01
  5.983493E+00 -1.112865E-01 -1.112825E-01
  6.057090E+00 -1.059018E-01 -1.058980E-01
  6.131592E+00 -1.006901E-01 -1.006865E-01
  6.207011E+00 -9.565078E-02 -9.564737E-02
  6.283357E+00 -9.078305E-02 -9.077982E-02
  6.360642E+00 -8.608573E-02 -8.608267E-02
  6.438878E+00 -8.155744E-02 -8.155455E-02
  6.518076E+00 -7.719655E-02 -7.719383E-02
  6.598249E+00 -7.300122E-02 -7.299865E-02
  6.679407E+00 -6.896936E-02 -6.896694E-02
  6.761564E+00 -6.509867E-02 -6.509640E-02
  6.844731E+00 -6.138664E-02 -6.138451E-02
  6.928921E+00 -5.783058E-02 -5.782857E-02
  7.014147E+00 -5.442759E-02 -5.442571E-02
  7.100421E+00 -5.117463E-02 -5.117287E-02
  7.187756E+00 -4.806847E-02 -4.806682E-02
  7.276166E+00 -4.510575E-02 -4.510422E-02
  7.365662E+00 -4.228299E-02 -4.228156E-02
  7.456260E+00 -3.959657E-02 -3.959524E-02
  7.547972E+00 -3.704279E-02 -3.704155E-02
  7.640812E+00 -3.461782E-02 -3.461668E-02
  7.734794E+00 -3.231781E-02 -3.231675E-02
  7.829932E+00 -3.013881E-02 -3.013783E-02
  7.926240E+00 -2.807683E-02 -2.807592E-02
  8.023733E+00 -2.612785E-02 -2.612701E-02
  8.122425E+00 -2.428783E-02 -2.428706E-02
  8.222331E+00 -2.255272E-02 -2.255201E-02
  8.323465E+00 -2.091848E-02 -2.091782E-02
  8.425844E+00 -1.938106E-02 -1.938046E-02
  8.529482E+00 -1.793647E-02 -1.793591E-02
  8.634394E+00 -1.658073E-02 -1.658023E-02
  8.740598E+00 -1.530994E-02 -1.530948E-02
  8.848107E+00 -1.412021E-02 -1.411979E-02
  8.956939E+00 -1.300776E-02 -1.300737E-02
  9.067109E+00 -1.196884E-02 -1.196850E-02
  9.178634E+00 -1.099982E-02 -1.099950E-02
  9.291532E+00 -1.009712E-02 -1.009684E-02
  9.405817E+00 -9.257278E-03 -9.257018E-03
  9.521509E+00 -8.476904E-03 -8.476670E-03
  9.638624E+00 -7.752724E-03 -7.752513E-03
  9.757179E+00 -7.081563E-03 -7.081372E-03
  9.877192E+00 -6.460352E-03 -6.460180E-03
  9.998681E+00 -5.886130E-03 -5.885977E-03
  1.012167E+01 -5.356050E-03 -5.355912E-03
  1.024616E+01 -4.867373E-03 -4.867250E-03
  1.037219E+01 -4.417473E-03 -4.417364E-03
  1.049977E+01 -4.003840E-03 -4.003742E-03
  1.062891E+01 -3.624072E-03 -3.623985E-03
  1.075965E+01 -3.275880E-03 -3.275803E-03
  1.089199E+01 -2.957086E-03 -2.957018E-03
  1.102597E+01 -2.665621E-03 -2.665561E-03
  1.116158E+01 -2.399522E-03 -2.399469E-03
  1.129887E+01 -2.156931E-03 -2.156885E-03
  1.143785E+01 -1.936094E-03 -1.936053E-03
  1.157853E+01 -1.735354E-03 -1.735318E-03
  1.172095E+01 -1.553154E-03 -1.553123E-03
  1.186512E+01 -1.388028E-03 -1.388001E-03
  1.201106E+01 -1.238604E-03 -1.238581E-03
  1.215879E+01 -1.103595E-03 -1.103575E-03
  1.230835E+01 -9.817992E-04 -9.817817E-04
  1.245974E+01 -8.720944E-04 -8.720793E-04
  1.261300E+01 -7.734363E-04 -7.734234E-04
  1.276813E+01 -6.848542E-04 -6.848432E-04
  1.292518E+01 -6.054471E-04 -6.054377E-04
  1.308416E+01 -5.343807E-04 -5.343728E-04
  1.324510E+01 -4.708836E-04 -4.708769E-04
  1.340801E+01 -4.142442E-04 -4.142385E-04
  1.357293E+01 -3.638067E-04 -3.638020E-04
  1.373988E+01 -3.189687E-04 -3.189647E-04
  1.390888E+01 -2.791769E-04 -2.791737E-04
  1.407996E+01 -2.439251E-04 -2.439224E-04
  1.425314E+01 -2.127502E-04 -2.127480E-04
  1.442846E+01 -1.852298E-04 -1.852280E-04
  1.460593E+01 -1.609793E-04 -1.609778E-04
  1.478558E+01 -1.396490E-04 -1.396479E-04
  1.496744E+01 -1.209220E-04 -1.209210E-04
  1.515154E+01 -1.045111E-04 -1.045103E-04
  1.533790E+01 -9.015699E-05 -9.015643E-05
  1.552656E+01 -7.762590E-05 -7.762548E-05
  1.571754E+01 -6.670740E-05 -6.670709E-05
  1.591086E+01 -5.721256E-05 -5.721233E-05
  1.610657E+01 -4.897207E-05 -4.897191E-05
  1.630468E+01 -4.183451E-05 -4.183441E-05
  1.650522E+01 -3.566479E-05 -3.566473E-05
  1.670824E+01 -3.034259E-05 -3.034256E-05
  1.691375E+01 -2.576100E-05 -2.576100E-05
  1.712179E+01 -2.182523E-05 -2.182525E-05
  1.733239E+01 -1.845143E-05 -1.845146E-05
  1.754558E+01 -1.556557E-05 -1.556561E-05
  1.776139E+01 -1.310244E-05 -1.310248E-05
  1.797985E+01 -1.100474E-05 -1.100479E-05
  1.820100E+01 -9.222242E-06 -9.222289E-06
  1.842488E+01 -7.710992E-06 -7.711038E-06
  1.865150E+01 -6.432635E-06 -6.432679E-06
  1.888092E+01 -5.353778E-06 -5.353819E-06
  1.911315E+01 -4.445413E-06 -4.445452E-06
  1.934824E+01 -3.682406E-06 -3.682441E-06
  1.958623E+01 -3.043030E-06 -3.043062E-06
  1.982714E+01 -2.508550E-06 -2.508579E-06
  2.007101E+01 -2.062853E-06 -2.062879E-06
  2.031788E+01 -1.692116E-06 -1.692139E-06
  2.056779E+01 -1.384508E-06 -1.384528E-06
  2.082078E+01 -1.129928E-06 -1.129945E-06
  2.107687E+01 -9.197754E-07 -9.197907E-07
  2.133612E+01 -7.467501E-07 -7.467633E-07
  2.159855E+01 -6.046680E-07 -6.046794E-07
  2.186421E+01 -4.883069E-07 -4.883166E-07
  2.213314E+01 -3.932678E-07 -3.932760E-07
  2.240538E+01 -3.158560E-07 -3.158630E-07
  2.268097E+01 -2.529766E-07 -2.529825E-07
  2.295994E+01 -2.020446E-07 -2.020495E-07
  2.324235E+01 -1.609068E-07 -1.609109E-07
  2.352823E+01 -1.277753E-07 -1.277787E-07
  2.381763E+01 -1.011694E-07 -1.011722E-07
  2.411059E+01 -7.986670E-08 -7.986901E-08
  2.440715E+01 -6.286088E-08 -6.286277E-08
  2.470735E+01 -4.932617E-08 -4.932772E-08
  2.501126E+01 -3.858695E-08 -3.858821E-08
  2.531889E+01 -3.009214E-08 -3.009315E-08
  2.563032E+01 -2.339368E-08 -2.339450E-08
  2.594557E+01 -1.812843E-08 -1.812909E-08
  2.626470E+01 -1.400299E-08 -1.400352E-08
  2.658776E+01 -1.078111E-08 -1.078153E-08
  2.691478E+01 -8.273137E-09 -8.273472E-09
  2.724584E+01 -6.327377E-09 -6.327641E-09
  2.758096E+01 -4.822873E-09 -4.823082E-09
  2.792021E+01 -3.663521E-09 -3.663684E-09
  2.826362E+01 -2.773216E-09 -2.773343E-09
  2.861127E+01 -2.091907E-09 -2.092006E-09
  2.896319E+01 -1.572374E-09 -1.572451E-09
  2.931943E+01 -1.177620E-09 -1.177679E-09
  2.968006E+01 -8.787611E-10 -8.788067E-10
  3.004513E+01 -6.533314E-10 -6.533663E-10
  3.041468E+01 -4.839199E-10 -4.839465E-10
  3.078878E+01 -3.570842E-10 -3.571044E-10
  3.116748E+01 -2.624851E-10 -2.625004E-10
  3.155084E+01 -1.922008E-10 -1.922123E-10
  3.193892E+01 -1.401849E-10 -1.401935E-10
  3.233177E+01 -1.018409E-10 -1.018473E-10
  3.272945E+01 -7.368791E-11 -7.369267E-11
  3.313202E+01 -5.310093E-11 -5.310445E-11
  3.353955E+01 -3.810816E-11 -3.811075E-11
  3.395208E+01 -2.723464E-11 -2.723654E-11
  3.436969E+01 -1.938165E-11 -1.938304E-11
  3.479244E+01 -1.373418E-11 -1.373519E-11
  3.522039E+01 -9.690243E-12 -9.690970E-12
  3.565360E+01 -6.807117E-12 -6.807640E-12
  3.609214E+01 -4.760636E-12 -4.761010E-12
  3.653607E+01 -3.314485E-12 -3.314752E-12
  3.698546E+01 -2.297166E-12 -2.297355E-12
  3.744039E+01 -1.584782E-12 -1.584915E-12
  3.790090E+01 -1.088235E-12 -1.088329E-12
  3.836708E+01 -7.437499E-13 -7.438156E-13
  3.883900E+01 -5.058910E-13 -5.059367E-13
  3.931672E+01 -3.424420E-13 -3.424736E-13
  3.980031E+01 -2.306701E-13 -2.306918E-13
  4.028986E+01 -1.546120E-13 -1.546269E-13
  4.078542E+01 -1.031137E-13 -1.031238E-13
  4.128708E+01 -6.842004E-14 -6.842692E-14
  4.179491E+01 -4.516658E-14 -4.517122E-14
  4.230899E+01 -2.966131E-14 -2.966442E-14
  4.282939E+01 -1.937646E-14 -1.937853E-14
  4.335619E+01 -1.259045E-14 -1.259183E-14
  4.388948E+01 -8.136955E-15 -8.137864E-15
  4.442932E+01 -5.230070E-15 -5.230666E-15
  4.497580E+01 -3.343093E-15 -3.343481E-15
  4.552900E+01 -2.124980E-15 -2.125232E-15
  4.608901E+01 -1.343063E-15 -1.343225E-15
  4.665590E+01 -8.440002E-16 -8.441044E-16
  4.722977E+01 -5.273055E-16 -5.273719E-16
  4.781069E+01 -3.275097E-16 -3.275517E-16
  4.839877E+01 -2.022071E-16 -2.022335E-16
  4.899407E+01 -1.240928E-16 -1.241093E-16
  4.959670E+01 -7.569069E-17 -7.570096E-17
  5.020674E+01 -4.588268E-17 -4.588900E-17
  5.082428E+01 -2.764050E-17 -2.764434E-17
  5.144942E+01  0.000000E+00 -1.305695E-17
  5.208225E+01  0.000000E+00 -2.376657E-12
  5.272286E+01  0.000000E+00 -1.618412E-12
  5.337135E+01  0.000000E+00 -1.096607E-12
  5.402782E+01  0.000000E+00 -7.393087E-13
  5.469236E+01  0.000000E+00 -4.958908E-13
  5.536507E+01  0.000000E+00 -3.309058E-13
  5.604606E+01  0.000000E+00 -2.196612E-13
  5.673543E+01  0.000000E+00 -1.450456E-13
  5.743328E+01  0.000000E+00 -9.526416E-14
  5.813971E+01  0.000000E+00 -6.222998E-14
  5.885482E+01  0.000000E+00 -4.042832E-14
  5.957874E+01  0.000000E+00 -2.611909E-14
  6.031156E+01  0.000000E+00 -1.677980E-14
  6.105339E+01  0.000000E+00 -1.071869E-14
  6.180435E+01  0.000000E+00 -6.807566E-15
  6.256454E+01  0.000000E+00 -4.298395E-15
  6.333408E+01  0.000000E+00 -2.698072E-15
  6.411309E+01  0.000000E+00 -1.683455E-15
  6.490168E+01  0.000000E+00 -1.044042E-15
  6.569997E+01  0.000000E+00 -6.435324E-16
  6.650808E+01  0.000000E+00 -3.942079E-16
  6.732613E+01  0.000000E+00 -2.399658E-16
  6.815425E+01  0.000000E+00 -1.451471E-16
  6.899254E+01  0.000000E+00 -8.723037E-17
  6.984115E+01  0.000000E+00 -5.208262E-17
  7.070020E+01  0.000000E+00 -3.089216E-17
  7.156981E+01  0.000000E+00 -1.820113E-17
  7.245012E+01  0.000000E+00 -1.065145E-17
  7.334125E+01  0.000000E+00 -6.190708E-18
  7.424335E+01  0.000000E+00 -3.573460E-18
  7.515655E+01  0.000000E+00  0.000000E+00
  7.608097E+01  0.000000E+00  0.000000E+00
  7.701677E+01  0.000000E+00  0.000000E+00
  7.796407E+01  0.000000E+00  0.000000E+00
  7.892303E+01  0.000000E+00  0.000000E+00
  7.989378E+01  0.000000E+00  0.000000E+00
