  1.420455E-04  2.474526E-12  5.115391E-09
  1.455540E-04  2.662454E-12  5.446830E-09
  1.491492E-04  2.864655E-12  5.799721E-09
  1.528331E-04  3.082212E-12  6.175451E-09
  1.566081E-04  3.316292E-12  6.576147E-09
  1.604763E-04  3.568149E-12  7.004806E-09
  1.644401E-04  3.839134E-12  7.462912E-09
  1.685018E-04  4.130698E-12  7.952486E-09
  1.726638E-04  4.444406E-12  8.475612E-09
  1.769286E-04  4.781938E-12  9.034523E-09
  1.812987E-04  5.145104E-12  9.631604E-09
  1.857768E-04  5.535851E-12  1.026940E-08
  1.903655E-04  5.956274E-12  1.095065E-08
  1.950675E-04  6.408625E-12  1.167825E-08
  1.998857E-04  6.895331E-12  1.245533E-08
  2.048228E-04  7.419000E-12  1.328521E-08
  2.098820E-04  7.982439E-12  1.417145E-08
  2.150660E-04  8.588668E-12  1.511785E-08
  2.203782E-04  9.240938E-12  1.612848E-08
  2.258215E-04  9.942745E-12  1.720768E-08
  2.313993E-04  1.069785E-11  1.836008E-08
  2.371149E-04  1.151030E-11  1.959065E-08
  2.429716E-04  1.238446E-11  2.090470E-08
  2.489730E-04  1.332500E-11  2.230788E-08
  2.551226E-04  1.433697E-11  2.380626E-08
  2.614242E-04  1.542580E-11  2.540631E-08
  2.678814E-04  1.659732E-11  2.711495E-08
  2.744980E-04  1.785781E-11  2.893956E-08
  2.812781E-04  1.921403E-11  3.088807E-08
  2.882257E-04  2.067324E-11  3.296891E-08
  2.953449E-04  2.224328E-11  3.519112E-08
  3.026399E-04  2.393256E-11  3.756436E-08
  3.101151E-04  2.575013E-11  4.009895E-08
  3.177749E-04  2.770573E-11  4.280592E-08
  3.256240E-04  2.980985E-11  4.569708E-08
  3.336669E-04  3.207377E-11  4.878505E-08
  3.419085E-04  3.450963E-11  5.208330E-08
  3.503536E-04  3.713048E-11  5.560627E-08
  3.590073E-04  3.995037E-11  5.936938E-08
  3.678748E-04  4.298442E-11  6.338911E-08
  3.769613E-04  4.624888E-11  6.768311E-08
  3.862723E-04  4.976128E-11  7.227024E-08
  3.958132E-04  5.354042E-11  7.717066E-08
  4.055898E-04  5.760657E-11  8.240595E-08
  4.156078E-04  6.198152E-11  8.799919E-08
  4.258734E-04  6.668873E-11  9.397506E-08
  4.363924E-04  7.175344E-11  1.003600E-07
  4.471713E-04  7.720278E-11  1.071821E-07
  4.582165E-04  8.306598E-11  1.144718E-07
  4.695344E-04  8.937446E-11  1.222612E-07
  4.811319E-04  9.616204E-11  1.305851E-07
  4.930159E-04  1.034651E-10  1.394803E-07
  5.051933E-04  1.113228E-10  1.489864E-07
  5.176716E-04  1.197773E-10  1.591459E-07
  5.304581E-04  1.288738E-10  1.700040E-07
  5.435604E-04  1.386612E-10  1.816092E-07
  5.569864E-04  1.491919E-10  1.940134E-07
  5.707439E-04  1.605223E-10  2.072722E-07
  5.848413E-04  1.727133E-10  2.214451E-07
  5.992869E-04  1.858300E-10  2.365955E-07
  6.140893E-04  1.999430E-10  2.527916E-07
  6.292573E-04  2.151277E-10  2.701064E-07
  6.447999E-04  2.314657E-10  2.886177E-07
  6.607265E-04  2.490445E-10  3.084092E-07
  6.770464E-04  2.679583E-10  3.295701E-07
  6.937695E-04  2.883085E-10  3.521963E-07
  7.109056E-04  3.102042E-10  3.763902E-07
  7.284650E-04  3.337628E-10  4.022615E-07
  7.464580E-04  3.591106E-10  4.299276E-07
  7.648956E-04  3.863835E-10  4.595143E-07
  7.837885E-04  4.157275E-10  4.911563E-07
  8.031481E-04  4.473002E-10  5.249977E-07
  8.229858E-04  4.812706E-10  5.611929E-07
  8.433136E-04  5.178209E-10  5.999074E-07
  8.641434E-04  5.571471E-10  6.413181E-07
  8.854877E-04  5.994599E-10  6.856147E-07
  9.073593E-04  6.449862E-10  7.330004E-07
  9.297711E-04  6.939700E-10  7.836926E-07
  9.527364E-04  7.466739E-10  8.379244E-07
  9.762690E-04  8.033805E-10  8.959454E-07
  1.000383E-03  8.643937E-10  9.580227E-07
  1.025092E-03  9.300405E-10  1.024443E-06
  1.050412E-03  1.000673E-09  1.095513E-06
  1.076357E-03  1.076670E-09  1.171560E-06
  1.102943E-03  1.158438E-09  1.252938E-06
  1.130186E-03  1.246416E-09  1.340023E-06
  1.158102E-03  1.341076E-09  1.433220E-06
  1.186707E-03  1.442925E-09  1.532960E-06
  1.216018E-03  1.552509E-09  1.639708E-06
  1.246054E-03  1.670415E-09  1.753961E-06
  1.276832E-03  1.797276E-09  1.876250E-06
  1.308369E-03  1.933771E-09  2.007147E-06
  1.340686E-03  2.080632E-09  2.147262E-06
  1.373801E-03  2.238647E-09  2.297251E-06
  1.407734E-03  2.408663E-09  2.457814E-06
  1.442505E-03  2.591591E-09  2.629704E-06
  1.478135E-03  2.788411E-09  2.813726E-06
  1.514645E-03  3.000179E-09  3.010744E-06
  1.552056E-03  3.228029E-09  3.221683E-06
  1.590392E-03  3.473185E-09  3.447534E-06
  1.629675E-03  3.736958E-09  3.689359E-06
  1.669928E-03  4.020765E-09  3.948297E-06
  1.711175E-03  4.326125E-09  4.225568E-06
  1.753441E-03  4.654676E-09  4.522479E-06
  1.796751E-03  5.008180E-09  4.840431E-06
  1.841131E-03  5.388530E-09  5.180925E-06
  1.886607E-03  5.797767E-09  5.545570E-06
  1.933206E-03  6.238084E-09  5.936091E-06
  1.980956E-03  6.711841E-09  6.354334E-06
  2.029886E-03  7.221579E-09  6.802281E-06
  2.080024E-03  7.770029E-09  7.282053E-06
  2.131400E-03  8.360132E-09  7.795923E-06
  2.184046E-03  8.995052E-09  8.346329E-06
  2.237992E-03  9.678191E-09  8.935882E-06
  2.293270E-03  1.041321E-08  9.567379E-06
  2.349914E-03  1.120406E-08  1.024382E-05
  2.407957E-03  1.205496E-08  1.096842E-05
  2.467434E-03  1.297049E-08  1.174462E-05
  2.528379E-03  1.395555E-08  1.257610E-05
  2.590830E-03  1.501543E-08  1.346683E-05
  2.654824E-03  1.615580E-08  1.442104E-05
  2.720398E-03  1.738277E-08  1.544326E-05
  2.787592E-03  1.870293E-08  1.653836E-05
  2.856445E-03  2.012336E-08  1.771156E-05
  2.926999E-03  2.165166E-08  1.896842E-05
  2.999296E-03  2.329603E-08  2.031494E-05
  3.073379E-03  2.506529E-08  2.175752E-05
  3.149291E-03  2.696892E-08  2.330302E-05
  3.227079E-03  2.901713E-08  2.495879E-05
  3.306788E-03  3.122089E-08  2.673272E-05
  3.388465E-03  3.359203E-08  2.863323E-05
  3.472160E-03  3.614325E-08  3.066937E-05
  3.557923E-03  3.888823E-08  3.285082E-05
  3.645803E-03  4.184168E-08  3.518793E-05
  3.735855E-03  4.501945E-08  3.769182E-05
  3.828130E-03  4.843857E-08  4.037436E-05
  3.922685E-03  5.211737E-08  4.324830E-05
  4.019576E-03  5.607557E-08  4.632726E-05
  4.118859E-03  6.033439E-08  4.962584E-05
  4.220595E-03  6.491666E-08  5.315966E-05
  4.324844E-03  6.984697E-08  5.694547E-05
  4.431667E-03  7.515172E-08  6.100116E-05
  4.541129E-03  8.085938E-08  6.534592E-05
  4.653295E-03  8.700054E-08  7.000025E-05
  4.768232E-03  9.360812E-08  7.498613E-05
  4.886007E-03  1.007176E-07  8.032706E-05
  5.006691E-03  1.083670E-07  8.604820E-05
  5.130357E-03  1.165974E-07  9.217645E-05
  5.257077E-03  1.254529E-07  9.874062E-05
  5.386926E-03  1.349810E-07  1.057715E-04
  5.519983E-03  1.452328E-07  1.133021E-04
  5.656327E-03  1.562632E-07  1.213676E-04
  5.796038E-03  1.681315E-07  1.300057E-04
  5.939200E-03  1.809012E-07  1.392568E-04
  6.085899E-03  1.946408E-07  1.491639E-04
  6.236220E-03  2.094240E-07  1.597732E-04
  6.390255E-03  2.253300E-07  1.711340E-04
  6.548094E-03  2.424443E-07  1.832988E-04
  6.709832E-03  2.608584E-07  1.963241E-04
  6.875565E-03  2.806713E-07  2.102700E-04
  7.045392E-03  3.019890E-07  2.252008E-04
  7.219413E-03  3.249261E-07  2.411851E-04
  7.397732E-03  3.496054E-07  2.582964E-04
  7.580456E-03  3.761593E-07  2.766130E-04
  7.767693E-03  4.047303E-07  2.962187E-04
  7.959555E-03  4.354715E-07  3.172028E-04
  8.156157E-03  4.685479E-07  3.396608E-04
  8.357614E-03  5.041369E-07  3.636944E-04
  8.564047E-03  5.424294E-07  3.894125E-04
  8.775579E-03  5.836307E-07  4.169310E-04
  8.992335E-03  6.279619E-07  4.463738E-04
  9.214446E-03  6.756608E-07  4.778728E-04
  9.442043E-03  7.269833E-07  5.115690E-04
  9.675261E-03  7.822046E-07  5.476124E-04
  9.914240E-03  8.416212E-07  5.861631E-04
  1.015912E-02  9.055517E-07  6.273919E-04
  1.041005E-02  9.743391E-07  6.714807E-04
  1.066718E-02  1.048353E-06  7.186231E-04
  1.093066E-02  1.127989E-06  7.690257E-04
  1.120065E-02  1.213677E-06  8.229083E-04
  1.147730E-02  1.305874E-06  8.805049E-04
  1.176079E-02  1.405077E-06  9.420649E-04
  1.205128E-02  1.511818E-06  1.007853E-03
  1.234895E-02  1.626669E-06  1.078153E-03
  1.265397E-02  1.750248E-06  1.153263E-03
  1.296652E-02  1.883216E-06  1.233503E-03
  1.328680E-02  2.026290E-06  1.319213E-03
  1.361498E-02  2.180236E-06  1.410753E-03
  1.395127E-02  2.345881E-06  1.508507E-03
  1.429587E-02  2.524114E-06  1.612881E-03
  1.464897E-02  2.715894E-06  1.724309E-03
  1.501080E-02  2.922250E-06  1.843249E-03
  1.538157E-02  3.144290E-06  1.970187E-03
  1.576150E-02  3.383208E-06  2.105642E-03
  1.615080E-02  3.640286E-06  2.250161E-03
  1.654973E-02  3.916907E-06  2.404325E-03
  1.695851E-02  4.214557E-06  2.568750E-03
  1.737738E-02  4.534835E-06  2.744088E-03
  1.780660E-02  4.879464E-06  2.931031E-03
  1.824643E-02  5.250296E-06  3.130308E-03
  1.869711E-02  5.649326E-06  3.342694E-03
  1.915893E-02  6.078698E-06  3.569008E-03
  1.963216E-02  6.540723E-06  3.810114E-03
  2.011707E-02  7.037886E-06  4.066927E-03
  2.061396E-02  7.572863E-06  4.340413E-03
  2.112313E-02  8.148531E-06  4.631590E-03
  2.164487E-02  8.767991E-06  4.941536E-03
  2.217950E-02  9.434576E-06  5.271385E-03
  2.272733E-02  1.015188E-05  5.622332E-03
  2.328870E-02  1.092376E-05  5.995639E-03
  2.386393E-02  1.175437E-05  6.392632E-03
  2.445337E-02  1.264820E-05  6.814708E-03
  2.505737E-02  1.361006E-05  7.263336E-03
  2.567628E-02  1.464514E-05  7.740060E-03
  2.631049E-02  1.575901E-05  8.246501E-03
  2.696036E-02  1.695769E-05  8.784363E-03
  2.762628E-02  1.824765E-05  9.355432E-03
  2.830865E-02  1.963584E-05  9.961580E-03
  2.900787E-02  2.112977E-05  1.060477E-02
  2.972436E-02  2.273749E-05  1.128705E-02
  3.045856E-02  2.446770E-05  1.201057E-02
  3.121088E-02  2.632976E-05  1.277758E-02
  3.198179E-02  2.833371E-05  1.359042E-02
  3.277174E-02  3.049042E-05  1.445152E-02
  3.358120E-02  3.281154E-05  1.536346E-02
  3.441066E-02  3.530965E-05  1.632886E-02
  3.526060E-02  3.799826E-05  1.735050E-02
  3.613154E-02  4.089196E-05  1.843125E-02
  3.702399E-02  4.400644E-05  1.957408E-02
  3.793848E-02  4.735857E-05  2.078207E-02
  3.887556E-02  5.096656E-05  2.205844E-02
  3.983579E-02  5.485000E-05  2.340648E-02
  4.081973E-02  5.902999E-05  2.482962E-02
  4.182798E-02  6.352926E-05  2.633138E-02
  4.286113E-02  6.837228E-05  2.791538E-02
  4.391980E-02  7.358543E-05  2.958538E-02
  4.500462E-02  7.919710E-05  3.134521E-02
  4.611623E-02  8.523790E-05  3.319879E-02
  4.725530E-02  9.174079E-05  3.515016E-02
  4.842251E-02  9.874128E-05  3.720343E-02
  4.961855E-02  1.062776E-04  3.936279E-02
  5.084412E-02  1.143911E-04  4.163249E-02
  5.209997E-02  1.231261E-04  4.401687E-02
  5.338684E-02  1.325305E-04  4.652030E-02
  5.470550E-02  1.426560E-04  4.914718E-02
  5.605672E-02  1.535582E-04  5.190195E-02
  5.744132E-02  1.652969E-04  5.478907E-02
  5.886013E-02  1.779370E-04  5.781297E-02
  6.031397E-02  1.915480E-04  6.097806E-02
  6.180373E-02  2.062052E-04  6.428872E-02
  6.333028E-02  2.219896E-04  6.774924E-02
  6.489454E-02  2.389886E-04  7.136385E-02
  6.649743E-02  2.572965E-04  7.513664E-02
  6.813992E-02  2.770150E-04  7.907157E-02
  6.982297E-02  2.982537E-04  8.317242E-02
  7.154760E-02  3.211312E-04  8.744277E-02
  7.331483E-02  3.457752E-04  9.188597E-02
  7.512570E-02  3.723235E-04  9.650511E-02
  7.698131E-02  4.009251E-04  1.013029E-01
  7.888275E-02  4.317406E-04  1.062819E-01
  8.083115E-02  4.649436E-04  1.114441E-01
  8.282768E-02  5.007214E-04  1.167910E-01
  8.487352E-02  5.392765E-04  1.223238E-01
  8.696990E-02  5.808276E-04  1.280431E-01
  8.911805E-02  6.256110E-04  1.339491E-01
  9.131927E-02  6.738819E-04  1.400410E-01
  9.357486E-02  7.259165E-04  1.463176E-01
  9.588616E-02  7.820132E-04  1.527770E-01
  9.825454E-02  8.424947E-04  1.594164E-01
  1.006814E-01  9.077101E-04  1.662322E-01
  1.031683E-01  9.780370E-04  1.732199E-01
  1.057165E-01  1.053884E-03  1.803741E-01
  1.083277E-01  1.135694E-03  1.876883E-01
  1.110034E-01  1.223944E-03  1.951550E-01
  1.137452E-01  1.319155E-03  2.027657E-01
  1.165547E-01  1.421887E-03  2.105104E-01
  1.194336E-01  1.532750E-03  2.183783E-01
  1.223836E-01  1.652402E-03  2.263571E-01
  1.254065E-01  1.781559E-03  2.344330E-01
  1.285040E-01  1.920996E-03  2.425913E-01
  1.316781E-01  2.071554E-03  2.508156E-01
  1.349305E-01  2.234146E-03  2.590881E-01
  1.382633E-01  2.409762E-03  2.673896E-01
  1.416784E-01  2.599478E-03  2.756993E-01
  1.451779E-01  2.804462E-03  2.839952E-01
  1.487638E-01  3.025982E-03  2.922535E-01
  1.524382E-01  3.265417E-03  3.004490E-01
  1.562035E-01  3.524267E-03  3.085551E-01
  1.600617E-01  3.804160E-03  3.165437E-01
  1.640152E-01  4.106871E-03  3.243852E-01
  1.680664E-01  4.434328E-03  3.320486E-01
  1.722176E-01  4.788632E-03  3.395018E-01
  1.764714E-01  5.172069E-03  3.467111E-01
  1.808302E-01  5.587130E-03  3.536418E-01
  1.852967E-01  6.036527E-03  3.602580E-01
  1.898736E-01  6.523218E-03  3.665227E-01
  1.945634E-01  7.050425E-03  3.723979E-01
  1.993692E-01  7.621663E-03  3.778449E-01
  2.042936E-01  8.240766E-03  3.828239E-01
  2.093396E-01  8.911912E-03  3.872946E-01
  2.145103E-01  9.639666E-03  3.912160E-01
  2.198087E-01  1.042901E-02  3.945467E-01
  2.252380E-01  1.128536E-02  3.972449E-01
  2.308014E-01  1.221467E-02  3.992689E-01
  2.365022E-01  1.322341E-02  4.005770E-01
  2.423438E-01  1.431863E-02  4.011282E-01
  2.483297E-01  1.550807E-02  4.008820E-01
  2.544634E-01  1.680014E-02  3.997991E-01
  2.607487E-01  1.820403E-02  3.978415E-01
  2.671892E-01  1.972978E-02  3.949725E-01
  2.737887E-01  2.138833E-02  3.911574E-01
  2.805513E-01  2.319162E-02  3.863636E-01
  2.874809E-01  2.515265E-02  3.805605E-01
  2.945817E-01  2.728560E-02  3.737205E-01
  3.018579E-01  2.960591E-02  3.658183E-01
  3.093138E-01  3.213036E-02  3.568319E-01
  3.169538E-01  3.487722E-02  3.467425E-01
  3.247826E-01  3.786630E-02  3.355348E-01
  3.328047E-01  4.111911E-02  3.231970E-01
  3.410250E-01  4.465894E-02  3.097215E-01
  3.494483E-01  4.851097E-02  2.951045E-01
  3.580797E-01  5.270238E-02  2.793464E-01
  3.669242E-01  5.726247E-02  2.624521E-01
  3.759873E-01  6.222271E-02  2.444309E-01
  3.852742E-01  6.761683E-02  2.252969E-01
  3.947904E-01  7.348086E-02  2.050688E-01
  4.045417E-01  7.985319E-02  1.837701E-01
  4.145339E-01  8.677450E-02  1.614293E-01
  4.247729E-01  9.428773E-02  1.380796E-01
  4.352648E-01  1.024380E-01  1.137594E-01
  4.460158E-01  1.112722E-01  8.851186E-02
  4.570324E-01  1.208393E-01  6.238513E-02
  4.683211E-01  1.311890E-01  3.543210E-02
  4.798887E-01  1.423724E-01  7.710388E-03
  4.917419E-01  1.544404E-01 -2.071787E-02
  5.038879E-01  1.674436E-01 -4.978616E-02
  5.163340E-01  1.814309E-01 -7.942386E-02
  5.290874E-01  1.964488E-01 -1.095565E-01
  5.421559E-01  2.125400E-01 -1.401060E-01
  5.555471E-01  2.297418E-01 -1.709911E-01
  5.692692E-01  2.480846E-01 -2.021277E-01
  5.833301E-01  2.675901E-01 -2.334294E-01
  5.977384E-01  2.882694E-01 -2.648079E-01
  6.125025E-01  3.101208E-01 -2.961735E-01
  6.276313E-01  3.331277E-01 -3.274358E-01
  6.431338E-01  3.572567E-01 -3.585040E-01
  6.590192E-01  3.824553E-01 -3.892874E-01
  6.752970E-01  4.086502E-01 -4.196952E-01
  6.919768E-01  4.357459E-01 -4.496365E-01
  7.090686E-01  4.636235E-01 -4.790193E-01
  7.265826E-01  4.921406E-01 -5.077508E-01
  7.445292E-01  5.211312E-01 -5.357371E-01
  7.629191E-01  5.504068E-01 -5.628843E-01
  7.817632E-01  5.797582E-01 -5.891004E-01
  8.010727E-01  6.089574E-01 -6.142960E-01
  8.208592E-01  6.377598E-01 -6.383864E-01
  8.411345E-01  6.659073E-01 -6.612922E-01
  8.619105E-01  6.931317E-01 -6.829398E-01
  8.831997E-01  7.191590E-01 -7.032618E-01
  9.050147E-01  7.437163E-01 -7.221977E-01
  9.273686E-01  7.665390E-01 -7.396936E-01
  9.502746E-01  7.873805E-01 -7.557032E-01
  9.737464E-01  8.060214E-01 -7.701879E-01
  9.977979E-01  8.222785E-01 -7.831168E-01
  1.022444E+00  8.360128E-01 -7.944673E-01
  1.047698E+00  8.471350E-01 -8.042248E-01
  1.073576E+00  8.556099E-01 -8.123828E-01
  1.100093E+00  8.614577E-01 -8.189430E-01
  1.127266E+00  8.647525E-01 -8.239146E-01
  1.155109E+00  8.656199E-01 -8.273145E-01
  1.183640E+00  8.642300E-01 -8.291665E-01
  1.212876E+00  8.607900E-01 -8.295012E-01
  1.242834E+00  8.555339E-01 -8.283552E-01
  1.273532E+00  8.487115E-01 -8.257708E-01
  1.304988E+00  8.405759E-01 -8.217956E-01
  1.337222E+00  8.313716E-01 -8.164816E-01
  1.370251E+00  8.213223E-01 -8.098848E-01
  1.404096E+00  8.106205E-01 -8.020648E-01
  1.438777E+00  7.994185E-01 -7.930841E-01
  1.474315E+00  7.878221E-01 -7.830074E-01
  1.510731E+00  7.758870E-01 -7.719016E-01
  1.548046E+00  7.636193E-01 -7.598346E-01
  1.586283E+00  7.509796E-01 -7.468753E-01
  1.625464E+00  7.378913E-01 -7.330932E-01
  1.665613E+00  7.242526E-01 -7.185576E-01
  1.706753E+00  7.099526E-01 -7.033375E-01
  1.748910E+00  6.948887E-01 -6.875010E-01
  1.792108E+00  6.789857E-01 -6.711152E-01
  1.836373E+00  6.622120E-01 -6.542459E-01
  1.881732E+00  6.445923E-01 -6.369572E-01
  1.928211E+00  6.262128E-01 -6.193112E-01
  1.975837E+00  6.072180E-01 -6.013681E-01
  2.024641E+00  5.877967E-01 -5.831858E-01
  2.074649E+00  5.681604E-01 -5.648199E-01
  2.125893E+00  5.485128E-01 -5.463235E-01
  2.178403E+00  5.290202E-01 -5.277474E-01
  2.232209E+00  5.097863E-01 -5.091397E-01
  2.287345E+00  4.908414E-01 -4.905460E-01
  2.343842E+00  4.721527E-01 -4.720095E-01
  2.401735E+00  4.536592E-01 -4.535707E-01
  2.461058E+00  4.353316E-01 -4.352679E-01
  2.521846E+00  4.171835E-01 -4.171370E-01
  2.584136E+00  3.992451E-01 -3.992116E-01
  2.647964E+00  3.815470E-01 -3.815231E-01
  2.713368E+00  3.641178E-01 -3.641010E-01
  2.780389E+00  3.469843E-01 -3.469727E-01
  2.849064E+00  3.301714E-01 -3.301637E-01
  2.919436E+00  3.137026E-01 -3.136978E-01
  2.991546E+00  2.975995E-01 -2.975969E-01
  3.065437E+00  2.818823E-01 -2.818814E-01
  3.141154E+00  2.665696E-01 -2.665701E-01
  3.218740E+00  2.516782E-01 -2.516800E-01
  3.298243E+00  2.372238E-01 -2.372266E-01
  3.379710E+00  2.232201E-01 -2.232237E-01
  3.463188E+00  2.096793E-01 -2.096837E-01
  3.548729E+00  1.966119E-01 -1.966170E-01
  3.636383E+00  1.840268E-01 -1.840324E-01
  3.726202E+00  1.719308E-01 -1.719369E-01
  3.818239E+00  1.603292E-01 -1.603355E-01
  3.912549E+00  1.492250E-01 -1.492314E-01
  4.009189E+00  1.386196E-01 -1.386260E-01
  4.108216E+00  1.285123E-01 -1.285187E-01
  4.209689E+00  1.189005E-01 -1.189068E-01
  4.313668E+00  1.097800E-01 -1.097861E-01
  4.420216E+00  1.011446E-01 -1.011504E-01
  4.529395E+00  9.298665E-02 -9.299212E-02
  4.641271E+00  8.529685E-02 -8.530199E-02
  4.755911E+00  7.806467E-02 -7.806948E-02
  4.873382E+00  7.127838E-02 -7.128284E-02
  4.993754E+00  6.492520E-02 -6.492932E-02
  5.117100E+00  5.899151E-02 -5.899530E-02
  5.243492E+00  5.346296E-02 -5.346643E-02
  5.373007E+00  4.832465E-02 -4.832782E-02
  5.505720E+00  4.356121E-02 -4.356409E-02
  5.641711E+00  3.915693E-02 -3.915955E-02
  5.781062E+00  3.509588E-02 -3.509825E-02
  5.923854E+00  3.136191E-02 -3.136405E-02
  6.070173E+00  2.793881E-02 -2.794073E-02
  6.220106E+00  2.481030E-02 -2.481202E-02
  6.373743E+00  2.196012E-02 -2.196165E-02
  6.531174E+00  1.937205E-02 -1.937341E-02
  6.692494E+00  1.703001E-02 -1.703122E-02
  6.857799E+00  1.491809E-02 -1.491916E-02
  7.027187E+00  1.302061E-02 -1.302155E-02
  7.200758E+00  1.132217E-02 -1.132300E-02
  7.378617E+00  9.807769E-03 -9.808493E-03
  7.560869E+00  8.462792E-03 -8.463422E-03
  7.747622E+00  7.273128E-03 -7.273674E-03
  7.938988E+00  6.225208E-03 -6.225680E-03
  8.135081E+00  5.306060E-03 -5.306466E-03
  8.336018E+00  4.503357E-03 -4.503705E-03
  8.541917E+00  3.805449E-03 -3.805746E-03
  8.752903E+00  3.201399E-03 -3.201651E-03
  8.969100E+00  2.680993E-03 -2.681206E-03
  9.190636E+00  2.234760E-03 -2.234940E-03
  9.417645E+00  1.853964E-03 -1.854114E-03
  9.650261E+00  1.530599E-03 -1.530724E-03
  9.888622E+00  1.257376E-03 -1.257480E-03
  1.013287E+01  1.027695E-03 -1.027781E-03
  1.038315E+01  8.356221E-04 -8.356926E-04
  1.063962E+01  6.758511E-04 -6.759087E-04
  1.090242E+01  5.436700E-04 -5.437168E-04
  1.117171E+01  4.349197E-04 -4.349575E-04
  1.144765E+01  3.459525E-04 -3.459829E-04
  1.173040E+01  2.735900E-04 -2.736143E-04
  1.202014E+01  2.150806E-04 -2.151000E-04
  1.231704E+01  1.680578E-04 -1.680731E-04
  1.262127E+01  1.304997E-04 -1.305117E-04
  1.293302E+01  1.006906E-04 -1.007000E-04
  1.325246E+01  7.718460E-05 -7.719187E-05
  1.357980E+01  5.877136E-05 -5.877696E-05
  1.391522E+01  4.444507E-05 -4.444936E-05
  1.425893E+01  3.337578E-05 -3.337903E-05
  1.461112E+01  2.488366E-05 -2.488612E-05
  1.497202E+01  1.841600E-05 -1.841784E-05
  1.534183E+01  1.352680E-05 -1.352817E-05
  1.572077E+01  9.858992E-06 -9.860005E-06
  1.610907E+01  7.128922E-06 -7.129664E-06
  1.650697E+01  5.113087E-06 -5.113627E-06
  1.691469E+01  3.636824E-06 -3.637213E-06
  1.733248E+01  2.564782E-06 -2.565060E-06
  1.776059E+01  1.792977E-06 -1.793174E-06
  1.819928E+01  1.242223E-06 -1.242362E-06
  1.864880E+01  8.527605E-07 -8.528571E-07
  1.910943E+01  5.799046E-07 -5.799713E-07
  1.958143E+01  3.905574E-07 -3.906030E-07
  2.006509E+01  2.604390E-07 -2.604698E-07
  2.056070E+01  1.719140E-07 -1.719347E-07
  2.106855E+01  1.123021E-07 -1.123158E-07
  2.158894E+01  7.258078E-08 -7.258978E-08
  2.212219E+01  4.639779E-08 -4.640363E-08
  2.266861E+01  2.932887E-08 -2.933263E-08
  2.322852E+01  1.832704E-08 -1.832943E-08
  2.380227E+01  1.131780E-08 -1.131929E-08
  2.439018E+01  6.905163E-09 -6.906091E-09
  2.499262E+01  4.160979E-09 -4.161548E-09
  2.560994E+01  2.475654E-09 -2.475998E-09
  2.624250E+01  1.453842E-09 -1.454049E-09
  2.689069E+01  8.424288E-10 -8.425462E-10
  2.755489E+01  4.814939E-10 -4.815767E-10
  2.823550E+01  2.713507E-10 -3.990102E-03
  2.893291E+01  1.507358E-10 -3.293012E-03
  2.964756E+01  0.000000E+00 -2.700679E-03
  3.037985E+01  0.000000E+00 -2.200666E-03
  3.113023E+01  0.000000E+00 -1.781421E-03
  3.189915E+01  0.000000E+00 -1.432314E-03
  3.268706E+01  0.000000E+00 -1.143656E-03
  3.349443E+01  0.000000E+00 -9.066979E-04
  3.432174E+01  0.000000E+00 -7.136120E-04
  3.516949E+01  0.000000E+00 -5.574615E-04
  3.603818E+01  0.000000E+00 -4.321551E-04
  3.692832E+01  0.000000E+00 -3.323940E-04
  3.784045E+01  0.000000E+00 -2.536122E-04
  3.877511E+01  0.000000E+00 -1.919125E-04
  3.973285E+01  0.000000E+00 -1.440002E-04
  4.071425E+01  0.000000E+00 -1.071169E-04
  4.171990E+01  0.000000E+00 -7.897579E-05
  4.275038E+01  0.000000E+00 -5.769985E-05
  4.380631E+01  0.000000E+00 -4.176395E-05
  4.488833E+01  0.000000E+00 -2.994149E-05
  4.599707E+01  0.000000E+00 -2.125625E-05
  4.713320E+01  0.000000E+00 -1.493947E-05
  4.829739E+01  0.000000E+00 -1.039226E-05
  4.949033E+01  0.000000E+00 -7.153187E-06
  5.071274E+01  0.000000E+00 -4.870680E-06
  5.196535E+01  0.000000E+00 -3.279916E-06
  5.324889E+01  0.000000E+00 -2.183729E-06
  5.456414E+01  0.000000E+00 -1.437058E-06
  5.591188E+01  0.000000E+00 -9.344652E-07
  5.729290E+01  0.000000E+00 -6.002548E-07
  5.870803E+01  0.000000E+00 -3.807665E-07
  6.015812E+01  0.000000E+00 -2.384495E-07
  6.164403E+01  0.000000E+00 -1.473698E-07
  6.316663E+01  0.000000E+00 -8.985714E-08
  6.472685E+01  0.000000E+00 -5.403595E-08
  6.632560E+01  0.000000E+00 -3.203702E-08
  6.796385E+01  0.000000E+00 -1.872066E-08
  6.964255E+01  0.000000E+00 -1.077863E-08
  7.136272E+01  0.000000E+00 -6.115112E-09
  7.312538E+01  0.000000E+00  0.000000E+00
  7.493158E+01  0.000000E+00  0.000000E+00
  7.678239E+01  0.000000E+00  0.000000E+00
  7.867892E+01  0.000000E+00  0.000000E+00
