  1.420455E-04  1.965842E+01
  1.455540E-04  1.965843E+01
  1.491492E-04  1.965843E+01
  1.528331E-04  1.965844E+01
  1.566081E-04  1.965845E+01
  1.604763E-04  1.965847E+01
  1.644401E-04  1.965849E+01
  1.685018E-04  1.965851E+01
  1.726638E-04  1.965853E+01
  1.769286E-04  1.965855E+01
  1.812987E-04  1.965857E+01
  1.857768E-04  1.965860E+01
  1.903655E-04  1.965862E+01
  1.950675E-04  1.965865E+01
  1.998857E-04  1.965867E+01
  2.048228E-04  1.965870E+01
  2.098820E-04  1.965873E+01
  2.150660E-04  1.965875E+01
  2.203782E-04  1.965878E+01
  2.258215E-04  1.965882E+01
  2.313993E-04  1.965885E+01
  2.371149E-04  1.965888E+01
  2.429716E-04  1.965892E+01
  2.489730E-04  1.965896E+01
  2.551226E-04  1.965899E+01
  2.614242E-04  1.965903E+01
  2.678814E-04  1.965908E+01
  2.744980E-04  1.965912E+01
  2.812781E-04  1.965917E+01
  2.882257E-04  1.965921E+01
  2.953449E-04  1.965927E+01
  3.026399E-04  1.965932E+01
  3.101151E-04  1.965937E+01
  3.177749E-04  1.965943E+01
  3.256240E-04  1.965949E+01
  3.336669E-04  1.965955E+01
  3.419085E-04  1.965962E+01
  3.503536E-04  1.965969E+01
  3.590073E-04  1.965976E+01
  3.678748E-04  1.965984E+01
  3.769613E-04  1.965992E+01
  3.862723E-04  1.966000E+01
  3.958132E-04  1.966009E+01
  4.055898E-04  1.966018E+01
  4.156078E-04  1.966028E+01
  4.258734E-04  1.966038E+01
  4.363924E-04  1.966049E+01
  4.471713E-04  1.966060E+01
  4.582165E-04  1.966072E+01
  4.695344E-04  1.966084E+01
  4.811319E-04  1.966097E+01
  4.930159E-04  1.966110E+01
  5.051933E-04  1.966125E+01
  5.176716E-04  1.966139E+01
  5.304581E-04  1.966155E+01
  5.435604E-04  1.966171E+01
  5.569864E-04  1.966189E+01
  5.707439E-04  1.966207E+01
  5.848413E-04  1.966226E+01
  5.992869E-04  1.966245E+01
  6.140893E-04  1.966266E+01
  6.292573E-04  1.966288E+01
  6.447999E-04  1.966311E+01
  6.607265E-04  1.966335E+01
  6.770464E-04  1.966361E+01
  6.937695E-04  1.966387E+01
  7.109056E-04  1.966415E+01
  7.284650E-04  1.966444E+01
  7.464580E-04  1.966475E+01
  7.648956E-04  1.966507E+01
  7.837885E-04  1.966541E+01
  8.031481E-04  1.966577E+01
  8.229858E-04  1.966614E+01
  8.433136E-04  1.966653E+01
  8.641434E-04  1.966694E+01
  8.854877E-04  1.966738E+01
  9.073593E-04  1.966783E+01
  9.297711E-04  1.966831E+01
  9.527364E-04  1.966880E+01
  9.762690E-04  1.966933E+01
  1.000383E-03  1.966988E+01
  1.025092E-03  1.967046E+01
  1.050412E-03  1.967106E+01
  1.076357E-03  1.967170E+01
  1.102943E-03  1.967237E+01
  1.130186E-03  1.967307E+01
  1.158102E-03  1.967381E+01
  1.186707E-03  1.967458E+01
  1.216018E-03  1.967539E+01
  1.246054E-03  1.967624E+01
  1.276832E-03  1.967714E+01
  1.308369E-03  1.967808E+01
  1.340686E-03  1.967906E+01
  1.373801E-03  1.968010E+01
  1.407734E-03  1.968118E+01
  1.442505E-03  1.968232E+01
  1.478135E-03  1.968352E+01
  1.514645E-03  1.968477E+01
  1.552056E-03  1.968609E+01
  1.590392E-03  1.968747E+01
  1.629675E-03  1.968893E+01
  1.669928E-03  1.969045E+01
  1.711175E-03  1.969205E+01
  1.753441E-03  1.969373E+01
  1.796751E-03  1.969549E+01
  1.841131E-03  1.969734E+01
  1.886607E-03  1.969928E+01
  1.933206E-03  1.970131E+01
  1.980956E-03  1.970345E+01
  2.029886E-03  1.970569E+01
  2.080024E-03  1.970804E+01
  2.131400E-03  1.971051E+01
  2.184046E-03  1.971309E+01
  2.237992E-03  1.971581E+01
  2.293270E-03  1.971866E+01
  2.349914E-03  1.972165E+01
  2.407957E-03  1.972479E+01
  2.467434E-03  1.972808E+01
  2.528379E-03  1.973153E+01
  2.590830E-03  1.973515E+01
  2.654824E-03  1.973894E+01
  2.720398E-03  1.974292E+01
  2.787592E-03  1.974710E+01
  2.856445E-03  1.975148E+01
  2.926999E-03  1.975607E+01
  2.999296E-03  1.976088E+01
  3.073379E-03  1.976593E+01
  3.149291E-03  1.977122E+01
  3.227079E-03  1.977677E+01
  3.306788E-03  1.978258E+01
  3.388465E-03  1.978867E+01
  3.472160E-03  1.979506E+01
  3.557923E-03  1.980175E+01
  3.645803E-03  1.980876E+01
  3.735855E-03  1.981610E+01
  3.828130E-03  1.982380E+01
  3.922685E-03  1.983186E+01
  4.019576E-03  1.984030E+01
  4.118859E-03  1.984913E+01
  4.220595E-03  1.985839E+01
  4.324844E-03  1.986807E+01
  4.431667E-03  1.987821E+01
  4.541129E-03  1.988882E+01
  4.653295E-03  1.989992E+01
  4.768232E-03  1.991153E+01
  4.886007E-03  1.992367E+01
  5.006691E-03  1.993637E+01
  5.130357E-03  1.994965E+01
  5.257077E-03  1.996352E+01
  5.386926E-03  1.997802E+01
  5.519983E-03  1.999316E+01
  5.656327E-03  2.000898E+01
  5.796038E-03  2.002549E+01
  5.939200E-03  2.004273E+01
  6.085899E-03  2.006071E+01
  6.236220E-03  2.007947E+01
  6.390255E-03  2.009902E+01
  6.548094E-03  2.011940E+01
  6.709832E-03  2.014064E+01
  6.875565E-03  2.016275E+01
  7.045392E-03  2.018576E+01
  7.219413E-03  2.020970E+01
  7.397732E-03  2.023459E+01
  7.580456E-03  2.026046E+01
  7.767693E-03  2.028733E+01
  7.959555E-03  2.031521E+01
  8.156157E-03  2.034413E+01
  8.357614E-03  2.037411E+01
  8.564047E-03  2.040515E+01
  8.775579E-03  2.043727E+01
  8.992335E-03  2.047049E+01
  9.214446E-03  2.050480E+01
  9.442043E-03  2.054020E+01
  9.675261E-03  2.057669E+01
  9.914240E-03  2.061427E+01
  1.015912E-02  2.065292E+01
  1.041005E-02  2.069261E+01
  1.066718E-02  2.073332E+01
  1.093066E-02  2.077501E+01
  1.120065E-02  2.081763E+01
  1.147730E-02  2.086114E+01
  1.176079E-02  2.090547E+01
  1.205128E-02  2.095055E+01
  1.234895E-02  2.099628E+01
  1.265397E-02  2.104257E+01
  1.296652E-02  2.108931E+01
  1.328680E-02  2.113637E+01
  1.361498E-02  2.118361E+01
  1.395127E-02  2.123089E+01
  1.429587E-02  2.127804E+01
  1.464897E-02  2.132487E+01
  1.501080E-02  2.137119E+01
  1.538157E-02  2.141679E+01
  1.576150E-02  2.146144E+01
  1.615080E-02  2.150492E+01
  1.654973E-02  2.154697E+01
  1.695851E-02  2.158735E+01
  1.737738E-02  2.162579E+01
  1.780660E-02  2.166201E+01
  1.824643E-02  2.169576E+01
  1.869711E-02  2.172677E+01
  1.915893E-02  2.175476E+01
  1.963216E-02  2.177949E+01
  2.011707E-02  2.180070E+01
  2.061396E-02  2.181817E+01
  2.112313E-02  2.183169E+01
  2.164487E-02  2.184106E+01
  2.217950E-02  2.184613E+01
  2.272733E-02  2.184677E+01
  2.328870E-02  2.184289E+01
  2.386393E-02  2.183441E+01
  2.445337E-02  2.182132E+01
  2.505737E-02  2.180364E+01
  2.567628E-02  2.178141E+01
  2.631049E-02  2.175474E+01
  2.696036E-02  2.172376E+01
  2.762628E-02  2.168863E+01
  2.830865E-02  2.164956E+01
  2.900787E-02  2.160679E+01
  2.972436E-02  2.156058E+01
  3.045856E-02  2.151121E+01
  3.121088E-02  2.145898E+01
  3.198179E-02  2.140422E+01
  3.277174E-02  2.134724E+01
  3.358120E-02  2.128839E+01
  3.441066E-02  2.122799E+01
  3.526060E-02  2.116638E+01
  3.613154E-02  2.110387E+01
  3.702399E-02  2.104077E+01
  3.793848E-02  2.097738E+01
  3.887556E-02  2.091398E+01
  3.983579E-02  2.085083E+01
  4.081973E-02  2.078817E+01
  4.182798E-02  2.072621E+01
  4.286113E-02  2.066516E+01
  4.391980E-02  2.060517E+01
  4.500462E-02  2.054640E+01
  4.611623E-02  2.048896E+01
  4.725530E-02  2.043297E+01
  4.842251E-02  2.037849E+01
  4.961855E-02  2.032559E+01
  5.084412E-02  2.027429E+01
  5.209997E-02  2.022461E+01
  5.338684E-02  2.017655E+01
  5.470550E-02  2.013008E+01
  5.605672E-02  2.008517E+01
  5.744132E-02  2.004177E+01
  5.886013E-02  1.999981E+01
  6.031397E-02  1.995920E+01
  6.180373E-02  1.991987E+01
  6.333028E-02  1.988171E+01
  6.489454E-02  1.984462E+01
  6.649743E-02  1.980848E+01
  6.813992E-02  1.977316E+01
  6.982297E-02  1.973855E+01
  7.154760E-02  1.970450E+01
  7.331483E-02  1.967089E+01
  7.512570E-02  1.963756E+01
  7.698131E-02  1.960439E+01
  7.888275E-02  1.957121E+01
  8.083115E-02  1.953789E+01
  8.282768E-02  1.950426E+01
  8.487352E-02  1.947019E+01
  8.696990E-02  1.943551E+01
  8.911805E-02  1.940007E+01
  9.131927E-02  1.936371E+01
  9.357486E-02  1.932626E+01
  9.588616E-02  1.928758E+01
  9.825454E-02  1.924748E+01
  1.006814E-01  1.920581E+01
  1.031683E-01  1.916239E+01
  1.057165E-01  1.911705E+01
  1.083277E-01  1.906960E+01
  1.110034E-01  1.901987E+01
  1.137452E-01  1.896767E+01
  1.165547E-01  1.891280E+01
  1.194336E-01  1.885506E+01
  1.223836E-01  1.879426E+01
  1.254065E-01  1.873017E+01
  1.285040E-01  1.866259E+01
  1.316781E-01  1.859128E+01
  1.349305E-01  1.851602E+01
  1.382633E-01  1.843656E+01
  1.416784E-01  1.835266E+01
  1.451779E-01  1.826405E+01
  1.487638E-01  1.817048E+01
  1.524382E-01  1.807167E+01
  1.562035E-01  1.796733E+01
  1.600617E-01  1.785717E+01
  1.640152E-01  1.774090E+01
  1.680664E-01  1.761820E+01
  1.722176E-01  1.748875E+01
  1.764714E-01  1.735224E+01
  1.808302E-01  1.720831E+01
  1.852967E-01  1.705665E+01
  1.898736E-01  1.689688E+01
  1.945634E-01  1.672867E+01
  1.993692E-01  1.655165E+01
  2.042936E-01  1.636545E+01
  2.093396E-01  1.616971E+01
  2.145103E-01  1.596406E+01
  2.198087E-01  1.574813E+01
  2.252380E-01  1.552155E+01
  2.308014E-01  1.528395E+01
  2.365022E-01  1.503496E+01
  2.423438E-01  1.477424E+01
  2.483297E-01  1.450143E+01
  2.544634E-01  1.421620E+01
  2.607487E-01  1.391822E+01
  2.671892E-01  1.360718E+01
  2.737887E-01  1.328280E+01
  2.805513E-01  1.294479E+01
  2.874809E-01  1.259293E+01
  2.945817E-01  1.222698E+01
  3.018579E-01  1.184676E+01
  3.093138E-01  1.145211E+01
  3.169538E-01  1.104292E+01
  3.247826E-01  1.061910E+01
  3.328047E-01  1.018061E+01
  3.410250E-01  9.727458E+00
  3.494483E-01  9.259706E+00
  3.580797E-01  8.777462E+00
  3.669242E-01  8.280894E+00
  3.759873E-01  7.770237E+00
  3.852742E-01  7.245796E+00
  3.947904E-01  6.707954E+00
  4.045417E-01  6.157186E+00
  4.145339E-01  5.594068E+00
  4.247729E-01  5.019293E+00
  4.352648E-01  4.433689E+00
  4.460158E-01  3.838237E+00
  4.570324E-01  3.234092E+00
  4.683211E-01  2.622608E+00
  4.798887E-01  2.005359E+00
  4.917419E-01  1.384156E+00
  5.038879E-01  7.610654E-01
  5.163340E-01  1.384105E-01
  5.290874E-01 -4.812285E-01
  5.421559E-01 -1.095029E+00
  5.555471E-01 -1.699951E+00
  5.692692E-01 -2.292771E+00
  5.833301E-01 -2.870117E+00
  5.977384E-01 -3.428506E+00
  6.125025E-01 -3.964380E+00
  6.276313E-01 -4.474135E+00
  6.431338E-01 -4.954141E+00
  6.590192E-01 -5.400773E+00
  6.752970E-01 -5.810449E+00
  6.919768E-01 -6.179701E+00
  7.090686E-01 -6.505310E+00
  7.265826E-01 -6.784521E+00
  7.445292E-01 -7.015360E+00
  7.629191E-01 -7.196998E+00
  7.817632E-01 -7.330005E+00
  8.010727E-01 -7.416295E+00
  8.208592E-01 -7.458568E+00
  8.411345E-01 -7.459396E+00
  8.619105E-01 -7.420353E+00
  8.831997E-01 -7.341711E+00
  9.050147E-01 -7.222861E+00
  9.273686E-01 -7.063213E+00
  9.502746E-01 -6.863069E+00
  9.737464E-01 -6.624124E+00
  9.977979E-01 -6.349545E+00
  1.022444E+00 -6.043764E+00
  1.047698E+00 -5.712182E+00
  1.073576E+00 -5.360875E+00
  1.100093E+00 -4.996362E+00
  1.127266E+00 -4.625410E+00
  1.155109E+00 -4.254866E+00
  1.183640E+00 -3.891479E+00
  1.212876E+00 -3.541731E+00
  1.242834E+00 -3.211647E+00
  1.273532E+00 -2.906591E+00
  1.304988E+00 -2.631072E+00
  1.337222E+00 -2.388547E+00
  1.370251E+00 -2.181239E+00
  1.404096E+00 -2.009996E+00
  1.438777E+00 -1.874176E+00
  1.474315E+00 -1.771603E+00
  1.510731E+00 -1.698581E+00
  1.548046E+00 -1.650006E+00
  1.586283E+00 -1.619575E+00
  1.625464E+00 -1.600106E+00
  1.665613E+00 -1.583993E+00
  1.706753E+00 -1.563763E+00
  1.748910E+00 -1.532742E+00
  1.792108E+00 -1.485758E+00
  1.836373E+00 -1.419837E+00
  1.881732E+00 -1.334769E+00
  1.928211E+00 -1.233445E+00
  1.975837E+00 -1.121827E+00
  2.024641E+00 -1.008430E+00
  2.074649E+00 -9.032424E-01
  2.125893E+00 -8.160069E-01
  2.178403E+00 -7.539582E-01
  2.232209E+00 -7.192476E-01
  2.287345E+00 -7.067330E-01
  2.343842E+00 -7.035086E-01
  2.401735E+00 -6.926533E-01
  2.461058E+00 -6.651804E-01
  2.521846E+00 -6.340108E-01
  2.584136E+00 -6.046517E-01
  2.647964E+00 -5.769592E-01
  2.713368E+00 -5.507997E-01
  2.780389E+00 -5.260500E-01
  2.849064E+00 -5.025978E-01
  2.919436E+00 -4.803412E-01
  2.991546E+00 -4.591889E-01
  3.065437E+00 -4.390605E-01
  3.141154E+00 -4.198859E-01
  3.218740E+00 -4.016054E-01
  3.298243E+00 -3.841695E-01
  3.379710E+00 -3.675380E-01
  3.463188E+00 -3.516794E-01
  3.548729E+00 -3.365699E-01
  3.636383E+00 -3.221909E-01
  3.726202E+00 -3.085285E-01
  3.818239E+00 -2.955702E-01
  3.912549E+00 -2.833034E-01
  4.009189E+00 -2.717138E-01
  4.108216E+00 -2.607829E-01
  4.209689E+00 -2.504877E-01
  4.313668E+00 -2.407989E-01
  4.420216E+00 -2.316815E-01
  4.529395E+00 -2.230945E-01
  4.641271E+00 -2.149919E-01
  4.755911E+00 -2.073236E-01
  4.873382E+00 -2.000369E-01
  4.993754E+00 -1.930788E-01
  5.117100E+00 -1.863974E-01
  5.243492E+00 -1.799436E-01
  5.373007E+00 -1.736739E-01
  5.505720E+00 -1.675511E-01
  5.641711E+00 -1.615458E-01
  5.781062E+00 -1.556372E-01
  5.923854E+00 -1.498127E-01
  6.070173E+00 -1.440675E-01
  6.220106E+00 -1.384042E-01
  6.373743E+00 -1.328305E-01
  6.531174E+00 -1.273585E-01
  6.692494E+00 -1.220026E-01
  6.857799E+00 -1.167785E-01
  7.027187E+00 -1.117015E-01
  7.200758E+00 -1.067859E-01
  7.378617E+00 -1.020439E-01
  7.560869E+00 -9.748572E-02
  7.747622E+00 -9.311878E-02
  7.938988E+00 -8.894802E-02
  8.135081E+00 -8.497605E-02
  8.336018E+00 -8.120301E-02
  8.541917E+00 -7.762705E-02
  8.752903E+00 -7.424477E-02
  8.969100E+00 -7.105108E-02
  9.190636E+00 -6.803987E-02
  9.417645E+00 -6.520410E-02
  9.650261E+00 -6.253612E-02
  9.888622E+00 -6.002764E-02
  1.013287E+01 -5.767017E-02
  1.038315E+01 -5.545514E-02
  1.063962E+01 -5.337400E-02
  1.090242E+01 -5.141824E-02
  1.117171E+01 -4.957943E-02
  1.144765E+01 -4.784954E-02
  1.173040E+01 -4.622086E-02
  1.202014E+01 -4.468581E-02
  1.231704E+01 -4.323752E-02
  1.262127E+01 -4.186921E-02
  1.293302E+01 -4.057465E-02
  1.325246E+01 -3.934789E-02
  1.357980E+01 -3.818352E-02
  1.391522E+01 -3.707660E-02
  1.425893E+01 -3.602228E-02
  1.461112E+01 -3.501637E-02
  1.497202E+01 -3.405493E-02
  1.534183E+01 -3.313439E-02
  1.572077E+01 -3.225134E-02
  1.610907E+01 -3.140307E-02
  1.650697E+01 -3.058673E-02
  1.691469E+01 -2.979999E-02
  1.733248E+01 -2.904067E-02
  1.776059E+01 -2.830684E-02
  1.819928E+01 -2.759679E-02
  1.864880E+01 -2.690895E-02
  1.910943E+01 -2.624197E-02
  1.958143E+01 -2.559461E-02
  2.006509E+01 -2.496579E-02
  2.056070E+01 -2.435453E-02
  2.106855E+01 -2.375997E-02
  2.158894E+01 -2.316001E-02
  2.212219E+01 -2.260174E-02
  2.266861E+01 -2.205694E-02
  2.322852E+01 -2.152526E-02
  2.380227E+01 -2.100641E-02
  2.439018E+01 -2.050006E-02
  2.499262E+01 -2.000591E-02
  2.560994E+01 -1.952367E-02
  2.624250E+01 -1.905306E-02
  2.689069E+01 -1.859379E-02
  2.755489E+01 -1.814560E-02
  2.823550E+01 -1.770821E-02
  2.893291E+01 -1.728136E-02
  2.964756E+01 -1.686480E-02
  3.037985E+01 -1.645827E-02
  3.113023E+01 -1.606155E-02
  3.189915E+01 -1.567440E-02
  3.268706E+01 -1.529658E-02
  3.349443E+01 -1.492786E-02
  3.432174E+01 -1.456802E-02
  3.516949E+01 -1.421687E-02
  3.603818E+01 -1.387418E-02
  3.692832E+01 -1.353975E-02
  3.784045E+01 -1.321338E-02
  3.877511E+01 -1.289487E-02
  3.973285E+01 -1.258404E-02
  4.071425E+01 -1.228071E-02
  4.171990E+01 -1.198469E-02
  4.275038E+01 -1.169581E-02
  4.380631E+01 -1.141388E-02
  4.488833E+01 -1.113875E-02
  4.599707E+01 -1.087025E-02
  4.713320E+01 -1.060823E-02
  4.829739E+01 -1.035253E-02
  4.949033E+01 -1.010298E-02
  5.071274E+01 -9.859458E-03
  5.196535E+01 -9.621797E-03
  5.324889E+01 -9.389868E-03
  5.456414E+01 -9.163531E-03
  5.591188E+01 -8.942643E-03
  5.729290E+01 -8.727082E-03
  5.870803E+01 -8.516726E-03
  6.015812E+01 -8.311428E-03
  6.164403E+01 -8.111087E-03
  6.316663E+01 -7.915570E-03
  6.472685E+01 -7.724766E-03
  6.632560E+01 -7.538566E-03
  6.796385E+01 -7.356848E-03
  6.964255E+01 -7.179516E-03
  7.136272E+01 -7.006461E-03
  7.312538E+01 -6.837569E-03
  7.493158E+01 -6.672757E-03
  7.678239E+01 -6.511906E-03
  7.867892E+01 -6.354946E-03
