  3.289474E-04  3.284264E-09  1.911009E-06
  3.329934E-04  3.365553E-09  1.950042E-06
  3.370892E-04  3.448855E-09  1.989870E-06
  3.412354E-04  3.534219E-09  2.030510E-06
  3.454326E-04  3.621695E-09  2.072036E-06
  3.496815E-04  3.711337E-09  2.114588E-06
  3.539825E-04  3.803197E-09  2.158158E-06
  3.583365E-04  3.897331E-09  2.202773E-06
  3.627441E-04  3.993795E-09  2.248457E-06
  3.672058E-04  4.092647E-09  2.295234E-06
  3.717224E-04  4.193945E-09  2.343127E-06
  3.762946E-04  4.297751E-09  2.392161E-06
  3.809231E-04  4.404126E-09  2.442361E-06
  3.856084E-04  4.513134E-09  2.493753E-06
  3.903514E-04  4.624839E-09  2.546365E-06
  3.951527E-04  4.739310E-09  2.600222E-06
  4.000131E-04  4.856614E-09  2.655353E-06
  4.049333E-04  4.976822E-09  2.711786E-06
  4.099139E-04  5.100004E-09  2.769551E-06
  4.149559E-04  5.226236E-09  2.828677E-06
  4.200598E-04  5.355592E-09  2.889195E-06
  4.252266E-04  5.488150E-09  2.951137E-06
  4.304569E-04  5.623989E-09  3.014534E-06
  4.357515E-04  5.763190E-09  3.079419E-06
  4.411112E-04  5.905836E-09  3.145826E-06
  4.465369E-04  6.052013E-09  3.213790E-06
  4.520293E-04  6.201808E-09  3.283346E-06
  4.575892E-04  6.355311E-09  3.354530E-06
  4.632176E-04  6.512613E-09  3.427379E-06
  4.689152E-04  6.673809E-09  3.501931E-06
  4.746828E-04  6.838994E-09  3.578225E-06
  4.805214E-04  7.008268E-09  3.656301E-06
  4.864318E-04  7.181732E-09  3.736199E-06
  4.924150E-04  7.359489E-09  3.817961E-06
  4.984717E-04  7.541646E-09  3.901630E-06
  5.046029E-04  7.728311E-09  3.987249E-06
  5.108095E-04  7.919597E-09  4.074864E-06
  5.170924E-04  8.115617E-09  4.164520E-06
  5.234527E-04  8.316489E-09  4.256264E-06
  5.298911E-04  8.522333E-09  4.350145E-06
  5.364088E-04  8.733272E-09  4.446211E-06
  5.430066E-04  8.949431E-09  4.544512E-06
  5.496856E-04  9.170941E-09  4.645101E-06
  5.564467E-04  9.397934E-09  4.748031E-06
  5.632910E-04  9.630545E-09  4.853355E-06
  5.702195E-04  9.868914E-09  4.961129E-06
  5.772332E-04  1.011318E-08  5.071410E-06
  5.843332E-04  1.036350E-08  5.184255E-06
  5.915205E-04  1.062001E-08  5.299724E-06
  5.987962E-04  1.088286E-08  5.417879E-06
  6.061614E-04  1.115223E-08  5.538780E-06
  6.136172E-04  1.142826E-08  5.662494E-06
  6.211647E-04  1.171113E-08  5.789083E-06
  6.288050E-04  1.200099E-08  5.918617E-06
  6.365393E-04  1.229803E-08  6.051163E-06
  6.443687E-04  1.260242E-08  6.186790E-06
  6.522944E-04  1.291435E-08  6.325573E-06
  6.603177E-04  1.323400E-08  6.467582E-06
  6.684396E-04  1.356156E-08  6.612895E-06
  6.766614E-04  1.389722E-08  6.761589E-06
  6.849843E-04  1.424120E-08  6.913741E-06
  6.934096E-04  1.459368E-08  7.069433E-06
  7.019386E-04  1.495490E-08  7.228749E-06
  7.105724E-04  1.532505E-08  7.391771E-06
  7.193124E-04  1.570436E-08  7.558589E-06
  7.281600E-04  1.609307E-08  7.729289E-06
  7.371164E-04  1.649139E-08  7.903964E-06
  7.461829E-04  1.689957E-08  8.082706E-06
  7.553609E-04  1.731786E-08  8.265611E-06
  7.646519E-04  1.774650E-08  8.452777E-06
  7.740571E-04  1.818575E-08  8.644303E-06
  7.835780E-04  1.863587E-08  8.840292E-06
  7.932160E-04  1.909713E-08  9.040848E-06
  8.029726E-04  1.956981E-08  9.246080E-06
  8.128491E-04  2.005419E-08  9.456097E-06
  8.228472E-04  2.055056E-08  9.671011E-06
  8.329682E-04  2.105921E-08  9.890938E-06
  8.432137E-04  2.158045E-08  1.011600E-05
  8.535852E-04  2.211459E-08  1.034631E-05
  8.640843E-04  2.266196E-08  1.058199E-05
  8.747126E-04  2.322287E-08  1.082318E-05
  8.854715E-04  2.379767E-08  1.106999E-05
  8.963628E-04  2.438669E-08  1.132258E-05
  9.073881E-04  2.499029E-08  1.158106E-05
  9.185490E-04  2.560883E-08  1.184558E-05
  9.298471E-04  2.624269E-08  1.211628E-05
  9.412842E-04  2.689223E-08  1.239331E-05
  9.528620E-04  2.755784E-08  1.267682E-05
  9.645822E-04  2.823994E-08  1.296696E-05
  9.764466E-04  2.893891E-08  1.326389E-05
  9.884569E-04  2.965519E-08  1.356776E-05
  1.000615E-03  3.038919E-08  1.387874E-05
  1.012922E-03  3.114136E-08  1.419700E-05
  1.025381E-03  3.191215E-08  1.452272E-05
  1.037994E-03  3.270202E-08  1.485606E-05
  1.050761E-03  3.351144E-08  1.519721E-05
  1.063685E-03  3.434089E-08  1.554635E-05
  1.076769E-03  3.519087E-08  1.590368E-05
  1.090013E-03  3.606189E-08  1.626938E-05
  1.103420E-03  3.695447E-08  1.664365E-05
  1.116992E-03  3.786914E-08  1.702670E-05
  1.130731E-03  3.880645E-08  1.741874E-05
  1.144639E-03  3.976696E-08  1.781997E-05
  1.158718E-03  4.075124E-08  1.823062E-05
  1.172970E-03  4.175989E-08  1.865091E-05
  1.187398E-03  4.279350E-08  1.908106E-05
  1.202003E-03  4.385269E-08  1.952132E-05
  1.216788E-03  4.493810E-08  1.997192E-05
  1.231754E-03  4.605038E-08  2.043310E-05
  1.246905E-03  4.719018E-08  2.090512E-05
  1.262242E-03  4.835820E-08  2.138823E-05
  1.277767E-03  4.955513E-08  2.188270E-05
  1.293484E-03  5.078168E-08  2.238879E-05
  1.309393E-03  5.203859E-08  2.290679E-05
  1.325499E-03  5.332662E-08  2.343697E-05
  1.341803E-03  5.464652E-08  2.397963E-05
  1.358307E-03  5.599909E-08  2.453506E-05
  1.375014E-03  5.738514E-08  2.510355E-05
  1.391927E-03  5.880550E-08  2.568544E-05
  1.409047E-03  6.026101E-08  2.628102E-05
  1.426379E-03  6.175255E-08  2.689063E-05
  1.443923E-03  6.328100E-08  2.751459E-05
  1.461683E-03  6.484729E-08  2.815326E-05
  1.479662E-03  6.645234E-08  2.880698E-05
  1.497862E-03  6.809712E-08  2.947610E-05
  1.516286E-03  6.978262E-08  3.016100E-05
  1.534936E-03  7.150983E-08  3.086204E-05
  1.553816E-03  7.327979E-08  3.157961E-05
  1.572928E-03  7.509356E-08  3.231411E-05
  1.592275E-03  7.695222E-08  3.306593E-05
  1.611860E-03  7.885688E-08  3.383549E-05
  1.631685E-03  8.080869E-08  3.462320E-05
  1.651755E-03  8.280881E-08  3.542951E-05
  1.672072E-03  8.485844E-08  3.625484E-05
  1.692638E-03  8.695879E-08  3.709966E-05
  1.713458E-03  8.911114E-08  3.796442E-05
  1.734533E-03  9.131675E-08  3.884961E-05
  1.755868E-03  9.357696E-08  3.975570E-05
  1.777465E-03  9.589311E-08  4.068318E-05
  1.799328E-03  9.826659E-08  4.163258E-05
  1.821460E-03  1.006988E-07  4.260441E-05
  1.843864E-03  1.031912E-07  4.359920E-05
  1.866543E-03  1.057454E-07  4.461750E-05
  1.889502E-03  1.083627E-07  4.565986E-05
  1.912743E-03  1.110448E-07  4.672686E-05
  1.936269E-03  1.137933E-07  4.781909E-05
  1.960085E-03  1.166098E-07  4.893713E-05
  1.984194E-03  1.194961E-07  5.008161E-05
  2.008600E-03  1.224538E-07  5.125315E-05
  2.033306E-03  1.254847E-07  5.245240E-05
  2.058315E-03  1.285906E-07  5.368000E-05
  2.083633E-03  1.317733E-07  5.493665E-05
  2.109261E-03  1.350349E-07  5.622301E-05
  2.135205E-03  1.383772E-07  5.753981E-05
  2.161468E-03  1.418022E-07  5.888776E-05
  2.188054E-03  1.453120E-07  6.026760E-05
  2.214968E-03  1.489087E-07  6.168008E-05
  2.242212E-03  1.525943E-07  6.312599E-05
  2.269791E-03  1.563712E-07  6.460611E-05
  2.297709E-03  1.602416E-07  6.612126E-05
  2.325971E-03  1.642078E-07  6.767226E-05
  2.354581E-03  1.682722E-07  6.925997E-05
  2.383542E-03  1.724371E-07  7.088525E-05
  2.412859E-03  1.767052E-07  7.254900E-05
  2.442538E-03  1.810789E-07  7.425213E-05
  2.472581E-03  1.855608E-07  7.599557E-05
  2.502994E-03  1.901537E-07  7.778027E-05
  2.533780E-03  1.948602E-07  7.960722E-05
  2.564946E-03  1.996832E-07  8.147741E-05
  2.596495E-03  2.046257E-07  8.339186E-05
  2.628432E-03  2.096904E-07  8.535163E-05
  2.660761E-03  2.148805E-07  8.735778E-05
  2.693489E-03  2.201991E-07  8.941141E-05
  2.726619E-03  2.256493E-07  9.151365E-05
  2.760156E-03  2.312344E-07  9.366565E-05
  2.794106E-03  2.369578E-07  9.586858E-05
  2.828473E-03  2.428228E-07  9.812364E-05
  2.863264E-03  2.488330E-07  1.004321E-04
  2.898482E-03  2.549919E-07  1.027951E-04
  2.934133E-03  2.613033E-07  1.052141E-04
  2.970223E-03  2.677709E-07  1.076903E-04
  3.006757E-03  2.743985E-07  1.102251E-04
  3.043740E-03  2.811903E-07  1.128199E-04
  3.081178E-03  2.881501E-07  1.154760E-04
  3.119076E-03  2.952822E-07  1.181950E-04
  3.157441E-03  3.025908E-07  1.209783E-04
  3.196277E-03  3.100803E-07  1.238275E-04
  3.235592E-03  3.177552E-07  1.267440E-04
  3.275389E-03  3.256200E-07  1.297295E-04
  3.315677E-03  3.336795E-07  1.327855E-04
  3.356460E-03  3.419385E-07  1.359139E-04
  3.397744E-03  3.504020E-07  1.391162E-04
  3.439536E-03  3.590749E-07  1.423941E-04
  3.481843E-03  3.679624E-07  1.457496E-04
  3.524669E-03  3.770700E-07  1.491843E-04
  3.568023E-03  3.864029E-07  1.527002E-04
  3.611909E-03  3.959669E-07  1.562992E-04
  3.656336E-03  4.057676E-07  1.599831E-04
  3.701309E-03  4.158109E-07  1.637541E-04
  3.746835E-03  4.261027E-07  1.676141E-04
  3.792921E-03  4.366493E-07  1.715653E-04
  3.839574E-03  4.474570E-07  1.756097E-04
  3.886801E-03  4.585321E-07  1.797495E-04
  3.934608E-03  4.698814E-07  1.839871E-04
  3.983004E-03  4.815115E-07  1.883246E-04
  4.031995E-03  4.934296E-07  1.927645E-04
  4.081588E-03  5.056426E-07  1.973090E-04
  4.131792E-03  5.181579E-07  2.019607E-04
  4.182613E-03  5.309830E-07  2.067221E-04
  4.234059E-03  5.441255E-07  2.115957E-04
  4.286138E-03  5.575933E-07  2.165841E-04
  4.338858E-03  5.713944E-07  2.216900E-04
  4.392225E-03  5.855372E-07  2.269162E-04
  4.446250E-03  6.000300E-07  2.322654E-04
  4.500939E-03  6.148815E-07  2.377406E-04
  4.556300E-03  6.301006E-07  2.433446E-04
  4.612343E-03  6.456964E-07  2.490804E-04
  4.669075E-03  6.616782E-07  2.549512E-04
  4.726504E-03  6.780556E-07  2.609600E-04
  4.784640E-03  6.948384E-07  2.671101E-04
  4.843491E-03  7.120365E-07  2.734047E-04
  4.903066E-03  7.296604E-07  2.798471E-04
  4.963374E-03  7.477204E-07  2.864409E-04
  5.024423E-03  7.662274E-07  2.931895E-04
  5.086224E-03  7.851926E-07  3.000965E-04
  5.148784E-03  8.046271E-07  3.071655E-04
  5.212114E-03  8.245427E-07  3.144004E-04
  5.276223E-03  8.449511E-07  3.218048E-04
  5.341121E-03  8.658648E-07  3.293829E-04
  5.406817E-03  8.872961E-07  3.371385E-04
  5.473321E-03  9.092578E-07  3.450757E-04
  5.540642E-03  9.317631E-07  3.531988E-04
  5.608792E-03  9.548254E-07  3.615120E-04
  5.677781E-03  9.784586E-07  3.700196E-04
  5.747617E-03  1.002677E-06  3.787263E-04
  5.818313E-03  1.027494E-06  3.876364E-04
  5.889878E-03  1.052926E-06  3.967547E-04
  5.962324E-03  1.078987E-06  4.060860E-04
  6.035660E-03  1.105694E-06  4.156352E-04
  6.109899E-03  1.133061E-06  4.254072E-04
  6.185051E-03  1.161106E-06  4.354071E-04
  6.261127E-03  1.189845E-06  4.456401E-04
  6.338139E-03  1.219295E-06  4.561116E-04
  6.416098E-03  1.249474E-06  4.668270E-04
  6.495016E-03  1.280400E-06  4.777919E-04
  6.574904E-03  1.312092E-06  4.890119E-04
  6.655776E-03  1.344568E-06  5.004929E-04
  6.737642E-03  1.377847E-06  5.122407E-04
  6.820515E-03  1.411951E-06  5.242615E-04
  6.904407E-03  1.446898E-06  5.365614E-04
  6.989331E-03  1.482711E-06  5.491468E-04
  7.075300E-03  1.519410E-06  5.620241E-04
  7.162326E-03  1.557017E-06  5.751999E-04
  7.250423E-03  1.595556E-06  5.886810E-04
  7.339603E-03  1.635048E-06  6.024743E-04
  7.429880E-03  1.675517E-06  6.165867E-04
  7.521268E-03  1.716988E-06  6.310256E-04
  7.613779E-03  1.759486E-06  6.457982E-04
  7.707429E-03  1.803036E-06  6.609120E-04
  7.802230E-03  1.847663E-06  6.763748E-04
  7.898198E-03  1.893395E-06  6.921943E-04
  7.995345E-03  1.940259E-06  7.083785E-04
  8.093688E-03  1.988283E-06  7.249355E-04
  8.193241E-03  2.037496E-06  7.418738E-04
  8.294017E-03  2.087926E-06  7.592018E-04
  8.396034E-03  2.139605E-06  7.769282E-04
  8.499305E-03  2.192563E-06  7.950619E-04
  8.603847E-03  2.246832E-06  8.136120E-04
  8.709674E-03  2.302444E-06  8.325876E-04
  8.816803E-03  2.359432E-06  8.519982E-04
  8.925250E-03  2.417831E-06  8.718535E-04
  9.035030E-03  2.477676E-06  8.921633E-04
  9.146161E-03  2.539002E-06  9.129377E-04
  9.258659E-03  2.601845E-06  9.341868E-04
  9.372540E-03  2.666244E-06  9.559212E-04
  9.487822E-03  2.732237E-06  9.781515E-04
  9.604523E-03  2.799864E-06  1.000889E-03
  9.722658E-03  2.869164E-06  1.024144E-03
  9.842247E-03  2.940179E-06  1.047928E-03
  9.963307E-03  3.012953E-06  1.072253E-03
  1.008586E-02  3.087527E-06  1.097131E-03
  1.020991E-02  3.163947E-06  1.122573E-03
  1.033549E-02  3.242259E-06  1.148593E-03
  1.046262E-02  3.322509E-06  1.175202E-03
  1.059131E-02  3.404746E-06  1.202413E-03
  1.072158E-02  3.489018E-06  1.230240E-03
  1.085346E-02  3.575375E-06  1.258695E-03
  1.098696E-02  3.663871E-06  1.287793E-03
  1.112210E-02  3.754556E-06  1.317547E-03
  1.125890E-02  3.847486E-06  1.347971E-03
  1.139738E-02  3.942716E-06  1.379079E-03
  1.153757E-02  4.040304E-06  1.410887E-03
  1.167948E-02  4.140307E-06  1.443409E-03
  1.182314E-02  4.242785E-06  1.476661E-03
  1.196856E-02  4.347799E-06  1.510657E-03
  1.211578E-02  4.455413E-06  1.545414E-03
  1.226480E-02  4.565690E-06  1.580949E-03
  1.241566E-02  4.678697E-06  1.617276E-03
  1.256837E-02  4.794500E-06  1.654414E-03
  1.272296E-02  4.913171E-06  1.692380E-03
  1.287945E-02  5.034778E-06  1.731190E-03
  1.303787E-02  5.159395E-06  1.770862E-03
  1.319824E-02  5.287097E-06  1.811415E-03
  1.336058E-02  5.417959E-06  1.852867E-03
  1.352491E-02  5.552061E-06  1.895237E-03
  1.369127E-02  5.689482E-06  1.938544E-03
  1.385967E-02  5.830304E-06  1.982807E-03
  1.403014E-02  5.974611E-06  2.028046E-03
  1.420271E-02  6.122491E-06  2.074281E-03
  1.437741E-02  6.274030E-06  2.121534E-03
  1.455425E-02  6.429321E-06  2.169824E-03
  1.473327E-02  6.588455E-06  2.219173E-03
  1.491449E-02  6.751528E-06  2.269603E-03
  1.509793E-02  6.918637E-06  2.321135E-03
  1.528364E-02  7.089882E-06  2.373793E-03
  1.547163E-02  7.265366E-06  2.427599E-03
  1.566193E-02  7.445193E-06  2.482576E-03
  1.585457E-02  7.629471E-06  2.538748E-03
  1.604958E-02  7.818311E-06  2.596140E-03
  1.624699E-02  8.011824E-06  2.654774E-03
  1.644683E-02  8.210127E-06  2.714677E-03
  1.664913E-02  8.413339E-06  2.775874E-03
  1.685391E-02  8.621580E-06  2.838391E-03
  1.706121E-02  8.834975E-06  2.902253E-03
  1.727107E-02  9.053652E-06  2.967487E-03
  1.748350E-02  9.277742E-06  3.034120E-03
  1.769855E-02  9.507378E-06  3.102180E-03
  1.791624E-02  9.742698E-06  3.171695E-03
  1.813661E-02  9.983843E-06  3.242693E-03
  1.835969E-02  1.023096E-05  3.315203E-03
  1.858551E-02  1.048419E-05  3.389254E-03
  1.881412E-02  1.074368E-05  3.464876E-03
  1.904553E-02  1.100960E-05  3.542099E-03
  1.927979E-02  1.128211E-05  3.620954E-03
  1.951693E-02  1.156135E-05  3.701472E-03
  1.975699E-02  1.184751E-05  3.783685E-03
  2.000000E-02  1.214075E-05  3.867624E-03
  2.024600E-02  1.244125E-05  3.953323E-03
  2.049503E-02  1.274919E-05  4.040814E-03
  2.074711E-02  1.306475E-05  4.130131E-03
  2.100230E-02  1.338812E-05  4.221308E-03
  2.126063E-02  1.371949E-05  4.314380E-03
  2.152214E-02  1.405907E-05  4.409381E-03
  2.178686E-02  1.440705E-05  4.506346E-03
  2.205484E-02  1.476364E-05  4.605313E-03
  2.232611E-02  1.512906E-05  4.706318E-03
  2.260072E-02  1.550352E-05  4.809396E-03
  2.287871E-02  1.588726E-05  4.914586E-03
  2.316012E-02  1.628049E-05  5.021926E-03
  2.344499E-02  1.668345E-05  5.131454E-03
  2.373336E-02  1.709639E-05  5.243209E-03
  2.402529E-02  1.751955E-05  5.357231E-03
  2.432080E-02  1.795318E-05  5.473558E-03
  2.461994E-02  1.839754E-05  5.592232E-03
  2.492277E-02  1.885291E-05  5.713294E-03
  2.522932E-02  1.931954E-05  5.836784E-03
  2.553964E-02  1.979773E-05  5.962744E-03
  2.585378E-02  2.028775E-05  6.091217E-03
  2.617178E-02  2.078989E-05  6.222246E-03
  2.649369E-02  2.130447E-05  6.355872E-03
  2.681956E-02  2.183179E-05  6.492140E-03
  2.714944E-02  2.237215E-05  6.631095E-03
  2.748338E-02  2.292589E-05  6.772779E-03
  2.782143E-02  2.349334E-05  6.917239E-03
  2.816363E-02  2.407483E-05  7.064520E-03
  2.851004E-02  2.467071E-05  7.214666E-03
  2.886072E-02  2.528135E-05  7.367725E-03
  2.921570E-02  2.590709E-05  7.523742E-03
  2.957506E-02  2.654833E-05  7.682765E-03
  2.993883E-02  2.720544E-05  7.844841E-03
  3.030708E-02  2.787881E-05  8.010017E-03
  3.067985E-02  2.856885E-05  8.178341E-03
  3.105722E-02  2.927596E-05  8.349862E-03
  3.143922E-02  3.000058E-05  8.524627E-03
  3.182592E-02  3.074314E-05  8.702687E-03
  3.221738E-02  3.150407E-05  8.884089E-03
  3.261365E-02  3.228384E-05  9.068883E-03
  3.301480E-02  3.308291E-05  9.257119E-03
  3.342088E-02  3.390175E-05  9.448846E-03
  3.383196E-02  3.474087E-05  9.644116E-03
  3.424809E-02  3.560075E-05  9.842976E-03
  3.466935E-02  3.648192E-05  1.004548E-02
  3.509578E-02  3.738490E-05  1.025167E-02
  3.552746E-02  3.831022E-05  1.046161E-02
  3.596445E-02  3.925845E-05  1.067534E-02
  3.640681E-02  4.023015E-05  1.089292E-02
  3.685461E-02  4.122590E-05  1.111439E-02
  3.730792E-02  4.224630E-05  1.133981E-02
  3.776681E-02  4.329196E-05  1.156922E-02
  3.823134E-02  4.436349E-05  1.180268E-02
  3.870159E-02  4.546155E-05  1.204024E-02
  3.917762E-02  4.658678E-05  1.228194E-02
  3.965950E-02  4.773987E-05  1.252784E-02
  4.014731E-02  4.892150E-05  1.277799E-02
  4.064113E-02  5.013237E-05  1.303243E-02
  4.114101E-02  5.137322E-05  1.329123E-02
  4.164705E-02  5.264478E-05  1.355441E-02
  4.215931E-02  5.394781E-05  1.382204E-02
  4.267786E-02  5.528309E-05  1.409416E-02
  4.320280E-02  5.665142E-05  1.437083E-02
  4.373420E-02  5.805363E-05  1.465207E-02
  4.427213E-02  5.949053E-05  1.493795E-02
  4.481667E-02  6.096301E-05  1.522851E-02
  4.536792E-02  6.247193E-05  1.552379E-02
  4.592595E-02  6.401820E-05  1.582385E-02
  4.649083E-02  6.560274E-05  1.612871E-02
  4.706267E-02  6.722650E-05  1.643842E-02
  4.764154E-02  6.889045E-05  1.675303E-02
  4.822753E-02  7.059558E-05  1.707258E-02
  4.882073E-02  7.234292E-05  1.739711E-02
  4.942123E-02  7.413351E-05  1.772665E-02
  5.002911E-02  7.596842E-05  1.806124E-02
  5.064447E-02  7.784875E-05  1.840092E-02
  5.126739E-02  7.977562E-05  1.874572E-02
  5.189798E-02  8.175018E-05  1.909567E-02
  5.253633E-02  8.377362E-05  1.945082E-02
  5.318252E-02  8.584713E-05  1.981118E-02
  5.383667E-02  8.797197E-05  2.017678E-02
  5.449886E-02  9.014941E-05  2.054766E-02
  5.516920E-02  9.238074E-05  2.092383E-02
  5.584778E-02  9.466730E-05  2.130533E-02
  5.653470E-02  9.701045E-05  2.169216E-02
  5.723008E-02  9.941160E-05  2.208436E-02
  5.793401E-02  1.018722E-04  2.248192E-02
  5.864660E-02  1.043937E-04  2.288488E-02
  5.936795E-02  1.069776E-04  2.329324E-02
  6.009818E-02  1.096254E-04  2.370701E-02
  6.083739E-02  1.123388E-04  2.412619E-02
  6.158569E-02  1.151194E-04  2.455080E-02
  6.234319E-02  1.179687E-04  2.498082E-02
  6.311001E-02  1.208886E-04  2.541627E-02
  6.388626E-02  1.238808E-04  2.585712E-02
  6.467207E-02  1.269471E-04  2.630339E-02
  6.546753E-02  1.300892E-04  2.675504E-02
  6.627278E-02  1.333091E-04  2.721208E-02
  6.708794E-02  1.366087E-04  2.767447E-02
  6.791312E-02  1.399900E-04  2.814220E-02
  6.874845E-02  1.434550E-04  2.861524E-02
  6.959406E-02  1.470057E-04  2.909357E-02
  7.045006E-02  1.506443E-04  2.957714E-02
  7.131660E-02  1.543730E-04  3.006591E-02
  7.219379E-02  1.581940E-04  3.055986E-02
  7.308178E-02  1.621095E-04  3.105892E-02
  7.398068E-02  1.661220E-04  3.156305E-02
  7.489065E-02  1.702338E-04  3.207219E-02
  7.581180E-02  1.744473E-04  3.258628E-02
  7.674429E-02  1.787652E-04  3.310525E-02
  7.768824E-02  1.831899E-04  3.362903E-02
  7.864381E-02  1.877241E-04  3.415755E-02
  7.961113E-02  1.923706E-04  3.469072E-02
  8.059034E-02  1.971321E-04  3.522845E-02
  8.158160E-02  2.020115E-04  3.577066E-02
  8.258506E-02  2.070116E-04  3.631723E-02
  8.360085E-02  2.121355E-04  3.686808E-02
  8.462914E-02  2.173862E-04  3.742307E-02
  8.567008E-02  2.227668E-04  3.798211E-02
  8.672382E-02  2.282807E-04  3.854506E-02
  8.779053E-02  2.339310E-04  3.911179E-02
  8.887035E-02  2.397212E-04  3.968217E-02
  8.996346E-02  2.456547E-04  4.025605E-02
  9.107001E-02  2.517351E-04  4.083327E-02
  9.219017E-02  2.579660E-04  4.141369E-02
  9.332411E-02  2.643511E-04  4.199713E-02
  9.447199E-02  2.708943E-04  4.258343E-02
  9.563400E-02  2.775994E-04  4.317239E-02
  9.681030E-02  2.844705E-04  4.376384E-02
  9.800106E-02  2.915116E-04  4.435758E-02
  9.920648E-02  2.987271E-04  4.495340E-02
  1.004267E-01  3.061211E-04  4.555109E-02
  1.016620E-01  3.136982E-04  4.615043E-02
  1.029124E-01  3.214628E-04  4.675119E-02
  1.041782E-01  3.294196E-04  4.735314E-02
  1.054596E-01  3.375734E-04  4.795602E-02
  1.067568E-01  3.459289E-04  4.855960E-02
  1.080699E-01  3.544913E-04  4.916359E-02
  1.093991E-01  3.632657E-04  4.976774E-02
  1.107448E-01  3.722572E-04  5.037176E-02
  1.121069E-01  3.814713E-04  5.097536E-02
  1.134858E-01  3.909135E-04  5.157824E-02
  1.148817E-01  4.005894E-04  5.218010E-02
  1.162947E-01  4.105048E-04  5.278062E-02
  1.177252E-01  4.206656E-04  5.337947E-02
  1.191732E-01  4.310779E-04  5.397632E-02
  1.206390E-01  4.417480E-04  5.457083E-02
  1.221229E-01  4.526822E-04  5.516263E-02
  1.236250E-01  4.638870E-04  5.575137E-02
  1.251456E-01  4.753692E-04  5.633668E-02
  1.266849E-01  4.871356E-04  5.691816E-02
  1.282431E-01  4.991933E-04  5.749543E-02
  1.298205E-01  5.115494E-04  5.806809E-02
  1.314173E-01  5.242114E-04  5.863572E-02
  1.330337E-01  5.371868E-04  5.919790E-02
  1.346700E-01  5.504834E-04  5.975421E-02
  1.363265E-01  5.641091E-04  6.030419E-02
  1.380033E-01  5.780721E-04  6.084740E-02
  1.397007E-01  5.923808E-04  6.138338E-02
  1.414190E-01  6.070436E-04  6.191165E-02
  1.431585E-01  6.220694E-04  6.243173E-02
  1.449193E-01  6.374671E-04  6.294314E-02
  1.467019E-01  6.532460E-04  6.344537E-02
  1.485063E-01  6.694154E-04  6.393790E-02
  1.503329E-01  6.859851E-04  6.442023E-02
  1.521820E-01  7.029650E-04  6.489181E-02
  1.540538E-01  7.203652E-04  6.535212E-02
  1.559487E-01  7.381961E-04  6.580059E-02
  1.578669E-01  7.564683E-04  6.623668E-02
  1.598086E-01  7.751929E-04  6.665981E-02
  1.617743E-01  7.943811E-04  6.706941E-02
  1.637641E-01  8.140441E-04  6.746490E-02
  1.657784E-01  8.341940E-04  6.784568E-02
  1.678175E-01  8.548426E-04  6.821115E-02
  1.698816E-01  8.760024E-04  6.856071E-02
  1.719712E-01  8.976859E-04  6.889374E-02
  1.740864E-01  9.199063E-04  6.920962E-02
  1.762277E-01  9.426767E-04  6.950772E-02
  1.783953E-01  9.660107E-04  6.978741E-02
  1.805896E-01  9.899224E-04  7.004805E-02
  1.828108E-01  1.014426E-03  7.028900E-02
  1.850594E-01  1.039536E-03  7.050962E-02
  1.873356E-01  1.065268E-03  7.070924E-02
  1.896398E-01  1.091637E-03  7.088722E-02
  1.919724E-01  1.118658E-03  7.104291E-02
  1.943337E-01  1.146349E-03  7.117563E-02
  1.967240E-01  1.174725E-03  7.128473E-02
  1.991437E-01  1.203803E-03  7.136956E-02
  2.015931E-01  1.233601E-03  7.142944E-02
  2.040727E-01  1.264137E-03  7.146372E-02
  2.065828E-01  1.295429E-03  7.147173E-02
  2.091238E-01  1.327496E-03  7.145282E-02
  2.116960E-01  1.360356E-03  7.140633E-02
  2.142999E-01  1.394030E-03  7.133161E-02
  2.169358E-01  1.428537E-03  7.122801E-02
  2.196041E-01  1.463899E-03  7.109488E-02
  2.223052E-01  1.500136E-03  7.093157E-02
  2.250396E-01  1.537271E-03  7.073747E-02
  2.278076E-01  1.575324E-03  7.051194E-02
  2.306096E-01  1.614320E-03  7.025435E-02
  2.334461E-01  1.654281E-03  6.996411E-02
  2.363175E-01  1.695232E-03  6.964060E-02
  2.392242E-01  1.737196E-03  6.928324E-02
  2.421666E-01  1.780199E-03  6.889144E-02
  2.451453E-01  1.824267E-03  6.846463E-02
  2.481606E-01  1.869425E-03  6.800226E-02
  2.512130E-01  1.915702E-03  6.750378E-02
  2.543029E-01  1.963125E-03  6.696866E-02
  2.574308E-01  2.011721E-03  6.639640E-02
  2.605972E-01  2.061521E-03  6.578649E-02
  2.638025E-01  2.112554E-03  6.513845E-02
  2.670473E-01  2.164850E-03  6.445183E-02
  2.703320E-01  2.218441E-03  6.372617E-02
  2.736571E-01  2.273359E-03  6.296107E-02
  2.770231E-01  2.329636E-03  6.215611E-02
  2.804304E-01  2.387307E-03  6.131091E-02
  2.838797E-01  2.446406E-03  6.042513E-02
  2.873715E-01  2.506968E-03  5.949843E-02
  2.909061E-01  2.569030E-03  5.853051E-02
  2.944843E-01  2.632628E-03  5.752107E-02
  2.981064E-01  2.697800E-03  5.646987E-02
  3.017731E-01  2.764587E-03  5.537669E-02
  3.054849E-01  2.833027E-03  5.424132E-02
  3.092424E-01  2.903162E-03  5.306360E-02
  3.130461E-01  2.975033E-03  5.184340E-02
  3.168966E-01  3.048684E-03  5.058060E-02
  3.207944E-01  3.124159E-03  4.927515E-02
  3.247402E-01  3.201502E-03  4.792699E-02
  3.287345E-01  3.280761E-03  4.653614E-02
  3.327779E-01  3.361982E-03  4.510262E-02
  3.368711E-01  3.445214E-03  4.362651E-02
  3.410146E-01  3.530507E-03  4.210791E-02
  3.452091E-01  3.617913E-03  4.054696E-02
  3.494551E-01  3.707483E-03  3.894387E-02
  3.537534E-01  3.799270E-03  3.729885E-02
  3.581046E-01  3.893331E-03  3.561216E-02
  3.625093E-01  3.989721E-03  3.388413E-02
  3.669681E-01  4.088498E-03  3.211510E-02
  3.714819E-01  4.189721E-03  3.030547E-02
  3.760511E-01  4.293450E-03  2.845567E-02
  3.806765E-01  4.399748E-03  2.656620E-02
  3.853588E-01  4.508679E-03  2.463759E-02
  3.900987E-01  4.620307E-03  2.267040E-02
  3.948970E-01  4.734700E-03  2.066526E-02
  3.997542E-01  4.851926E-03  1.862285E-02
  4.046712E-01  4.972055E-03  1.654388E-02
  4.096486E-01  5.095158E-03  1.442911E-02
  4.146873E-01  5.221311E-03  1.227937E-02
  4.197880E-01  5.350588E-03  1.009551E-02
  4.249513E-01  5.483066E-03  7.878438E-03
  4.301782E-01  5.618826E-03  5.629125E-03
  4.354694E-01  5.757948E-03  3.348576E-03
  4.408257E-01  5.900515E-03  1.037850E-03
  4.462479E-01  6.046613E-03 -1.301945E-03
  4.517367E-01  6.196330E-03 -3.669653E-03
  4.572931E-01  6.349755E-03 -6.064069E-03
  4.629178E-01  6.506979E-03 -8.483937E-03
  4.686117E-01  6.668098E-03 -1.092795E-02
  4.743756E-01  6.833208E-03 -1.339477E-02
  4.802104E-01  7.002406E-03 -1.588299E-02
  4.861170E-01  7.175796E-03 -1.839117E-02
  4.920962E-01  7.353480E-03 -2.091781E-02
  4.981490E-01  7.535565E-03 -2.346137E-02
  5.042763E-01  7.722160E-03 -2.602028E-02
  5.104789E-01  7.913377E-03 -2.859290E-02
  5.167578E-01  8.109330E-03 -3.117757E-02
  5.231139E-01  8.310136E-03 -3.377256E-02
  5.295482E-01  8.515916E-03 -3.637613E-02
  5.360616E-01  8.726794E-03 -3.898648E-02
  5.426552E-01  8.942894E-03 -4.160177E-02
  5.493298E-01  9.164347E-03 -4.422013E-02
  5.560866E-01  9.391285E-03 -4.683965E-02
  5.629265E-01  9.623844E-03 -4.945839E-02
  5.698504E-01  9.862163E-03 -5.207437E-02
  5.768596E-01  1.010638E-02 -5.468558E-02
  5.839550E-01  1.035666E-02 -5.729001E-02
  5.911376E-01  1.061313E-02 -5.988560E-02
  5.984086E-01  1.087595E-02 -6.247027E-02
  6.057690E-01  1.114528E-02 -6.504193E-02
  6.132200E-01  1.142128E-02 -6.759849E-02
  6.207626E-01  1.170412E-02 -7.013783E-02
  6.283980E-01  1.199396E-02 -7.265784E-02
  6.361273E-01  1.229098E-02 -7.515640E-02
  6.439517E-01  1.259536E-02 -7.763139E-02
  6.518723E-01  1.290727E-02 -8.008069E-02
  6.598903E-01  1.322691E-02 -8.250218E-02
  6.680069E-01  1.355446E-02 -8.489375E-02
  6.762234E-01  1.389013E-02 -8.725324E-02
  6.845410E-01  1.423410E-02 -8.957850E-02
  6.929608E-01  1.458660E-02 -9.186736E-02
  7.014842E-01  1.494782E-02 -9.411760E-02
  7.101125E-01  1.531798E-02 -9.632696E-02
  7.188469E-01  1.569731E-02 -9.849314E-02
  7.276887E-01  1.608602E-02 -1.006138E-01
  7.366393E-01  1.648436E-02 -1.026864E-01
  7.456999E-01  1.689256E-02 -1.047087E-01
  7.548720E-01  1.731087E-02 -1.066781E-01
  7.641570E-01  1.773952E-02 -1.085920E-01
  7.735561E-01  1.817878E-02 -1.104480E-01
  7.830708E-01  1.862891E-02 -1.122437E-01
  7.927026E-01  1.909018E-02 -1.139764E-01
  8.024529E-01  1.956285E-02 -1.156437E-01
  8.123230E-01  2.004722E-02 -1.172433E-01
  8.223146E-01  2.054357E-02 -1.187728E-01
  8.324291E-01  2.105219E-02 -1.202299E-01
  8.426679E-01  2.157338E-02 -1.216124E-01
  8.530328E-01  2.210746E-02 -1.229179E-01
  8.635251E-01  2.265474E-02 -1.241445E-01
  8.741464E-01  2.321555E-02 -1.252900E-01
  8.848984E-01  2.379021E-02 -1.263524E-01
  8.957827E-01  2.437906E-02 -1.273297E-01
  9.068008E-01  2.498246E-02 -1.282201E-01
  9.179544E-01  2.560075E-02 -1.290216E-01
  9.292453E-01  2.623431E-02 -1.297325E-01
  9.406750E-01  2.688350E-02 -1.303510E-01
  9.522453E-01  2.754870E-02 -1.308756E-01
  9.639579E-01  2.823031E-02 -1.313046E-01
  9.758146E-01  2.892872E-02 -1.316365E-01
  9.878171E-01  2.964435E-02 -1.318699E-01
  9.999673E-01  3.037760E-02 -1.320034E-01
  1.012267E+00  3.112891E-02 -1.320358E-01
  1.024718E+00  3.189872E-02 -1.319658E-01
  1.037322E+00  3.268746E-02 -1.317924E-01
  1.050081E+00  3.349560E-02 -1.315145E-01
  1.062997E+00  3.432361E-02 -1.311312E-01
  1.076072E+00  3.517195E-02 -1.306417E-01
  1.089307E+00  3.604112E-02 -1.300451E-01
  1.102706E+00  3.693162E-02 -1.293408E-01
  1.116269E+00  3.784395E-02 -1.285283E-01
  1.129999E+00  3.877864E-02 -1.276071E-01
  1.143898E+00  3.973622E-02 -1.265768E-01
  1.157968E+00  4.071722E-02 -1.254371E-01
  1.172211E+00  4.172220E-02 -1.241877E-01
  1.186629E+00  4.275173E-02 -1.228287E-01
  1.201225E+00  4.380637E-02 -1.213600E-01
  1.216000E+00  4.488673E-02 -1.197817E-01
  1.230957E+00  4.599340E-02 -1.180940E-01
  1.246098E+00  4.712698E-02 -1.162970E-01
  1.261425E+00  4.828811E-02 -1.143912E-01
  1.276940E+00  4.947741E-02 -1.123770E-01
  1.292646E+00  5.069553E-02 -1.102550E-01
  1.308546E+00  5.194313E-02 -1.080257E-01
  1.324641E+00  5.322088E-02 -1.056898E-01
  1.340934E+00  5.452945E-02 -1.032481E-01
  1.357428E+00  5.586954E-02 -1.007015E-01
  1.374124E+00  5.724186E-02 -9.805084E-02
  1.391026E+00  5.864710E-02 -9.529717E-02
  1.408135E+00  6.008601E-02 -9.244156E-02
  1.425455E+00  6.155931E-02 -8.948516E-02
  1.442989E+00  6.306775E-02 -8.642918E-02
  1.460737E+00  6.461209E-02 -8.327492E-02
  1.478704E+00  6.619308E-02 -8.002371E-02
  1.496892E+00  6.781151E-02 -7.667697E-02
  1.515304E+00  6.946814E-02 -7.323617E-02
  1.533942E+00  7.116378E-02 -6.970285E-02
  1.552810E+00  7.289922E-02 -6.607859E-02
  1.571910E+00  7.467526E-02 -6.236504E-02
  1.591244E+00  7.649272E-02 -5.856388E-02
  1.610816E+00  7.835239E-02 -5.467686E-02
  1.630629E+00  8.025510E-02 -5.070576E-02
  1.650686E+00  8.220168E-02 -4.665243E-02
  1.670990E+00  8.419293E-02 -4.251873E-02
  1.691543E+00  8.622969E-02 -3.830657E-02
  1.712349E+00  8.831277E-02 -3.401793E-02
  1.733411E+00  9.044298E-02 -2.965476E-02
  1.754732E+00  9.262114E-02 -2.521911E-02
  1.776315E+00  9.484806E-02 -2.071301E-02
  1.798163E+00  9.712454E-02 -1.613854E-02
  1.820281E+00  9.945135E-02 -1.149779E-02
  1.842670E+00  1.018293E-01 -6.792891E-03
  1.865335E+00  1.042591E-01 -2.025977E-03
  1.888279E+00  1.067415E-01  2.800797E-03
  1.911505E+00  1.092773E-01  7.685260E-03
  1.935016E+00  1.118671E-01  1.262523E-02
  1.958817E+00  1.145116E-01  1.761853E-02
  1.982910E+00  1.172114E-01  2.266294E-02
  2.007300E+00  1.199673E-01  2.775628E-02
  2.031990E+00  1.227796E-01  3.289634E-02
  2.056983E+00  1.256491E-01  3.808091E-02
  2.082284E+00  1.285761E-01  4.330778E-02
  2.107896E+00  1.315611E-01  4.857476E-02
  2.133823E+00  1.346045E-01  5.387964E-02
  2.160069E+00  1.377066E-01  5.922021E-02
  2.186638E+00  1.408677E-01  6.459429E-02
  2.213534E+00  1.440879E-01  6.999969E-02
  2.240760E+00  1.473675E-01  7.543420E-02
  2.268322E+00  1.507063E-01  8.089564E-02
  2.296222E+00  1.541045E-01  8.638183E-02
  2.324466E+00  1.575619E-01  9.189058E-02
  2.353057E+00  1.610782E-01  9.741970E-02
  2.381999E+00  1.646531E-01  1.029670E-01
  2.411298E+00  1.682861E-01  1.085303E-01
  2.440957E+00  1.719768E-01  1.141073E-01
  2.470980E+00  1.757244E-01  1.196960E-01
  2.501374E+00  1.795282E-01  1.252940E-01
  2.532140E+00  1.833872E-01  1.308991E-01
  2.563286E+00  1.873003E-01  1.365091E-01
  2.594814E+00  1.912663E-01  1.421218E-01
  2.626730E+00  1.952838E-01  1.477348E-01
  2.659039E+00  1.993514E-01  1.533460E-01
  2.691745E+00  2.034673E-01  1.589529E-01
  2.724854E+00  2.076297E-01  1.645534E-01
  2.758370E+00  2.118365E-01  1.701451E-01
  2.792297E+00  2.160855E-01  1.757257E-01
  2.826643E+00  2.203745E-01  1.812930E-01
  2.861410E+00  2.247007E-01  1.868446E-01
  2.896606E+00  2.290616E-01  1.923782E-01
  2.932234E+00  2.334541E-01  1.978916E-01
  2.968301E+00  2.378752E-01  2.033825E-01
  3.004811E+00  2.423216E-01  2.088489E-01
  3.041770E+00  2.467899E-01  2.142886E-01
  3.079184E+00  2.512764E-01  2.196995E-01
  3.117058E+00  2.557774E-01  2.250799E-01
  3.155397E+00  2.602888E-01  2.304278E-01
  3.194209E+00  2.648066E-01  2.357417E-01
  3.233497E+00  2.693266E-01  2.410200E-01
  3.273269E+00  2.738444E-01  2.462614E-01
  3.313531E+00  2.783555E-01  2.514647E-01
  3.354287E+00  2.828552E-01  2.566289E-01
  3.395545E+00  2.873390E-01  2.617530E-01
  3.437310E+00  2.918019E-01  2.668362E-01
  3.479589E+00  2.962394E-01  2.718775E-01
  3.522388E+00  3.006464E-01  2.768761E-01
  3.565713E+00  3.050181E-01  2.818307E-01
  3.609572E+00  3.093497E-01  2.867400E-01
  3.653969E+00  3.136363E-01  2.916023E-01
  3.698913E+00  3.178730E-01  2.964153E-01
  3.744410E+00  3.220552E-01  3.011764E-01
  3.790466E+00  3.261781E-01  3.058825E-01
  3.837089E+00  3.302370E-01  3.105299E-01
  3.884285E+00  3.342272E-01  3.151147E-01
  3.932062E+00  3.381442E-01  3.196324E-01
  3.980426E+00  3.419833E-01  3.240783E-01
  4.029385E+00  3.457398E-01  3.284473E-01
  4.078947E+00  3.494088E-01  3.327345E-01
  4.129118E+00  3.529854E-01  3.369344E-01
  4.179906E+00  3.564646E-01  3.410419E-01
  4.231319E+00  3.598415E-01  3.450514E-01
  4.283364E+00  3.631110E-01  3.489577E-01
  4.336049E+00  3.662683E-01  3.527555E-01
  4.389383E+00  3.693086E-01  3.564393E-01
  4.443372E+00  3.722271E-01  3.600039E-01
  4.498026E+00  3.750192E-01  3.634441E-01
  4.553351E+00  3.776804E-01  3.667548E-01
  4.609358E+00  3.802063E-01  3.699309E-01
  4.666053E+00  3.825926E-01  3.729673E-01
  4.723445E+00  3.848353E-01  3.758593E-01
  4.781543E+00  3.869303E-01  3.786021E-01
  4.840356E+00  3.888739E-01  3.811910E-01
  4.899893E+00  3.906625E-01  3.836217E-01
  4.960161E+00  3.922929E-01  3.858900E-01
  5.021171E+00  3.937620E-01  3.879917E-01
  5.082932E+00  3.950669E-01  3.899232E-01
  5.145452E+00  3.962050E-01  3.916810E-01
  5.208741E+00  3.971742E-01  3.932618E-01
  5.272809E+00  3.979726E-01  3.946629E-01
  5.337664E+00  3.985986E-01  3.958817E-01
  5.403317E+00  3.990509E-01  3.969160E-01
  5.469778E+00  3.993286E-01  3.977642E-01
  5.537056E+00  3.994313E-01  3.984249E-01
  5.605162E+00  3.993588E-01  3.988971E-01
  5.674106E+00  3.991112E-01  3.991803E-01
  5.743897E+00  3.986891E-01  3.992745E-01
  5.814547E+00  3.980933E-01  3.991798E-01
  5.886066E+00  3.973250E-01  3.988971E-01
  5.958465E+00  3.963857E-01  3.984272E-01
  6.031754E+00  3.952770E-01  3.977717E-01
  6.105944E+00  3.940010E-01  3.969323E-01
  6.181047E+00  3.925600E-01  3.959110E-01
  6.257074E+00  3.909563E-01  3.947102E-01
  6.334036E+00  3.891926E-01  3.933324E-01
  6.411945E+00  3.872719E-01  3.917806E-01
  6.490812E+00  3.851969E-01  3.900578E-01
  6.570649E+00  3.829709E-01  3.881672E-01
  6.651468E+00  3.805970E-01  3.861121E-01
  6.733281E+00  3.780786E-01  3.838961E-01
  6.816100E+00  3.754190E-01  3.815228E-01
  6.899938E+00  3.726217E-01  3.789959E-01
  6.984808E+00  3.696902E-01  3.763193E-01
  7.070721E+00  3.666280E-01  3.734967E-01
  7.157691E+00  3.634387E-01  3.705321E-01
  7.245730E+00  3.601258E-01  3.674294E-01
  7.334853E+00  3.566931E-01  3.641926E-01
  7.425071E+00  3.531439E-01  3.608255E-01
  7.516400E+00  3.494821E-01  3.573322E-01
  7.608851E+00  3.457112E-01  3.537167E-01
  7.702440E+00  3.418348E-01  3.499829E-01
  7.797180E+00  3.378565E-01  3.461347E-01
  7.893086E+00  3.337800E-01  3.421762E-01
  7.990171E+00  3.296089E-01  3.381112E-01
  8.088450E+00  3.253469E-01  3.339438E-01
  8.187938E+00  3.209975E-01  3.296779E-01
  8.288649E+00  3.165646E-01  3.253175E-01
  8.390600E+00  3.120517E-01  3.208664E-01
  8.493804E+00  3.074626E-01  3.163288E-01
  8.598278E+00  3.028010E-01  3.117087E-01
  8.704037E+00  2.980709E-01  3.070100E-01
  8.811096E+00  2.932759E-01  3.022369E-01
  8.919473E+00  2.884200E-01  2.973934E-01
  9.029182E+00  2.835072E-01  2.924838E-01
  9.140241E+00  2.785413E-01  2.875122E-01
  9.252666E+00  2.735266E-01  2.824829E-01
  9.366474E+00  2.684671E-01  2.774002E-01
  9.481682E+00  2.633669E-01  2.722684E-01
  9.598306E+00  2.582304E-01  2.670921E-01
  9.716365E+00  2.530618E-01  2.618757E-01
  9.835877E+00  2.478654E-01  2.566237E-01
  9.956858E+00  2.426458E-01  2.513409E-01
  1.007933E+01  2.374073E-01  2.460318E-01
  1.020330E+01  2.321544E-01  2.407012E-01
  1.032880E+01  2.268917E-01  2.353538E-01
  1.045585E+01  2.216238E-01  2.299945E-01
  1.058445E+01  2.163552E-01  2.246281E-01
  1.071464E+01  2.110906E-01  2.192594E-01
  1.084643E+01  2.058345E-01  2.138934E-01
  1.097985E+01  2.005916E-01  2.085348E-01
  1.111490E+01  1.953664E-01  2.031886E-01
  1.125161E+01  1.901635E-01  1.978596E-01
  1.139001E+01  1.849873E-01  1.925525E-01
  1.153010E+01  1.798422E-01  1.872721E-01
  1.167192E+01  1.747327E-01  1.820231E-01
  1.181549E+01  1.696630E-01  1.768100E-01
  1.196082E+01  1.646373E-01  1.716375E-01
  1.210794E+01  1.596597E-01  1.665098E-01
  1.225686E+01  1.547341E-01  1.614313E-01
  1.240762E+01  1.498643E-01  1.564061E-01
  1.256024E+01  1.450540E-01  1.514383E-01
  1.271473E+01  1.403068E-01  1.465317E-01
  1.287112E+01  1.356260E-01  1.416901E-01
  1.302943E+01  1.310149E-01  1.369170E-01
  1.318970E+01  1.264764E-01  1.322156E-01
  1.335193E+01  1.220135E-01  1.275893E-01
  1.351616E+01  1.176289E-01  1.230410E-01
  1.368241E+01  1.133249E-01  1.185735E-01
  1.385070E+01  1.091039E-01  1.141894E-01
  1.402106E+01  1.049680E-01  1.098910E-01
  1.419352E+01  1.009192E-01  1.056806E-01
  1.436810E+01  9.695904E-02  1.015601E-01
  1.454483E+01  9.308912E-02  9.753121E-02
  1.472373E+01  8.931074E-02  9.359554E-02
  1.490483E+01  8.562501E-02  8.975441E-02
  1.508816E+01  8.203287E-02  8.600896E-02
  1.527375E+01  7.853504E-02  8.236010E-02
  1.546161E+01  7.513208E-02  7.880858E-02
  1.565179E+01  7.182435E-02  7.535491E-02
  1.584431E+01  6.861204E-02  7.199944E-02
  1.603919E+01  6.549517E-02  6.874232E-02
  1.623648E+01  6.247358E-02  6.558353E-02
  1.643619E+01  5.954696E-02  6.252285E-02
  1.663835E+01  5.671485E-02  5.955992E-02
  1.684300E+01  5.397662E-02  5.669421E-02
  1.705017E+01  5.133153E-02  5.392502E-02
  1.725989E+01  4.877867E-02  5.125153E-02
  1.747218E+01  4.631703E-02  4.867275E-02
  1.768709E+01  4.394547E-02  4.618759E-02
  1.790464E+01  4.166273E-02  4.379481E-02
  1.812487E+01  3.946746E-02  4.149308E-02
  1.834781E+01  3.735819E-02  3.928094E-02
  1.857348E+01  3.533340E-02  3.715683E-02
  1.880194E+01  3.339144E-02  3.511913E-02
  1.903320E+01  3.153061E-02  3.316609E-02
  1.926731E+01  2.974915E-02  3.129593E-02
  1.950430E+01  2.804522E-02  2.950677E-02
  1.974420E+01  2.641694E-02  2.779668E-02
  1.998706E+01  2.486238E-02  2.616369E-02
  2.023290E+01  2.337956E-02  2.460577E-02
  2.048176E+01  2.196649E-02  2.312085E-02
  2.073369E+01  2.062114E-02  2.170684E-02
  2.098871E+01  1.934146E-02  2.036162E-02
  2.124687E+01  1.812538E-02  1.908306E-02
  2.150821E+01  1.697084E-02  1.786900E-02
  2.177276E+01  1.587575E-02  1.671729E-02
  2.204056E+01  1.483805E-02  1.562579E-02
  2.231166E+01  1.385568E-02  1.459233E-02
  2.258610E+01  1.292658E-02  1.361479E-02
  2.286391E+01  1.204870E-02  1.269104E-02
  2.314513E+01  1.122005E-02  1.181897E-02
  2.342982E+01  1.043863E-02  1.099652E-02
  2.371800E+01  9.702467E-03  1.022162E-02
  2.400974E+01  9.009640E-03  9.492255E-03
  2.430505E+01  8.358248E-03  8.806447E-03
  2.460401E+01  7.746433E-03  8.162244E-03
  2.490664E+01  7.172374E-03  7.557742E-03
  2.521299E+01  6.634292E-03  6.991078E-03
  2.552311E+01  6.130454E-03  6.460432E-03
  2.583704E+01  5.659171E-03  5.964036E-03
  2.615484E+01  5.218802E-03  5.500166E-03
  2.647654E+01  4.807754E-03  5.067152E-03
  2.680220E+01  4.424483E-03  4.663373E-03
  2.713187E+01  4.067496E-03  4.287261E-03
  2.746559E+01  3.735352E-03  3.937301E-03
  2.780342E+01  3.426659E-03  3.612032E-03
  2.814540E+01  3.140077E-03  3.310045E-03
  2.849159E+01  2.874319E-03  3.029987E-03
  2.884204E+01  2.628149E-03  2.770559E-03
  2.919679E+01  2.400380E-03  2.530512E-03
  2.955591E+01  2.189879E-03  2.308654E-03
  2.991945E+01  1.995561E-03  2.103844E-03
  3.028746E+01  1.816391E-03  1.914992E-03
  3.066000E+01  1.651382E-03  1.741061E-03
  3.103711E+01  1.499596E-03  1.581061E-03
  3.141887E+01  1.360140E-03  1.434055E-03
  3.180532E+01  1.232168E-03  1.299151E-03
  3.219653E+01  1.114879E-03  1.175504E-03
  3.259255E+01  1.007513E-03  1.062316E-03
  3.299343E+01  9.093544E-04  9.588308E-04
  3.339925E+01  8.197261E-04  8.643372E-04
  3.381006E+01  7.379914E-04  7.781639E-04
  3.422593E+01  6.635514E-04  6.996797E-04
  3.464691E+01  5.958433E-04  6.282918E-04
  3.507306E+01  5.343395E-04  5.634443E-04
  3.550446E+01  4.785460E-04  5.046165E-04
  3.594117E+01  4.280007E-04  4.513215E-04
  3.638324E+01  3.822724E-04  4.031048E-04
  3.683076E+01  3.409589E-04  3.595426E-04
  3.728378E+01  3.036860E-04  3.202404E-04
  3.774237E+01  2.701058E-04  2.848316E-04
  3.820660E+01  2.398956E-04  2.529759E-04
  3.867654E+01  2.127564E-04  2.243582E-04
  3.915226E+01  1.884114E-04  1.986867E-04
  3.963383E+01  1.666053E-04  1.756922E-04
  4.012133E+01  1.471023E-04  1.551261E-04
  4.061482E+01  1.296854E-04  1.367599E-04
  4.111438E+01  1.141554E-04  1.203831E-04
  4.162009E+01  1.003291E-04  1.058029E-04
  4.213202E+01  8.803891E-05  9.284246E-05
  4.265024E+01  7.713139E-05  8.134004E-05
  4.317484E+01  6.746646E-05  7.114794E-05
  4.370589E+01  5.891644E-05  6.213151E-05
  4.424347E+01  5.136508E-05  5.416819E-05
  4.478767E+01  4.470680E-05  4.714663E-05
  4.533856E+01  3.884579E-05  4.096583E-05
  4.589622E+01  3.369534E-05  3.553434E-05
  4.646074E+01  2.917709E-05  3.076952E-05
  4.703221E+01  2.522022E-05  2.659670E-05
  4.761071E+01  2.176119E-05  2.294889E-05
  4.819632E+01  1.874291E-05  1.976587E-05
  4.878913E+01  1.611400E-05  1.699348E-05
  4.938924E+01  1.382839E-05  1.458313E-05
  4.999673E+01  1.184492E-05  1.249141E-05
  5.061169E+01  1.012686E-05  1.067958E-05
  5.123421E+01  8.641511E-06  9.113157E-06
  5.186439E+01  7.359801E-06  7.761493E-06
  5.250232E+01  6.255957E-06  6.597402E-06
  5.314810E+01  5.307160E-06  5.596821E-06
  5.380182E+01  4.493251E-06  4.738490E-06
  5.446359E+01  3.796457E-06  4.003666E-06
  5.513349E+01  3.201140E-06  3.375857E-06
  5.581163E+01  2.693569E-06  2.840583E-06
  5.649811E+01  2.261714E-06  2.385157E-06
  5.719304E+01  1.895056E-06  1.998487E-06
  5.789651E+01  1.584417E-06  1.670894E-06
  5.860864E+01  1.321809E-06  1.393953E-06
  5.932953E+01  1.100292E-06  1.160346E-06
  6.005928E+01  9.138505E-07  9.637284E-07
  6.079801E+01  7.572831E-07  7.986157E-07
  6.154583E+01  6.261022E-07  6.602749E-07
  6.230284E+01  5.164444E-07  5.446320E-07
  6.306916E+01  4.249921E-07  4.481882E-07
  6.384492E+01  3.489028E-07  3.679460E-07
  6.463021E+01  2.857468E-07  3.013430E-07
  6.542516E+01  2.334528E-07  2.461947E-07
  6.622989E+01  1.902584E-07  2.006428E-07
  6.704452E+01  1.546689E-07  1.631108E-07
  6.786916E+01  1.254188E-07  1.322642E-07
  6.870396E+01  1.014400E-07  1.069767E-07
  6.954901E+01  8.183310E-08  8.629961E-08
  7.040447E+01  6.584274E-08  6.943649E-08
  7.127044E+01  5.283621E-08  5.572006E-08
  7.214707E+01  4.228494E-08  4.459289E-08
  7.303448E+01  3.374857E-08  3.559060E-08
  7.393280E+01  2.686119E-08  2.832730E-08
  7.484217E+01  2.131962E-08  2.248327E-08
  7.576273E+01  1.687336E-08  1.779433E-08
  7.669461E+01  0.000000E+00  0.000000E+00
  7.763796E+01  0.000000E+00  0.000000E+00
  7.859291E+01  0.000000E+00  0.000000E+00
  7.955960E+01  0.000000E+00  0.000000E+00
