  2.500000E-04  7.928145E-08  1.932496E-05
  2.530750E-04  8.124377E-08  1.971853E-05
  2.561878E-04  8.325465E-08  2.012011E-05
  2.593389E-04  8.531531E-08  2.052984E-05
  2.625288E-04  8.742698E-08  2.094839E-05
  2.657579E-04  8.959091E-08  2.137698E-05
  2.690267E-04  9.180840E-08  2.181555E-05
  2.723358E-04  9.408078E-08  2.226436E-05
  2.756855E-04  9.640940E-08  2.272364E-05
  2.790764E-04  9.879565E-08  2.319362E-05
  2.825091E-04  1.012410E-07  2.367452E-05
  2.859839E-04  1.037468E-07  2.416658E-05
  2.895015E-04  1.063147E-07  2.467004E-05
  2.930624E-04  1.089461E-07  2.518515E-05
  2.966671E-04  1.116427E-07  2.571216E-05
  3.003161E-04  1.144060E-07  2.625134E-05
  3.040100E-04  1.172377E-07  2.680295E-05
  3.077493E-04  1.201395E-07  2.736726E-05
  3.115346E-04  1.231131E-07  2.794454E-05
  3.153665E-04  1.261603E-07  2.853509E-05
  3.192455E-04  1.292829E-07  2.913920E-05
  3.231722E-04  1.324828E-07  2.975716E-05
  3.271472E-04  1.357619E-07  3.038928E-05
  3.311711E-04  1.391222E-07  3.103588E-05
  3.352445E-04  1.425657E-07  3.169726E-05
  3.393680E-04  1.460944E-07  3.237377E-05
  3.435423E-04  1.497104E-07  3.306574E-05
  3.477678E-04  1.534159E-07  3.377350E-05
  3.520454E-04  1.572132E-07  3.449741E-05
  3.563755E-04  1.611044E-07  3.523784E-05
  3.607589E-04  1.650919E-07  3.599515E-05
  3.651963E-04  1.691782E-07  3.676971E-05
  3.696882E-04  1.733656E-07  3.756191E-05
  3.742354E-04  1.776566E-07  3.837215E-05
  3.788385E-04  1.820538E-07  3.920083E-05
  3.834982E-04  1.865599E-07  4.004836E-05
  3.882152E-04  1.911775E-07  4.091517E-05
  3.929902E-04  1.959094E-07  4.180169E-05
  3.978240E-04  2.007584E-07  4.270836E-05
  4.027173E-04  2.057274E-07  4.363564E-05
  4.076707E-04  2.108195E-07  4.458399E-05
  4.126850E-04  2.160375E-07  4.555388E-05
  4.177611E-04  2.213847E-07  4.654581E-05
  4.228995E-04  2.268643E-07  4.756027E-05
  4.281012E-04  2.324795E-07  4.859777E-05
  4.333668E-04  2.382337E-07  4.965882E-05
  4.386972E-04  2.441303E-07  5.074398E-05
  4.440932E-04  2.501728E-07  5.185377E-05
  4.495556E-04  2.563649E-07  5.298876E-05
  4.550851E-04  2.627103E-07  5.414952E-05
  4.606826E-04  2.692127E-07  5.533664E-05
  4.663490E-04  2.758761E-07  5.655071E-05
  4.720851E-04  2.827044E-07  5.779235E-05
  4.778918E-04  2.897017E-07  5.906219E-05
  4.837699E-04  2.968722E-07  6.036086E-05
  4.897202E-04  3.042202E-07  6.168903E-05
  4.957438E-04  3.117500E-07  6.304737E-05
  5.018414E-04  3.194662E-07  6.443656E-05
  5.080141E-04  3.273734E-07  6.585731E-05
  5.142626E-04  3.354764E-07  6.731034E-05
  5.205881E-04  3.437799E-07  6.879640E-05
  5.269913E-04  3.522889E-07  7.031622E-05
  5.334733E-04  3.610085E-07  7.187060E-05
  5.400350E-04  3.699439E-07  7.346031E-05
  5.466775E-04  3.791005E-07  7.508617E-05
  5.534016E-04  3.884838E-07  7.674900E-05
  5.602084E-04  3.980993E-07  7.844967E-05
  5.670990E-04  4.079528E-07  8.018902E-05
  5.740743E-04  4.180501E-07  8.196795E-05
  5.811354E-04  4.283974E-07  8.378738E-05
  5.882834E-04  4.390008E-07  8.564822E-05
  5.955193E-04  4.498667E-07  8.755144E-05
  6.028442E-04  4.610015E-07  8.949801E-05
  6.102591E-04  4.724119E-07  9.148892E-05
  6.177653E-04  4.841047E-07  9.352520E-05
  6.253638E-04  4.960870E-07  9.560788E-05
  6.330558E-04  5.083658E-07  9.773805E-05
  6.408424E-04  5.209486E-07  9.991680E-05
  6.487248E-04  5.338427E-07  1.021452E-04
  6.567041E-04  5.470561E-07  1.044245E-04
  6.647815E-04  5.605964E-07  1.067558E-04
  6.729584E-04  5.744720E-07  1.091403E-04
  6.812357E-04  5.886909E-07  1.115793E-04
  6.896149E-04  6.032618E-07  1.140740E-04
  6.980972E-04  6.181934E-07  1.166256E-04
  7.066838E-04  6.334945E-07  1.192356E-04
  7.153760E-04  6.491744E-07  1.219053E-04
  7.241751E-04  6.652423E-07  1.246359E-04
  7.330825E-04  6.817080E-07  1.274291E-04
  7.420994E-04  6.985812E-07  1.302861E-04
  7.512272E-04  7.158720E-07  1.332085E-04
  7.604673E-04  7.335908E-07  1.361979E-04
  7.698211E-04  7.517482E-07  1.392556E-04
  7.792899E-04  7.703550E-07  1.423834E-04
  7.888751E-04  7.894224E-07  1.455829E-04
  7.985783E-04  8.089617E-07  1.488557E-04
  8.084008E-04  8.289846E-07  1.522035E-04
  8.183442E-04  8.495031E-07  1.556281E-04
  8.284098E-04  8.705295E-07  1.591313E-04
  8.385992E-04  8.920763E-07  1.627148E-04
  8.489140E-04  9.141565E-07  1.663806E-04
  8.593556E-04  9.367831E-07  1.701306E-04
  8.699257E-04  9.599698E-07  1.739666E-04
  8.806258E-04  9.837304E-07  1.778908E-04
  8.914575E-04  1.008079E-06  1.819052E-04
  9.024224E-04  1.033031E-06  1.860119E-04
  9.135222E-04  1.058599E-06  1.902129E-04
  9.247585E-04  1.084801E-06  1.945106E-04
  9.361331E-04  1.111652E-06  1.989072E-04
  9.476475E-04  1.139167E-06  2.034049E-04
  9.593036E-04  1.167363E-06  2.080062E-04
  9.711030E-04  1.196257E-06  2.127134E-04
  9.830476E-04  1.225866E-06  2.175291E-04
  9.951391E-04  1.256208E-06  2.224556E-04
  1.007379E-03  1.287300E-06  2.274958E-04
  1.019770E-03  1.319163E-06  2.326521E-04
  1.032313E-03  1.351814E-06  2.379273E-04
  1.045011E-03  1.385274E-06  2.433242E-04
  1.057864E-03  1.419561E-06  2.488456E-04
  1.070876E-03  1.454697E-06  2.544944E-04
  1.084048E-03  1.490703E-06  2.602737E-04
  1.097382E-03  1.527600E-06  2.661863E-04
  1.110879E-03  1.565411E-06  2.722356E-04
  1.124543E-03  1.604157E-06  2.784246E-04
  1.138375E-03  1.643862E-06  2.847566E-04
  1.152377E-03  1.684550E-06  2.912349E-04
  1.166551E-03  1.726245E-06  2.978631E-04
  1.180900E-03  1.768972E-06  3.046446E-04
  1.195425E-03  1.812757E-06  3.115829E-04
  1.210129E-03  1.857626E-06  3.186817E-04
  1.225013E-03  1.903605E-06  3.259449E-04
  1.240081E-03  1.950722E-06  3.333762E-04
  1.255334E-03  1.999005E-06  3.409796E-04
  1.270775E-03  2.048484E-06  3.487591E-04
  1.286405E-03  2.099187E-06  3.567188E-04
  1.302228E-03  2.151145E-06  3.648630E-04
  1.318245E-03  2.204389E-06  3.731959E-04
  1.334460E-03  2.258951E-06  3.817221E-04
  1.350874E-03  2.314864E-06  3.904459E-04
  1.367489E-03  2.372160E-06  3.993720E-04
  1.384309E-03  2.430875E-06  4.085053E-04
  1.401336E-03  2.491043E-06  4.178504E-04
  1.418573E-03  2.552700E-06  4.274124E-04
  1.436021E-03  2.615883E-06  4.371964E-04
  1.453684E-03  2.680631E-06  4.472076E-04
  1.471565E-03  2.746981E-06  4.574512E-04
  1.489665E-03  2.814973E-06  4.679328E-04
  1.507988E-03  2.884648E-06  4.786579E-04
  1.526536E-03  2.956048E-06  4.896321E-04
  1.545312E-03  3.029215E-06  5.008615E-04
  1.564320E-03  3.104193E-06  5.123518E-04
  1.583561E-03  3.181027E-06  5.241093E-04
  1.603039E-03  3.259763E-06  5.361401E-04
  1.622756E-03  3.340447E-06  5.484508E-04
  1.642716E-03  3.423129E-06  5.610478E-04
  1.662921E-03  3.507857E-06  5.739379E-04
  1.683375E-03  3.594683E-06  5.871279E-04
  1.704081E-03  3.683657E-06  6.006248E-04
  1.725041E-03  3.774834E-06  6.144359E-04
  1.746259E-03  3.868268E-06  6.285684E-04
  1.767738E-03  3.964014E-06  6.430300E-04
  1.789481E-03  4.062131E-06  6.578284E-04
  1.811492E-03  4.162676E-06  6.729713E-04
  1.833773E-03  4.265709E-06  6.884669E-04
  1.856329E-03  4.371293E-06  7.043235E-04
  1.879161E-03  4.479491E-06  7.205494E-04
  1.902275E-03  4.590366E-06  7.371534E-04
  1.925673E-03  4.703986E-06  7.541443E-04
  1.949359E-03  4.820419E-06  7.715311E-04
  1.973336E-03  4.939733E-06  7.893231E-04
  1.997608E-03  5.062001E-06  8.075298E-04
  2.022179E-03  5.187295E-06  8.261609E-04
  2.047051E-03  5.315690E-06  8.452263E-04
  2.072230E-03  5.447264E-06  8.647362E-04
  2.097719E-03  5.582094E-06  8.847010E-04
  2.123520E-03  5.720262E-06  9.051312E-04
  2.149640E-03  5.861850E-06  9.260379E-04
  2.176080E-03  6.006942E-06  9.474321E-04
  2.202846E-03  6.155626E-06  9.693252E-04
  2.229941E-03  6.307991E-06  9.917289E-04
  2.257369E-03  6.464126E-06  1.014655E-03
  2.285135E-03  6.624127E-06  1.038116E-03
  2.313242E-03  6.788088E-06  1.062124E-03
  2.341695E-03  6.956107E-06  1.086692E-03
  2.370498E-03  7.128286E-06  1.111833E-03
  2.399655E-03  7.304726E-06  1.137561E-03
  2.429171E-03  7.485534E-06  1.163888E-03
  2.459050E-03  7.670817E-06  1.190830E-03
  2.489296E-03  7.860687E-06  1.218400E-03
  2.519914E-03  8.055256E-06  1.246613E-03
  2.550909E-03  8.254642E-06  1.275485E-03
  2.582285E-03  8.458963E-06  1.305029E-03
  2.614048E-03  8.668342E-06  1.335263E-03
  2.646200E-03  8.882904E-06  1.366202E-03
  2.678749E-03  9.102777E-06  1.397862E-03
  2.711697E-03  9.328092E-06  1.430261E-03
  2.745051E-03  9.558985E-06  1.463415E-03
  2.778815E-03  9.795593E-06  1.497342E-03
  2.812995E-03  1.003806E-05  1.532061E-03
  2.847594E-03  1.028653E-05  1.567588E-03
  2.882620E-03  1.054114E-05  1.603944E-03
  2.918076E-03  1.080206E-05  1.641148E-03
  2.953968E-03  1.106944E-05  1.679218E-03
  2.990302E-03  1.134344E-05  1.718176E-03
  3.027083E-03  1.162422E-05  1.758042E-03
  3.064316E-03  1.191195E-05  1.798836E-03
  3.102007E-03  1.220680E-05  1.840581E-03
  3.140162E-03  1.250896E-05  1.883299E-03
  3.178786E-03  1.281859E-05  1.927011E-03
  3.217885E-03  1.313588E-05  1.971741E-03
  3.257465E-03  1.346103E-05  2.017513E-03
  3.297532E-03  1.379423E-05  2.064351E-03
  3.338091E-03  1.413568E-05  2.112279E-03
  3.379150E-03  1.448558E-05  2.161322E-03
  3.420713E-03  1.484415E-05  2.211507E-03
  3.462788E-03  1.521158E-05  2.262859E-03
  3.505381E-03  1.558812E-05  2.315406E-03
  3.548497E-03  1.597397E-05  2.369175E-03
  3.592143E-03  1.636938E-05  2.424194E-03
  3.636327E-03  1.677458E-05  2.480492E-03
  3.681053E-03  1.718980E-05  2.538098E-03
  3.726330E-03  1.761531E-05  2.597043E-03
  3.772164E-03  1.805135E-05  2.657357E-03
  3.818562E-03  1.849818E-05  2.719073E-03
  3.865530E-03  1.895608E-05  2.782221E-03
  3.913076E-03  1.942531E-05  2.846835E-03
  3.961207E-03  1.990615E-05  2.912948E-03
  4.009930E-03  2.039890E-05  2.980596E-03
  4.059252E-03  2.090385E-05  3.049812E-03
  4.109181E-03  2.142130E-05  3.120634E-03
  4.159724E-03  2.195156E-05  3.193097E-03
  4.210888E-03  2.249495E-05  3.267240E-03
  4.262682E-03  2.305179E-05  3.343099E-03
  4.315113E-03  2.362242E-05  3.420716E-03
  4.368189E-03  2.420717E-05  3.500130E-03
  4.421918E-03  2.480640E-05  3.581381E-03
  4.476307E-03  2.542047E-05  3.664513E-03
  4.531366E-03  2.604973E-05  3.749566E-03
  4.587102E-03  2.669458E-05  3.836586E-03
  4.643523E-03  2.735539E-05  3.925617E-03
  4.700638E-03  2.803256E-05  4.016705E-03
  4.758456E-03  2.872650E-05  4.109895E-03
  4.816985E-03  2.943762E-05  4.205237E-03
  4.876234E-03  3.016634E-05  4.302779E-03
  4.936212E-03  3.091311E-05  4.402570E-03
  4.996927E-03  3.167837E-05  4.504661E-03
  5.058390E-03  3.246257E-05  4.609105E-03
  5.120608E-03  3.326619E-05  4.715954E-03
  5.183591E-03  3.408970E-05  4.825263E-03
  5.247349E-03  3.493361E-05  4.937087E-03
  5.311892E-03  3.579841E-05  5.051482E-03
  5.377228E-03  3.668462E-05  5.168508E-03
  5.443368E-03  3.759278E-05  5.288222E-03
  5.510321E-03  3.852342E-05  5.410685E-03
  5.578098E-03  3.947710E-05  5.535958E-03
  5.646709E-03  4.045440E-05  5.664106E-03
  5.716163E-03  4.145590E-05  5.795191E-03
  5.786472E-03  4.248220E-05  5.929280E-03
  5.857646E-03  4.353391E-05  6.066440E-03
  5.929695E-03  4.461166E-05  6.206739E-03
  6.002630E-03  4.571610E-05  6.350247E-03
  6.076463E-03  4.684789E-05  6.497035E-03
  6.151203E-03  4.800770E-05  6.647177E-03
  6.226863E-03  4.919624E-05  6.800747E-03
  6.303453E-03  5.041420E-05  6.957821E-03
  6.380986E-03  5.166233E-05  7.118476E-03
  6.459472E-03  5.294137E-05  7.282792E-03
  6.538923E-03  5.425208E-05  7.450850E-03
  6.619352E-03  5.559525E-05  7.622732E-03
  6.700770E-03  5.697168E-05  7.798523E-03
  6.783190E-03  5.838221E-05  7.978308E-03
  6.866623E-03  5.982766E-05  8.162176E-03
  6.951082E-03  6.130891E-05  8.350215E-03
  7.036581E-03  6.282685E-05  8.542518E-03
  7.123131E-03  6.438238E-05  8.739178E-03
  7.210745E-03  6.597644E-05  8.940290E-03
  7.299437E-03  6.760998E-05  9.145951E-03
  7.389220E-03  6.928398E-05  9.356260E-03
  7.480108E-03  7.099944E-05  9.571318E-03
  7.572113E-03  7.275739E-05  9.791229E-03
  7.665250E-03  7.455888E-05  1.001610E-02
  7.759533E-03  7.640500E-05  1.024603E-02
  7.854975E-03  7.829684E-05  1.048114E-02
  7.951591E-03  8.023555E-05  1.072154E-02
  8.049396E-03  8.222228E-05  1.096733E-02
  8.148403E-03  8.425823E-05  1.121865E-02
  8.248629E-03  8.634461E-05  1.147560E-02
  8.350087E-03  8.848268E-05  1.173830E-02
  8.452793E-03  9.067371E-05  1.200688E-02
  8.556762E-03  9.291903E-05  1.228147E-02
  8.662010E-03  9.521997E-05  1.256220E-02
  8.768553E-03  9.757791E-05  1.284918E-02
  8.876406E-03  9.999428E-05  1.314256E-02
  8.985586E-03  1.024705E-04  1.344248E-02
  9.096109E-03  1.050081E-04  1.374907E-02
  9.207991E-03  1.076086E-04  1.406246E-02
  9.321249E-03  1.102735E-04  1.438282E-02
  9.435901E-03  1.130044E-04  1.471027E-02
  9.551962E-03  1.158030E-04  1.504498E-02
  9.669451E-03  1.186710E-04  1.538709E-02
  9.788385E-03  1.216100E-04  1.573675E-02
  9.908783E-03  1.246219E-04  1.609414E-02
  1.003066E-02  1.277084E-04  1.645939E-02
  1.015404E-02  1.308714E-04  1.683269E-02
  1.027893E-02  1.341127E-04  1.721420E-02
  1.040536E-02  1.374345E-04  1.760408E-02
  1.053335E-02  1.408385E-04  1.800250E-02
  1.066291E-02  1.443270E-04  1.840966E-02
  1.079406E-02  1.479019E-04  1.882572E-02
  1.092683E-02  1.515654E-04  1.925086E-02
  1.106123E-02  1.553198E-04  1.968527E-02
  1.119728E-02  1.591672E-04  2.012915E-02
  1.133501E-02  1.631100E-04  2.058268E-02
  1.147443E-02  1.671506E-04  2.104605E-02
  1.161557E-02  1.712913E-04  2.151948E-02
  1.175844E-02  1.755347E-04  2.200315E-02
  1.190307E-02  1.798833E-04  2.249728E-02
  1.204947E-02  1.843398E-04  2.300208E-02
  1.219768E-02  1.889068E-04  2.351775E-02
  1.234771E-02  1.935870E-04  2.404452E-02
  1.249959E-02  1.983833E-04  2.458261E-02
  1.265334E-02  2.032986E-04  2.513223E-02
  1.280897E-02  2.083358E-04  2.569363E-02
  1.296652E-02  2.134979E-04  2.626702E-02
  1.312601E-02  2.187881E-04  2.685265E-02
  1.328746E-02  2.242096E-04  2.745075E-02
  1.345090E-02  2.297655E-04  2.806156E-02
  1.361634E-02  2.354592E-04  2.868535E-02
  1.378382E-02  2.412943E-04  2.932234E-02
  1.395336E-02  2.472741E-04  2.997281E-02
  1.412499E-02  2.534024E-04  3.063700E-02
  1.429873E-02  2.596827E-04  3.131518E-02
  1.447460E-02  2.661188E-04  3.200762E-02
  1.465264E-02  2.727148E-04  3.271459E-02
  1.483287E-02  2.794744E-04  3.343636E-02
  1.501531E-02  2.864018E-04  3.417322E-02
  1.520000E-02  2.935013E-04  3.492544E-02
  1.538696E-02  3.007769E-04  3.569331E-02
  1.557622E-02  3.082333E-04  3.647713E-02
  1.576781E-02  3.158747E-04  3.727718E-02
  1.596175E-02  3.237060E-04  3.809378E-02
  1.615808E-02  3.317317E-04  3.892721E-02
  1.635683E-02  3.399568E-04  3.977780E-02
  1.655801E-02  3.483861E-04  4.064585E-02
  1.676168E-02  3.570249E-04  4.153168E-02
  1.696785E-02  3.658783E-04  4.243561E-02
  1.717655E-02  3.749517E-04  4.335796E-02
  1.738782E-02  3.842505E-04  4.429906E-02
  1.760169E-02  3.937804E-04  4.525926E-02
  1.781819E-02  4.035471E-04  4.623887E-02
  1.803736E-02  4.135566E-04  4.723825E-02
  1.825922E-02  4.238150E-04  4.825773E-02
  1.848381E-02  4.343283E-04  4.929767E-02
  1.871116E-02  4.451031E-04  5.035843E-02
  1.894130E-02  4.561458E-04  5.144035E-02
  1.917428E-02  4.674631E-04  5.254381E-02
  1.941012E-02  4.790619E-04  5.366915E-02
  1.964887E-02  4.909492E-04  5.481676E-02
  1.989055E-02  5.031322E-04  5.598701E-02
  2.013520E-02  5.156184E-04  5.718027E-02
  2.038287E-02  5.284153E-04  5.839693E-02
  2.063358E-02  5.415306E-04  5.963735E-02
  2.088737E-02  5.549724E-04  6.090195E-02
  2.114428E-02  5.687488E-04  6.219109E-02
  2.140436E-02  5.828682E-04  6.350519E-02
  2.166763E-02  5.973392E-04  6.484463E-02
  2.193414E-02  6.121706E-04  6.620982E-02
  2.220393E-02  6.273714E-04  6.760115E-02
  2.247704E-02  6.429509E-04  6.901904E-02
  2.275351E-02  6.589185E-04  7.046390E-02
  2.303338E-02  6.752840E-04  7.193613E-02
  2.331669E-02  6.920574E-04  7.343616E-02
  2.360348E-02  7.092490E-04  7.496439E-02
  2.389381E-02  7.268691E-04  7.652125E-02
  2.418770E-02  7.449286E-04  7.810716E-02
  2.448521E-02  7.634385E-04  7.972253E-02
  2.478638E-02  7.824101E-04  8.136781E-02
  2.509125E-02  8.018551E-04  8.304341E-02
  2.539987E-02  8.217852E-04  8.474975E-02
  2.571229E-02  8.422128E-04  8.648728E-02
  2.602855E-02  8.631503E-04  8.825642E-02
  2.634870E-02  8.846106E-04  9.005759E-02
  2.667279E-02  9.066068E-04  9.189124E-02
  2.700087E-02  9.291524E-04  9.375779E-02
  2.733298E-02  9.522613E-04  9.565767E-02
  2.766917E-02  9.759476E-04  9.759131E-02
  2.800950E-02  1.000226E-03  9.955915E-02
  2.835402E-02  1.025111E-03  1.015616E-01
  2.870278E-02  1.050619E-03  1.035991E-01
  2.905582E-02  1.076765E-03  1.056721E-01
  2.941321E-02  1.103564E-03  1.077810E-01
  2.977499E-02  1.131035E-03  1.099262E-01
  3.014122E-02  1.159192E-03  1.121082E-01
  3.051196E-02  1.188055E-03  1.143273E-01
  3.088726E-02  1.217641E-03  1.165840E-01
  3.126717E-02  1.247968E-03  1.188787E-01
  3.165176E-02  1.279055E-03  1.212118E-01
  3.204107E-02  1.310921E-03  1.235836E-01
  3.243518E-02  1.343585E-03  1.259947E-01
  3.283413E-02  1.377069E-03  1.284453E-01
  3.323799E-02  1.411393E-03  1.309359E-01
  3.364682E-02  1.446579E-03  1.334669E-01
  3.406067E-02  1.482647E-03  1.360385E-01
  3.447962E-02  1.519622E-03  1.386513E-01
  3.490372E-02  1.557525E-03  1.413054E-01
  3.533303E-02  1.596380E-03  1.440014E-01
  3.576763E-02  1.636212E-03  1.467394E-01
  3.620757E-02  1.677046E-03  1.495199E-01
  3.665293E-02  1.718907E-03  1.523432E-01
  3.710376E-02  1.761821E-03  1.552095E-01
  3.756013E-02  1.805815E-03  1.581192E-01
  3.802212E-02  1.850918E-03  1.610725E-01
  3.848979E-02  1.897156E-03  1.640698E-01
  3.896322E-02  1.944561E-03  1.671112E-01
  3.944247E-02  1.993160E-03  1.701970E-01
  3.992761E-02  2.042985E-03  1.733275E-01
  4.041872E-02  2.094068E-03  1.765028E-01
  4.091587E-02  2.146440E-03  1.797231E-01
  4.141913E-02  2.200135E-03  1.829887E-01
  4.192859E-02  2.255188E-03  1.862996E-01
  4.244431E-02  2.311632E-03  1.896560E-01
  4.296638E-02  2.369504E-03  1.930580E-01
  4.349486E-02  2.428840E-03  1.965058E-01
  4.402985E-02  2.489679E-03  1.999993E-01
  4.457142E-02  2.552060E-03  2.035387E-01
  4.511964E-02  2.616022E-03  2.071239E-01
  4.567462E-02  2.681606E-03  2.107550E-01
  4.623641E-02  2.748854E-03  2.144320E-01
  4.680512E-02  2.817810E-03  2.181547E-01
  4.738082E-02  2.888518E-03  2.219231E-01
  4.796361E-02  2.961024E-03  2.257372E-01
  4.855356E-02  3.035374E-03  2.295967E-01
  4.915077E-02  3.111617E-03  2.335015E-01
  4.975532E-02  3.189801E-03  2.374513E-01
  5.036732E-02  3.269979E-03  2.414461E-01
  5.098683E-02  3.352202E-03  2.454854E-01
  5.161397E-02  3.436523E-03  2.495690E-01
  5.224882E-02  3.522999E-03  2.536965E-01
  5.289148E-02  3.611684E-03  2.578676E-01
  5.354205E-02  3.702639E-03  2.620818E-01
  5.420062E-02  3.795921E-03  2.663387E-01
  5.486728E-02  3.891594E-03  2.706378E-01
  5.554215E-02  3.989720E-03  2.749785E-01
  5.622532E-02  4.090364E-03  2.793603E-01
  5.691689E-02  4.193593E-03  2.837824E-01
  5.761697E-02  4.299475E-03  2.882443E-01
  5.832566E-02  4.408082E-03  2.927452E-01
  5.904306E-02  4.519486E-03  2.972842E-01
  5.976929E-02  4.633761E-03  3.018607E-01
  6.050446E-02  4.750984E-03  3.064737E-01
  6.124866E-02  4.871234E-03  3.111222E-01
  6.200202E-02  4.994593E-03  3.158053E-01
  6.276464E-02  5.121144E-03  3.205219E-01
  6.353665E-02  5.250973E-03  3.252710E-01
  6.431815E-02  5.384168E-03  3.300513E-01
  6.510926E-02  5.520820E-03  3.348617E-01
  6.591011E-02  5.661024E-03  3.397008E-01
  6.672080E-02  5.804875E-03  3.445674E-01
  6.754147E-02  5.952472E-03  3.494599E-01
  6.837223E-02  6.103918E-03  3.543770E-01
  6.921320E-02  6.259318E-03  3.593171E-01
  7.006453E-02  6.418780E-03  3.642785E-01
  7.092632E-02  6.582414E-03  3.692597E-01
  7.179871E-02  6.750337E-03  3.742588E-01
  7.268184E-02  6.922665E-03  3.792741E-01
  7.357583E-02  7.099521E-03  3.843036E-01
  7.448081E-02  7.281029E-03  3.893453E-01
  7.539692E-02  7.467320E-03  3.943973E-01
  7.632430E-02  7.658525E-03  3.994575E-01
  7.726309E-02  7.854781E-03  4.045235E-01
  7.821343E-02  8.056230E-03  4.095933E-01
  7.917545E-02  8.263017E-03  4.146643E-01
  8.014931E-02  8.475292E-03  4.197342E-01
  8.113515E-02  8.693208E-03  4.248005E-01
  8.213311E-02  8.916927E-03  4.298606E-01
  8.314335E-02  9.146610E-03  4.349118E-01
  8.416601E-02  9.382428E-03  4.399514E-01
  8.520125E-02  9.624556E-03  4.449764E-01
  8.624923E-02  9.873172E-03  4.499841E-01
  8.731009E-02  1.012846E-02  4.549713E-01
  8.838401E-02  1.039062E-02  4.599350E-01
  8.947113E-02  1.065984E-02  4.648720E-01
  9.057163E-02  1.093633E-02  4.697791E-01
  9.168566E-02  1.122029E-02  4.746528E-01
  9.281339E-02  1.151195E-02  4.794897E-01
  9.395500E-02  1.181153E-02  4.842864E-01
  9.511064E-02  1.211926E-02  4.890391E-01
  9.628050E-02  1.243537E-02  4.937442E-01
  9.746475E-02  1.276012E-02  4.983978E-01
  9.866357E-02  1.309376E-02  5.029962E-01
  9.987713E-02  1.343656E-02  5.075352E-01
  1.011056E-01  1.378877E-02  5.120109E-01
  1.023492E-01  1.415069E-02  5.164190E-01
  1.036081E-01  1.452260E-02  5.207554E-01
  1.048825E-01  1.490481E-02  5.250157E-01
  1.061726E-01  1.529762E-02  5.291955E-01
  1.074785E-01  1.570135E-02  5.332902E-01
  1.088005E-01  1.611634E-02  5.372954E-01
  1.101387E-01  1.654292E-02  5.412062E-01
  1.114934E-01  1.698145E-02  5.450180E-01
  1.128648E-01  1.743229E-02  5.487259E-01
  1.142530E-01  1.789583E-02  5.523251E-01
  1.156583E-01  1.837244E-02  5.558104E-01
  1.170809E-01  1.886255E-02  5.591768E-01
  1.185210E-01  1.936657E-02  5.624192E-01
  1.199788E-01  1.988492E-02  5.655323E-01
  1.214546E-01  2.041807E-02  5.685109E-01
  1.229485E-01  2.096646E-02  5.713497E-01
  1.244607E-01  2.153059E-02  5.740431E-01
  1.259916E-01  2.211096E-02  5.765857E-01
  1.275413E-01  2.270807E-02  5.789720E-01
  1.291100E-01  2.332246E-02  5.811965E-01
  1.306981E-01  2.395468E-02  5.832534E-01
  1.323057E-01  2.460531E-02  5.851371E-01
  1.339330E-01  2.527494E-02  5.868420E-01
  1.355804E-01  2.596418E-02  5.883622E-01
  1.372481E-01  2.667368E-02  5.896921E-01
  1.389362E-01  2.740409E-02  5.908258E-01
  1.406451E-01  2.815610E-02  5.917574E-01
  1.423751E-01  2.893041E-02  5.924813E-01
  1.441263E-01  2.972777E-02  5.929915E-01
  1.458990E-01  3.054893E-02  5.932822E-01
  1.476936E-01  3.139470E-02  5.933477E-01
  1.495102E-01  3.226588E-02  5.931820E-01
  1.513492E-01  3.316334E-02  5.927794E-01
  1.532108E-01  3.408795E-02  5.921342E-01
  1.550953E-01  3.504063E-02  5.912405E-01
  1.570030E-01  3.602234E-02  5.900927E-01
  1.589341E-01  3.703406E-02  5.886851E-01
  1.608890E-01  3.807681E-02  5.870121E-01
  1.628679E-01  3.915167E-02  5.850681E-01
  1.648712E-01  4.025973E-02  5.828477E-01
  1.668991E-01  4.140215E-02  5.803455E-01
  1.689520E-01  4.258011E-02  5.775561E-01
  1.710301E-01  4.379484E-02  5.744743E-01
  1.731337E-01  4.504764E-02  5.710949E-01
  1.752633E-01  4.633984E-02  5.674130E-01
  1.774190E-01  4.767281E-02  5.634236E-01
  1.796013E-01  4.904800E-02  5.591220E-01
  1.818104E-01  5.046691E-02  5.545034E-01
  1.840466E-01  5.193108E-02  5.495635E-01
  1.863104E-01  5.344212E-02  5.442977E-01
  1.886020E-01  5.500171E-02  5.387020E-01
  1.909218E-01  5.661160E-02  5.327722E-01
  1.932702E-01  5.827357E-02  5.265046E-01
  1.956474E-01  5.998952E-02  5.198955E-01
  1.980539E-01  6.176140E-02  5.129414E-01
  2.004899E-01  6.359122E-02  5.056391E-01
  2.029560E-01  6.548109E-02  4.979855E-01
  2.054523E-01  6.743321E-02  4.899778E-01
  2.079794E-01  6.944984E-02  4.816135E-01
  2.105375E-01  7.153333E-02  4.728902E-01
  2.131271E-01  7.368615E-02  4.638059E-01
  2.157486E-01  7.591084E-02  4.543587E-01
  2.184023E-01  7.821004E-02  4.445471E-01
  2.210887E-01  8.058649E-02  4.343698E-01
  2.238080E-01  8.304305E-02  4.238260E-01
  2.265609E-01  8.558268E-02  4.129149E-01
  2.293476E-01  8.820846E-02  4.016362E-01
  2.321686E-01  9.092356E-02  3.899899E-01
  2.350242E-01  9.373130E-02  3.779763E-01
  2.379150E-01  9.663512E-02  3.655960E-01
  2.408414E-01  9.963859E-02  3.528501E-01
  2.438037E-01  1.027454E-01  3.397398E-01
  2.468025E-01  1.059594E-01  3.262668E-01
  2.498382E-01  1.092845E-01  3.124333E-01
  2.529112E-01  1.127249E-01  2.982417E-01
  2.560220E-01  1.162848E-01  2.836948E-01
  2.591711E-01  1.199687E-01  2.687959E-01
  2.623589E-01  1.237811E-01  2.535485E-01
  2.655859E-01  1.277269E-01  2.379567E-01
  2.688526E-01  1.318108E-01  2.220249E-01
  2.721595E-01  1.360379E-01  2.057579E-01
  2.755071E-01  1.404136E-01  1.891610E-01
  2.788958E-01  1.449432E-01  1.722400E-01
  2.823262E-01  1.496324E-01  1.550007E-01
  2.857988E-01  1.544868E-01  1.374499E-01
  2.893141E-01  1.595125E-01  1.195944E-01
  2.928727E-01  1.647157E-01  1.014416E-01
  2.964750E-01  1.701026E-01  8.299934E-02
  3.001217E-01  1.756797E-01  6.427583E-02
  3.038132E-01  1.814539E-01  4.527975E-02
  3.075501E-01  1.874319E-01  2.602018E-02
  3.113330E-01  1.936208E-01  6.506648E-03
  3.151623E-01  2.000279E-01 -1.325091E-02
  3.190388E-01  2.066607E-01 -3.324213E-02
  3.229630E-01  2.135267E-01 -5.345623E-02
  3.269355E-01  2.206337E-01 -7.388204E-02
  3.309568E-01  2.279897E-01 -9.450796E-02
  3.350275E-01  2.356027E-01 -1.153220E-01
  3.391484E-01  2.434810E-01 -1.363118E-01
  3.433199E-01  2.516329E-01 -1.574646E-01
  3.475427E-01  2.600669E-01 -1.787672E-01
  3.518175E-01  2.687916E-01 -2.002063E-01
  3.561449E-01  2.778157E-01 -2.217678E-01
  3.605255E-01  2.871477E-01 -2.434378E-01
  3.649599E-01  2.967965E-01 -2.652016E-01
  3.694489E-01  3.067709E-01 -2.870445E-01
  3.739931E-01  3.170795E-01 -3.089514E-01
  3.785933E-01  3.277310E-01 -3.309069E-01
  3.832500E-01  3.387340E-01 -3.528954E-01
  3.879639E-01  3.500969E-01 -3.749011E-01
  3.927359E-01  3.618280E-01 -3.969079E-01
  3.975665E-01  3.739353E-01 -4.188995E-01
  4.024566E-01  3.864266E-01 -4.408596E-01
  4.074068E-01  3.993092E-01 -4.627716E-01
  4.124179E-01  4.125901E-01 -4.846188E-01
  4.174907E-01  4.262759E-01 -5.063843E-01
  4.226258E-01  4.403724E-01 -5.280514E-01
  4.278241E-01  4.548852E-01 -5.496031E-01
  4.330863E-01  4.698187E-01 -5.710223E-01
  4.384133E-01  4.851769E-01 -5.922920E-01
  4.438058E-01  5.009626E-01 -6.133949E-01
  4.492646E-01  5.171779E-01 -6.343140E-01
  4.547906E-01  5.338236E-01 -6.550319E-01
  4.603845E-01  5.508994E-01 -6.755312E-01
  4.660472E-01  5.684036E-01 -6.957945E-01
  4.717796E-01  5.863332E-01 -7.158044E-01
  4.775825E-01  6.046835E-01 -7.355432E-01
  4.834567E-01  6.234482E-01 -7.549934E-01
  4.894033E-01  6.426193E-01 -7.741373E-01
  4.954229E-01  6.621867E-01 -7.929573E-01
  5.015166E-01  6.821384E-01 -8.114359E-01
  5.076853E-01  7.024601E-01 -8.295557E-01
  5.139298E-01  7.231353E-01 -8.472996E-01
  5.202511E-01  7.441450E-01 -8.646505E-01
  5.266502E-01  7.654678E-01 -8.815919E-01
  5.331280E-01  7.870793E-01 -8.981075E-01
  5.396855E-01  8.089528E-01 -9.141814E-01
  5.463236E-01  8.310585E-01 -9.297983E-01
  5.530434E-01  8.533638E-01 -9.449431E-01
  5.598458E-01  8.758329E-01 -9.596015E-01
  5.667319E-01  8.984271E-01 -9.737595E-01
  5.737028E-01  9.211048E-01 -9.874037E-01
  5.807593E-01  9.438211E-01 -1.000521E+00
  5.879026E-01  9.665283E-01 -1.013100E+00
  5.951338E-01  9.891754E-01 -1.025129E+00
  6.024540E-01  1.011709E+00 -1.036596E+00
  6.098642E-01  1.034072E+00 -1.047491E+00
  6.173655E-01  1.056206E+00 -1.057805E+00
  6.249591E-01  1.078049E+00 -1.067528E+00
  6.326461E-01  1.099537E+00 -1.076652E+00
  6.404276E-01  1.120605E+00 -1.085170E+00
  6.483049E-01  1.141185E+00 -1.093074E+00
  6.562790E-01  1.161208E+00 -1.100359E+00
  6.643513E-01  1.180603E+00 -1.107019E+00
  6.725228E-01  1.199301E+00 -1.113050E+00
  6.807948E-01  1.217227E+00 -1.118447E+00
  6.891686E-01  1.234311E+00 -1.123208E+00
  6.976454E-01  1.250480E+00 -1.127331E+00
  7.062264E-01  1.265661E+00 -1.130814E+00
  7.149130E-01  1.279782E+00 -1.133656E+00
  7.237064E-01  1.292773E+00 -1.135858E+00
  7.326080E-01  1.304564E+00 -1.137421E+00
  7.416191E-01  1.315087E+00 -1.138348E+00
  7.507410E-01  1.324278E+00 -1.138639E+00
  7.599751E-01  1.332075E+00 -1.138300E+00
  7.693228E-01  1.338422E+00 -1.137334E+00
  7.787855E-01  1.343266E+00 -1.135747E+00
  7.883646E-01  1.346560E+00 -1.133544E+00
  7.980614E-01  1.348266E+00 -1.130732E+00
  8.078776E-01  1.348351E+00 -1.127319E+00
  8.178145E-01  1.346788E+00 -1.123312E+00
  8.278736E-01  1.343562E+00 -1.118721E+00
  8.380565E-01  1.338664E+00 -1.113555E+00
  8.483646E-01  1.332093E+00 -1.107824E+00
  8.587994E-01  1.323860E+00 -1.101539E+00
  8.693627E-01  1.313983E+00 -1.094711E+00
  8.800558E-01  1.302490E+00 -1.087353E+00
  8.908805E-01  1.289416E+00 -1.079478E+00
  9.018383E-01  1.274809E+00 -1.071098E+00
  9.129310E-01  1.258722E+00 -1.062227E+00
  9.241600E-01  1.241219E+00 -1.052879E+00
  9.355272E-01  1.222368E+00 -1.043069E+00
  9.470342E-01  1.202250E+00 -1.032812E+00
  9.586827E-01  1.180946E+00 -1.022124E+00
  9.704745E-01  1.158549E+00 -1.011021E+00
  9.824113E-01  1.135153E+00 -9.995180E-01
  9.944950E-01  1.110857E+00 -9.876325E-01
  1.006727E+00  1.085766E+00 -9.753810E-01
  1.019110E+00  1.059984E+00 -9.627807E-01
  1.031645E+00  1.033618E+00 -9.498489E-01
  1.044334E+00  1.006777E+00 -9.366030E-01
  1.057180E+00  9.795654E-01 -9.230607E-01
  1.070183E+00  9.520908E-01 -9.092398E-01
  1.083346E+00  9.244560E-01 -8.951582E-01
  1.096671E+00  8.967615E-01 -8.808338E-01
  1.110160E+00  8.691035E-01 -8.662847E-01
  1.123815E+00  8.415739E-01 -8.515288E-01
  1.137638E+00  8.142591E-01 -8.365841E-01
  1.151631E+00  7.872399E-01 -8.214685E-01
  1.165796E+00  7.605905E-01 -8.062000E-01
  1.180136E+00  7.343786E-01 -7.907962E-01
  1.194651E+00  7.086649E-01 -7.752748E-01
  1.209345E+00  6.835029E-01 -7.596532E-01
  1.224220E+00  6.589386E-01 -7.439488E-01
  1.239278E+00  6.350111E-01 -7.281785E-01
  1.254521E+00  6.117518E-01 -7.123592E-01
  1.269952E+00  5.891852E-01 -6.965074E-01
  1.285572E+00  5.673289E-01 -6.806395E-01
  1.301385E+00  5.461938E-01 -6.647713E-01
  1.317392E+00  5.257843E-01 -6.489186E-01
  1.333596E+00  5.060992E-01 -6.330967E-01
  1.349999E+00  4.871315E-01 -6.173203E-01
  1.366604E+00  4.688693E-01 -6.016041E-01
  1.383413E+00  4.512959E-01 -5.859623E-01
  1.400429E+00  4.343906E-01 -5.704084E-01
  1.417655E+00  4.181292E-01 -5.549559E-01
  1.435092E+00  4.024843E-01 -5.396174E-01
  1.452743E+00  3.874261E-01 -5.244054E-01
  1.470612E+00  3.729228E-01 -5.093318E-01
  1.488701E+00  3.589410E-01 -4.944079E-01
  1.507012E+00  3.454465E-01 -4.796447E-01
  1.525548E+00  3.324051E-01 -4.650527E-01
  1.544312E+00  3.197823E-01 -4.506417E-01
  1.563307E+00  3.075451E-01 -4.364211E-01
  1.582536E+00  2.956614E-01 -4.223999E-01
  1.602001E+00  2.841015E-01 -4.085863E-01
  1.621706E+00  2.728381E-01 -3.949884E-01
  1.641653E+00  2.618471E-01 -3.816134E-01
  1.661845E+00  2.511075E-01 -3.684682E-01
  1.682286E+00  2.406024E-01 -3.555590E-01
  1.702978E+00  2.303187E-01 -3.428917E-01
  1.723925E+00  2.202474E-01 -3.304715E-01
  1.745129E+00  2.103835E-01 -3.183031E-01
  1.766594E+00  2.007259E-01 -3.063910E-01
  1.788323E+00  1.912770E-01 -2.947387E-01
  1.810319E+00  1.820427E-01 -2.833495E-01
  1.832586E+00  1.730311E-01 -2.722262E-01
  1.855127E+00  1.642527E-01 -2.613711E-01
  1.877945E+00  1.557195E-01 -2.507859E-01
  1.901044E+00  1.474439E-01 -2.404720E-01
  1.924427E+00  1.394387E-01 -2.304302E-01
  1.948097E+00  1.317157E-01 -2.206610E-01
  1.972059E+00  1.242855E-01 -2.111643E-01
  1.996315E+00  1.171568E-01 -2.019398E-01
  2.020870E+00  1.103359E-01 -1.929865E-01
  2.045726E+00  1.038264E-01 -1.843032E-01
  2.070889E+00  9.762891E-02 -1.758885E-01
  2.096361E+00  9.174088E-02 -1.677402E-01
  2.122146E+00  8.615679E-02 -1.598562E-01
  2.148248E+00  8.086828E-02 -1.522339E-01
  2.174672E+00  7.586455E-02 -1.448703E-01
  2.201420E+00  7.113281E-02 -1.377623E-01
  2.228498E+00  6.665898E-02 -1.309064E-01
  2.255908E+00  6.242835E-02 -1.242991E-01
  2.283656E+00  5.842636E-02 -1.179363E-01
  2.311745E+00  5.463935E-02 -1.118139E-01
  2.340180E+00  5.105511E-02 -1.059278E-01
  2.368964E+00  4.766325E-02 -1.002733E-01
  2.398102E+00  4.445528E-02 -9.484589E-02
  2.427599E+00  4.142383E-02 -8.964072E-02
  2.457458E+00  3.856196E-02 -8.465290E-02
  2.487685E+00  3.586286E-02 -7.987739E-02
  2.518283E+00  3.331981E-02 -7.530907E-02
  2.549258E+00  3.092622E-02 -7.094271E-02
  2.580614E+00  2.867560E-02 -6.677301E-02
  2.612356E+00  2.656159E-02 -6.279464E-02
  2.644488E+00  2.457799E-02 -5.900217E-02
  2.677015E+00  2.271871E-02 -5.539017E-02
  2.709942E+00  2.097783E-02 -5.195317E-02
  2.743274E+00  1.934957E-02 -4.868570E-02
  2.777017E+00  1.782832E-02 -4.558227E-02
  2.811174E+00  1.640861E-02 -4.263743E-02
  2.845751E+00  1.508515E-02 -3.984570E-02
  2.880754E+00  1.385283E-02 -3.720168E-02
  2.916187E+00  1.270667E-02 -3.469998E-02
  2.952057E+00  1.164189E-02 -3.233526E-02
  2.988367E+00  1.065388E-02 -3.010224E-02
  3.025124E+00  9.738198E-03 -2.799571E-02
  3.062333E+00  8.890563E-03 -2.601053E-02
  3.099999E+00  8.106876E-03 -2.414164E-02
  3.138129E+00  7.383209E-03 -2.238405E-02
  3.176728E+00  6.715797E-03 -2.073288E-02
  3.215802E+00  6.101047E-03 -1.918334E-02
  3.255357E+00  5.535527E-03 -1.773076E-02
  3.295397E+00  5.015968E-03 -1.637054E-02
  3.335931E+00  4.539261E-03 -1.509824E-02
  3.376963E+00  4.102450E-03 -1.390950E-02
  3.418499E+00  3.702735E-03 -1.280008E-02
  3.460547E+00  3.337462E-03 -1.176590E-02
  3.503112E+00  3.004121E-03 -1.080296E-02
  3.546200E+00  2.700345E-03 -9.907404E-03
  3.589818E+00  2.423900E-03 -9.075513E-03
  3.633973E+00  2.172686E-03 -8.303686E-03
  3.678671E+00  1.944728E-03 -7.588456E-03
  3.723919E+00  1.738175E-03 -6.926487E-03
  3.769723E+00  1.551292E-03 -6.314573E-03
  3.816090E+00  1.382458E-03 -5.749639E-03
  3.863028E+00  1.230160E-03 -5.228738E-03
  3.910543E+00  1.092987E-03 -4.749055E-03
  3.958643E+00  9.696267E-04 -4.307898E-03
  4.007334E+00  8.588617E-04 -3.902705E-03
  4.056625E+00  7.595620E-04 -3.531035E-03
  4.106521E+00  6.706823E-04 -3.190568E-03
  4.157031E+00  5.912572E-04 -2.879106E-03
  4.208163E+00  5.203962E-04 -2.594565E-03
  4.259923E+00  4.572796E-04 -2.334976E-03
  4.312320E+00  4.011543E-04 -2.098478E-03
  4.365362E+00  3.513297E-04 -1.883320E-03
  4.419056E+00  3.071733E-04 -1.687852E-03
  4.473410E+00  2.681075E-04 -1.510528E-03
  4.528433E+00  2.336052E-04 -1.349895E-03
  4.584133E+00  2.031867E-04 -1.204594E-03
  4.640518E+00  1.764161E-04 -1.073356E-03
  4.697596E+00  1.528981E-04 -9.549955E-04
  4.755377E+00  1.322750E-04 -8.484103E-04
  4.813868E+00  1.142236E-04 -7.525748E-04
  4.873078E+00  9.845238E-05 -6.665373E-04
  4.933017E+00  8.469918E-05 -5.894163E-04
  4.993693E+00  7.272852E-05 -5.203965E-04
  5.055116E+00  6.232934E-05 -4.587252E-04
  5.117294E+00  5.331289E-05 -4.037086E-04
  5.180236E+00  4.551066E-05 -3.547088E-04
  5.243953E+00  3.877257E-05 -3.111396E-04
  5.308454E+00  3.296519E-05 -2.724638E-04
  5.373748E+00  2.797016E-05 -2.381898E-04
  5.439845E+00  2.368272E-05 -2.078686E-04
  5.506755E+00  2.001031E-05 -1.810909E-04
  5.574488E+00  1.687136E-05 -1.574840E-04
  5.643054E+00  1.419413E-05 -1.367093E-04
  5.712464E+00  1.191566E-05 -1.184601E-04
  5.782727E+00  9.980805E-06 -1.024586E-04
  5.853855E+00  8.341407E-06 -8.845378E-05
  5.925857E+00  6.955478E-06 -7.621947E-05
  5.998745E+00  5.786501E-06 -6.555209E-05
  6.072530E+00  4.802795E-06 -5.626881E-05
  6.147222E+00  3.976932E-06 -4.820575E-05
  6.222833E+00  3.285229E-06 -4.121632E-05
  6.299373E+00  2.707282E-06 -3.516964E-05
  6.376856E+00  2.225556E-06 -2.994913E-05
  6.455291E+00  1.825020E-06 -2.545112E-05
  6.534691E+00  1.492821E-06 -2.158367E-05
  6.615068E+00  1.217994E-06 -1.826534E-05
  6.696433E+00  9.912109E-07 -1.542422E-05
  6.778799E+00  8.045577E-07 -1.299693E-05
  6.862179E+00  6.513351E-07 -1.092769E-05
  6.946583E+00  5.258890E-07 -9.167575E-06
  7.032026E+00  4.234594E-07 -7.673754E-06
  7.118520E+00  3.400505E-07 -6.408798E-06
  7.206078E+00  2.723169E-07 -5.340093E-06
  7.294713E+00  2.174657E-07 -4.439281E-06
  7.384438E+00  1.731718E-07 -3.681764E-06
  7.475266E+00  1.375052E-07 -3.046257E-06
  7.567212E+00  1.088683E-07 -2.514387E-06
  7.660289E+00  8.594275E-08 -2.070333E-06
  7.754510E+00  6.764364E-08 -1.700507E-06
  7.849891E+00  5.308101E-08 -1.393265E-06
  7.946445E+00  4.152697E-08 -1.138659E-06
  8.044186E+00  3.238801E-08 -9.282070E-07
  8.143129E+00  2.518171E-08 -7.547001E-07
  8.243290E+00  1.951717E-08 -6.120248E-07
  8.344682E+00  1.507866E-08 -4.950114E-07
  8.447322E+00  1.161198E-08 -3.993001E-07
  8.551224E+00  8.913135E-09 -3.212238E-07
  8.656404E+00  6.818967E-09 -2.577071E-07
  8.762878E+00  5.199400E-09 -2.061775E-07
  8.870661E+00  3.951091E-09 -1.644894E-07
  8.979770E+00  2.992211E-09 -1.308586E-07
  9.090221E+00  2.258192E-09 -1.038052E-07
  9.202031E+00  1.698263E-09 -8.210587E-08
  9.315216E+00  1.272642E-09 -6.475184E-08
  9.429793E+00  9.502675E-10 -5.091407E-08
  9.545780E+00  7.069768E-10 -3.991314E-08
  9.663193E+00  5.240408E-10 -3.119397E-08
  9.782050E+00  3.869958E-10 -2.430448E-08
  9.902369E+00  2.847142E-10 -1.887761E-08
  1.002417E+01  2.086671E-10 -1.461627E-08
  1.014747E+01  1.523424E-10 -1.128075E-08
  1.027228E+01  1.107870E-10 -8.678315E-09
  1.039863E+01  8.024873E-11 -6.654440E-09
  1.052653E+01  5.789585E-11 -5.085683E-09
  1.065601E+01  4.160023E-11 -3.873748E-09
  1.078708E+01  2.976882E-11 -2.940630E-09
  1.091976E+01  2.121404E-11 -2.224633E-09
  1.105407E+01  1.505425E-11 -1.677133E-09
  1.119004E+01  1.063767E-11 -1.259939E-09
  1.132767E+01  7.484502E-12 -9.431608E-10
  1.146700E+01  5.243072E-12 -7.034896E-10
  1.160805E+01  3.656722E-12 -5.228128E-10
  1.175083E+01  2.538971E-12 -3.871081E-10
  1.189536E+01  1.754930E-12 -2.855593E-10
  1.204168E+01  1.207462E-12 -2.098546E-10
  1.218979E+01  8.269422E-13 -1.536311E-10
  1.233972E+01  5.636892E-13 -1.120360E-10
  1.249150E+01  3.824215E-13 -8.138302E-11
  1.264515E+01  2.582007E-13 -5.888256E-11
  1.280068E+01  1.734841E-13 -4.243217E-11
  1.295813E+01  1.159906E-13 -3.045357E-11
  1.311751E+01  7.716509E-14 -2.176677E-11
  1.327886E+01  5.107718E-14 -1.549318E-11
  1.344219E+01  3.363674E-14 -1.098136E-11
  1.360753E+01  2.203711E-14 -7.750284E-12
  1.377490E+01  1.436221E-14 -5.446316E-12
  1.394433E+01  9.310773E-15 -3.810558E-12
  1.411585E+01  6.003709E-15 -2.654309E-12
  1.428947E+01  3.850296E-15 -1.840636E-12
  1.446523E+01  2.455727E-15 -1.270615E-12
  1.464316E+01  1.557570E-15 -8.731025E-13
  1.482327E+01  9.823516E-16 -5.971691E-13
  1.500559E+01  6.160378E-16 -4.065232E-13
  1.519016E+01  3.840943E-16 -2.754254E-13
  1.537700E+01  2.380806E-16 -1.857068E-13
  1.556614E+01  1.467033E-16 -1.246036E-13
  1.575760E+01  0.000000E+00 -8.319301E-14
  1.595142E+01  0.000000E+00 -5.526745E-14
  1.614762E+01  0.000000E+00 -3.653015E-14
  1.634624E+01  0.000000E+00 -2.402181E-14
  1.654730E+01  0.000000E+00 -1.571461E-14
  1.675083E+01  0.000000E+00 -1.022634E-14
  1.695686E+01  0.000000E+00 -7.633926E-12
  1.716543E+01  0.000000E+00 -5.397482E-12
  1.737657E+01  0.000000E+00 -3.799687E-12
  1.759030E+01  0.000000E+00 -2.663145E-12
  1.780666E+01  0.000000E+00 -1.858272E-12
  1.802568E+01  0.000000E+00 -1.290829E-12
  1.824740E+01  0.000000E+00 -8.925889E-13
  1.847184E+01  0.000000E+00 -6.143886E-13
  1.869905E+01  0.000000E+00  0.000000E+00
  1.892904E+01  0.000000E+00  0.000000E+00
  1.916187E+01  0.000000E+00  0.000000E+00
  1.939756E+01  0.000000E+00  0.000000E+00
  1.963615E+01  0.000000E+00  0.000000E+00
  1.987768E+01  0.000000E+00  0.000000E+00
  2.012217E+01  0.000000E+00  0.000000E+00
  2.036967E+01  0.000000E+00  0.000000E+00
  2.062022E+01  0.000000E+00  0.000000E+00
  2.087385E+01  0.000000E+00  0.000000E+00
  2.113060E+01  0.000000E+00  0.000000E+00
  2.139051E+01  0.000000E+00  0.000000E+00
  2.165361E+01  0.000000E+00  0.000000E+00
  2.191995E+01  0.000000E+00  0.000000E+00
  2.218956E+01  0.000000E+00  0.000000E+00
  2.246249E+01  0.000000E+00  0.000000E+00
  2.273878E+01  0.000000E+00  0.000000E+00
  2.301847E+01  0.000000E+00  0.000000E+00
  2.330160E+01  0.000000E+00  0.000000E+00
  2.358821E+01  0.000000E+00  0.000000E+00
  2.387834E+01  0.000000E+00  0.000000E+00
  2.417205E+01  0.000000E+00  0.000000E+00
  2.446936E+01  0.000000E+00  0.000000E+00
  2.477034E+01  0.000000E+00  0.000000E+00
  2.507501E+01  0.000000E+00  0.000000E+00
  2.538343E+01  0.000000E+00  0.000000E+00
  2.569565E+01  0.000000E+00  0.000000E+00
  2.601171E+01  0.000000E+00  0.000000E+00
  2.633165E+01  0.000000E+00  0.000000E+00
  2.665553E+01  0.000000E+00  0.000000E+00
  2.698339E+01  0.000000E+00  0.000000E+00
  2.731529E+01  0.000000E+00  0.000000E+00
  2.765127E+01  0.000000E+00  0.000000E+00
  2.799138E+01  0.000000E+00  0.000000E+00
  2.833567E+01  0.000000E+00  0.000000E+00
  2.868420E+01  0.000000E+00  0.000000E+00
  2.903701E+01  0.000000E+00  0.000000E+00
  2.939417E+01  0.000000E+00  0.000000E+00
  2.975572E+01  0.000000E+00  0.000000E+00
  3.012171E+01  0.000000E+00  0.000000E+00
  3.049221E+01  0.000000E+00  0.000000E+00
  3.086726E+01  0.000000E+00  0.000000E+00
  3.124693E+01  0.000000E+00  0.000000E+00
  3.163127E+01  0.000000E+00  0.000000E+00
  3.202033E+01  0.000000E+00  0.000000E+00
  3.241418E+01  0.000000E+00  0.000000E+00
  3.281288E+01  0.000000E+00  0.000000E+00
  3.321648E+01  0.000000E+00  0.000000E+00
  3.362504E+01  0.000000E+00  0.000000E+00
  3.403863E+01  0.000000E+00  0.000000E+00
  3.445730E+01  0.000000E+00  0.000000E+00
  3.488113E+01  0.000000E+00  0.000000E+00
  3.531017E+01  0.000000E+00  0.000000E+00
  3.574448E+01  0.000000E+00  0.000000E+00
  3.618414E+01  0.000000E+00  0.000000E+00
  3.662920E+01  0.000000E+00  0.000000E+00
  3.707974E+01  0.000000E+00  0.000000E+00
  3.753582E+01  0.000000E+00  0.000000E+00
  3.799751E+01  0.000000E+00  0.000000E+00
  3.846488E+01  0.000000E+00  0.000000E+00
  3.893800E+01  0.000000E+00  0.000000E+00
  3.941694E+01  0.000000E+00  0.000000E+00
  3.990177E+01  0.000000E+00  0.000000E+00
  4.039256E+01  0.000000E+00  0.000000E+00
  4.088939E+01  0.000000E+00  0.000000E+00
  4.139233E+01  0.000000E+00  0.000000E+00
  4.190145E+01  0.000000E+00  0.000000E+00
  4.241684E+01  0.000000E+00  0.000000E+00
  4.293857E+01  0.000000E+00  0.000000E+00
  4.346671E+01  0.000000E+00  0.000000E+00
  4.400135E+01  0.000000E+00  0.000000E+00
  4.454257E+01  0.000000E+00  0.000000E+00
  4.509044E+01  0.000000E+00  0.000000E+00
  4.564505E+01  0.000000E+00  0.000000E+00
  4.620649E+01  0.000000E+00  0.000000E+00
  4.677483E+01  0.000000E+00  0.000000E+00
  4.735016E+01  0.000000E+00  0.000000E+00
  4.793257E+01  0.000000E+00  0.000000E+00
  4.852214E+01  0.000000E+00  0.000000E+00
  4.911896E+01  0.000000E+00  0.000000E+00
  4.972312E+01  0.000000E+00  0.000000E+00
  5.033472E+01  0.000000E+00  0.000000E+00
  5.095383E+01  0.000000E+00  0.000000E+00
  5.158056E+01  0.000000E+00  0.000000E+00
  5.221501E+01  0.000000E+00  0.000000E+00
  5.285725E+01  0.000000E+00  0.000000E+00
  5.350739E+01  0.000000E+00  0.000000E+00
  5.416554E+01  0.000000E+00  0.000000E+00
  5.483177E+01  0.000000E+00  0.000000E+00
  5.550620E+01  0.000000E+00  0.000000E+00
  5.618893E+01  0.000000E+00  0.000000E+00
  5.688005E+01  0.000000E+00  0.000000E+00
  5.757968E+01  0.000000E+00  0.000000E+00
  5.828791E+01  0.000000E+00  0.000000E+00
  5.900485E+01  0.000000E+00  0.000000E+00
  5.973061E+01  0.000000E+00  0.000000E+00
  6.046529E+01  0.000000E+00  0.000000E+00
  6.120902E+01  0.000000E+00  0.000000E+00
  6.196189E+01  0.000000E+00  0.000000E+00
  6.272402E+01  0.000000E+00  0.000000E+00
  6.349553E+01  0.000000E+00  0.000000E+00
  6.427652E+01  0.000000E+00  0.000000E+00
  6.506712E+01  0.000000E+00  0.000000E+00
  6.586745E+01  0.000000E+00  0.000000E+00
  6.667762E+01  0.000000E+00  0.000000E+00
  6.749775E+01  0.000000E+00  0.000000E+00
  6.832797E+01  0.000000E+00  0.000000E+00
  6.916841E+01  0.000000E+00  0.000000E+00
  7.001918E+01  0.000000E+00  0.000000E+00
  7.088042E+01  0.000000E+00  0.000000E+00
  7.175224E+01  0.000000E+00  0.000000E+00
  7.263480E+01  0.000000E+00  0.000000E+00
  7.352820E+01  0.000000E+00  0.000000E+00
  7.443260E+01  0.000000E+00  0.000000E+00
  7.534812E+01  0.000000E+00  0.000000E+00
  7.627490E+01  0.000000E+00  0.000000E+00
  7.721309E+01  0.000000E+00  0.000000E+00
  7.816281E+01  0.000000E+00  0.000000E+00
  7.912421E+01  0.000000E+00  0.000000E+00
