  2.500000E-04  2.684523E-05  2.175921E-03
  2.530750E-04  2.717542E-05  2.202064E-03
  2.561878E-04  2.750968E-05  2.228518E-03
  2.593389E-04  2.784805E-05  2.255289E-03
  2.625288E-04  2.819058E-05  2.282378E-03
  2.657579E-04  2.853732E-05  2.309791E-03
  2.690267E-04  2.888833E-05  2.337530E-03
  2.723358E-04  2.924366E-05  2.365600E-03
  2.756855E-04  2.960336E-05  2.394005E-03
  2.790764E-04  2.996748E-05  2.422748E-03
  2.825091E-04  3.033608E-05  2.451833E-03
  2.859839E-04  3.070921E-05  2.481265E-03
  2.895015E-04  3.108694E-05  2.511047E-03
  2.930624E-04  3.146931E-05  2.541184E-03
  2.966671E-04  3.185638E-05  2.571680E-03
  3.003161E-04  3.224821E-05  2.602538E-03
  3.040100E-04  3.264487E-05  2.633764E-03
  3.077493E-04  3.304640E-05  2.665361E-03
  3.115346E-04  3.345287E-05  2.697334E-03
  3.153665E-04  3.386434E-05  2.729688E-03
  3.192455E-04  3.428087E-05  2.762425E-03
  3.231722E-04  3.470253E-05  2.795553E-03
  3.271472E-04  3.512937E-05  2.829073E-03
  3.311711E-04  3.556146E-05  2.862992E-03
  3.352445E-04  3.599887E-05  2.897315E-03
  3.393680E-04  3.644165E-05  2.932044E-03
  3.435423E-04  3.688989E-05  2.967186E-03
  3.477678E-04  3.734363E-05  3.002746E-03
  3.520454E-04  3.780296E-05  3.038727E-03
  3.563755E-04  3.826794E-05  3.075135E-03
  3.607589E-04  3.873863E-05  3.111976E-03
  3.651963E-04  3.921512E-05  3.149253E-03
  3.696882E-04  3.969746E-05  3.186972E-03
  3.742354E-04  4.018574E-05  3.225139E-03
  3.788385E-04  4.068003E-05  3.263757E-03
  3.834982E-04  4.118039E-05  3.302834E-03
  3.882152E-04  4.168691E-05  3.342373E-03
  3.929902E-04  4.219966E-05  3.382381E-03
  3.978240E-04  4.271872E-05  3.422862E-03
  4.027173E-04  4.324416E-05  3.463823E-03
  4.076707E-04  4.377607E-05  3.505268E-03
  4.126850E-04  4.431451E-05  3.547204E-03
  4.177611E-04  4.485958E-05  3.589635E-03
  4.228995E-04  4.541136E-05  3.632568E-03
  4.281012E-04  4.596992E-05  3.676009E-03
  4.333668E-04  4.653535E-05  3.719964E-03
  4.386972E-04  4.710774E-05  3.764437E-03
  4.440932E-04  4.768716E-05  3.809436E-03
  4.495556E-04  4.827372E-05  3.854966E-03
  4.550851E-04  4.886749E-05  3.901034E-03
  4.606826E-04  4.946856E-05  3.947645E-03
  4.663490E-04  5.007702E-05  3.994806E-03
  4.720851E-04  5.069297E-05  4.042524E-03
  4.778918E-04  5.131650E-05  4.090803E-03
  4.837699E-04  5.194769E-05  4.139652E-03
  4.897202E-04  5.258665E-05  4.189077E-03
  4.957438E-04  5.323347E-05  4.239084E-03
  5.018414E-04  5.388825E-05  4.289679E-03
  5.080141E-04  5.455107E-05  4.340870E-03
  5.142626E-04  5.522205E-05  4.392663E-03
  5.205881E-04  5.590129E-05  4.445066E-03
  5.269913E-04  5.658888E-05  4.498085E-03
  5.334733E-04  5.728492E-05  4.551727E-03
  5.400350E-04  5.798953E-05  4.605999E-03
  5.466775E-04  5.870281E-05  4.660909E-03
  5.534016E-04  5.942485E-05  4.716463E-03
  5.602084E-04  6.015578E-05  4.772670E-03
  5.670990E-04  6.089570E-05  4.829536E-03
  5.740743E-04  6.164472E-05  4.887069E-03
  5.811354E-04  6.240296E-05  4.945276E-03
  5.882834E-04  6.317052E-05  5.004166E-03
  5.955193E-04  6.394752E-05  5.063745E-03
  6.028442E-04  6.473408E-05  5.124023E-03
  6.102591E-04  6.553031E-05  5.185006E-03
  6.177653E-04  6.633634E-05  5.246702E-03
  6.253638E-04  6.715228E-05  5.309120E-03
  6.330558E-04  6.797826E-05  5.372268E-03
  6.408424E-04  6.881440E-05  5.436153E-03
  6.487248E-04  6.966082E-05  5.500785E-03
  6.567041E-04  7.051766E-05  5.566172E-03
  6.647815E-04  7.138503E-05  5.632321E-03
  6.729584E-04  7.226308E-05  5.699243E-03
  6.812357E-04  7.315192E-05  5.766944E-03
  6.896149E-04  7.405169E-05  5.835435E-03
  6.980972E-04  7.496254E-05  5.904723E-03
  7.066838E-04  7.588458E-05  5.974819E-03
  7.153760E-04  7.681797E-05  6.045730E-03
  7.241751E-04  7.776284E-05  6.117465E-03
  7.330825E-04  7.871933E-05  6.190035E-03
  7.420994E-04  7.968759E-05  6.263449E-03
  7.512272E-04  8.066776E-05  6.337715E-03
  7.604673E-04  8.165998E-05  6.412843E-03
  7.698211E-04  8.266441E-05  6.488843E-03
  7.792899E-04  8.368119E-05  6.565724E-03
  7.888751E-04  8.471048E-05  6.643496E-03
  7.985783E-04  8.575243E-05  6.722170E-03
  8.084008E-04  8.680720E-05  6.801754E-03
  8.183442E-04  8.787494E-05  6.882259E-03
  8.284098E-04  8.895581E-05  6.963695E-03
  8.385992E-04  9.004998E-05  7.046073E-03
  8.489140E-04  9.115761E-05  7.129402E-03
  8.593556E-04  9.227887E-05  7.213693E-03
  8.699257E-04  9.341391E-05  7.298957E-03
  8.806258E-04  9.456292E-05  7.385204E-03
  8.914575E-04  9.572606E-05  7.472445E-03
  9.024224E-04  9.690350E-05  7.560691E-03
  9.135222E-04  9.809544E-05  7.649952E-03
  9.247585E-04  9.930203E-05  7.740240E-03
  9.361331E-04  1.005235E-04  7.831567E-03
  9.476475E-04  1.017599E-04  7.923942E-03
  9.593036E-04  1.030116E-04  8.017378E-03
  9.711030E-04  1.042786E-04  8.111885E-03
  9.830476E-04  1.055613E-04  8.207477E-03
  9.951391E-04  1.068597E-04  8.304163E-03
  1.007379E-03  1.081741E-04  8.401957E-03
  1.019770E-03  1.095047E-04  8.500869E-03
  1.032313E-03  1.108516E-04  8.600912E-03
  1.045011E-03  1.122151E-04  8.702098E-03
  1.057864E-03  1.135954E-04  8.804440E-03
  1.070876E-03  1.149926E-04  8.907948E-03
  1.084048E-03  1.164071E-04  9.012637E-03
  1.097382E-03  1.178389E-04  9.118518E-03
  1.110879E-03  1.192884E-04  9.225604E-03
  1.124543E-03  1.207557E-04  9.333908E-03
  1.138375E-03  1.222410E-04  9.443443E-03
  1.152377E-03  1.237446E-04  9.554222E-03
  1.166551E-03  1.252667E-04  9.666257E-03
  1.180900E-03  1.268075E-04  9.779562E-03
  1.195425E-03  1.283673E-04  9.894151E-03
  1.210129E-03  1.299462E-04  1.001004E-02
  1.225013E-03  1.315446E-04  1.012723E-02
  1.240081E-03  1.331626E-04  1.024575E-02
  1.255334E-03  1.348006E-04  1.036561E-02
  1.270775E-03  1.364587E-04  1.048682E-02
  1.286405E-03  1.381372E-04  1.060939E-02
  1.302228E-03  1.398363E-04  1.073334E-02
  1.318245E-03  1.415564E-04  1.085869E-02
  1.334460E-03  1.432976E-04  1.098545E-02
  1.350874E-03  1.450602E-04  1.111363E-02
  1.367489E-03  1.468445E-04  1.124324E-02
  1.384309E-03  1.486507E-04  1.137431E-02
  1.401336E-03  1.504792E-04  1.150684E-02
  1.418573E-03  1.523302E-04  1.164086E-02
  1.436021E-03  1.542039E-04  1.177637E-02
  1.453684E-03  1.561007E-04  1.191340E-02
  1.471565E-03  1.580208E-04  1.205195E-02
  1.489665E-03  1.599645E-04  1.219204E-02
  1.507988E-03  1.619321E-04  1.233369E-02
  1.526536E-03  1.639240E-04  1.247691E-02
  1.545312E-03  1.659403E-04  1.262173E-02
  1.564320E-03  1.679815E-04  1.276815E-02
  1.583561E-03  1.700478E-04  1.291618E-02
  1.603039E-03  1.721394E-04  1.306586E-02
  1.622756E-03  1.742569E-04  1.321719E-02
  1.642716E-03  1.764003E-04  1.337018E-02
  1.662921E-03  1.785702E-04  1.352486E-02
  1.683375E-03  1.807667E-04  1.368125E-02
  1.704081E-03  1.829902E-04  1.383935E-02
  1.725041E-03  1.852411E-04  1.399919E-02
  1.746259E-03  1.875197E-04  1.416078E-02
  1.767738E-03  1.898263E-04  1.432413E-02
  1.789481E-03  1.921613E-04  1.448928E-02
  1.811492E-03  1.945251E-04  1.465622E-02
  1.833773E-03  1.969179E-04  1.482498E-02
  1.856329E-03  1.993401E-04  1.499559E-02
  1.879161E-03  2.017921E-04  1.516804E-02
  1.902275E-03  2.042743E-04  1.534237E-02
  1.925673E-03  2.067871E-04  1.551859E-02
  1.949359E-03  2.093307E-04  1.569671E-02
  1.973336E-03  2.119057E-04  1.587676E-02
  1.997608E-03  2.145123E-04  1.605875E-02
  2.022179E-03  2.171510E-04  1.624270E-02
  2.047051E-03  2.198222E-04  1.642863E-02
  2.072230E-03  2.225262E-04  1.661656E-02
  2.097719E-03  2.252635E-04  1.680650E-02
  2.123520E-03  2.280344E-04  1.699847E-02
  2.149640E-03  2.308395E-04  1.719250E-02
  2.176080E-03  2.336790E-04  1.738859E-02
  2.202846E-03  2.365535E-04  1.758677E-02
  2.229941E-03  2.394634E-04  1.778706E-02
  2.257369E-03  2.424091E-04  1.798947E-02
  2.285135E-03  2.453910E-04  1.819403E-02
  2.313242E-03  2.484096E-04  1.840075E-02
  2.341695E-03  2.514653E-04  1.860965E-02
  2.370498E-03  2.545587E-04  1.882075E-02
  2.399655E-03  2.576901E-04  1.903407E-02
  2.429171E-03  2.608600E-04  1.924963E-02
  2.459050E-03  2.640689E-04  1.946744E-02
  2.489296E-03  2.673173E-04  1.968753E-02
  2.519914E-03  2.706057E-04  1.990992E-02
  2.550909E-03  2.739345E-04  2.013461E-02
  2.582285E-03  2.773043E-04  2.036165E-02
  2.614048E-03  2.807156E-04  2.059103E-02
  2.646200E-03  2.841688E-04  2.082279E-02
  2.678749E-03  2.876645E-04  2.105693E-02
  2.711697E-03  2.912033E-04  2.129349E-02
  2.745051E-03  2.947856E-04  2.153247E-02
  2.778815E-03  2.984119E-04  2.177391E-02
  2.812995E-03  3.020829E-04  2.201781E-02
  2.847594E-03  3.057991E-04  2.226420E-02
  2.882620E-03  3.095610E-04  2.251309E-02
  2.918076E-03  3.133692E-04  2.276451E-02
  2.953968E-03  3.172242E-04  2.301847E-02
  2.990302E-03  3.211267E-04  2.327500E-02
  3.027083E-03  3.250772E-04  2.353411E-02
  3.064316E-03  3.290763E-04  2.379582E-02
  3.102007E-03  3.331246E-04  2.406015E-02
  3.140162E-03  3.372228E-04  2.432712E-02
  3.178786E-03  3.413714E-04  2.459675E-02
  3.217885E-03  3.455711E-04  2.486906E-02
  3.257465E-03  3.498224E-04  2.514406E-02
  3.297532E-03  3.541260E-04  2.542178E-02
  3.338091E-03  3.584827E-04  2.570223E-02
  3.379150E-03  3.628929E-04  2.598543E-02
  3.420713E-03  3.673574E-04  2.627140E-02
  3.462788E-03  3.718769E-04  2.656016E-02
  3.505381E-03  3.764520E-04  2.685173E-02
  3.548497E-03  3.810834E-04  2.714612E-02
  3.592143E-03  3.857718E-04  2.744336E-02
  3.636327E-03  3.905179E-04  2.774345E-02
  3.681053E-03  3.953225E-04  2.804642E-02
  3.726330E-03  4.001862E-04  2.835229E-02
  3.772164E-03  4.051097E-04  2.866107E-02
  3.818562E-03  4.100939E-04  2.897277E-02
  3.865530E-03  4.151394E-04  2.928743E-02
  3.913076E-03  4.202470E-04  2.960505E-02
  3.961207E-03  4.254175E-04  2.992564E-02
  4.009930E-03  4.306517E-04  3.024923E-02
  4.059252E-03  4.359502E-04  3.057583E-02
  4.109181E-03  4.413141E-04  3.090546E-02
  4.159724E-03  4.467439E-04  3.123813E-02
  4.210888E-03  4.522406E-04  3.157386E-02
  4.262682E-03  4.578050E-04  3.191266E-02
  4.315113E-03  4.634379E-04  3.225455E-02
  4.368189E-03  4.691402E-04  3.259953E-02
  4.421918E-03  4.749126E-04  3.294763E-02
  4.476307E-03  4.807562E-04  3.329886E-02
  4.531366E-03  4.866717E-04  3.365323E-02
  4.587102E-03  4.926600E-04  3.401075E-02
  4.643523E-03  4.987221E-04  3.437144E-02
  4.700638E-03  5.048588E-04  3.473531E-02
  4.758456E-03  5.110711E-04  3.510236E-02
  4.816985E-03  5.173599E-04  3.547261E-02
  4.876234E-03  5.237262E-04  3.584608E-02
  4.936212E-03  5.301709E-04  3.622276E-02
  4.996927E-03  5.366949E-04  3.660268E-02
  5.058390E-03  5.432993E-04  3.698583E-02
  5.120608E-03  5.499851E-04  3.737223E-02
  5.183591E-03  5.567532E-04  3.776189E-02
  5.247349E-03  5.636047E-04  3.815481E-02
  5.311892E-03  5.705406E-04  3.855100E-02
  5.377228E-03  5.775619E-04  3.895046E-02
  5.443368E-03  5.846698E-04  3.935321E-02
  5.510321E-03  5.918652E-04  3.975924E-02
  5.578098E-03  5.991492E-04  4.016856E-02
  5.646709E-03  6.065230E-04  4.058117E-02
  5.716163E-03  6.139877E-04  4.099708E-02
  5.786472E-03  6.215443E-04  4.141629E-02
  5.857646E-03  6.291941E-04  4.183880E-02
  5.929695E-03  6.369382E-04  4.226460E-02
  6.002630E-03  6.447776E-04  4.269371E-02
  6.076463E-03  6.527138E-04  4.312611E-02
  6.151203E-03  6.607477E-04  4.356180E-02
  6.226863E-03  6.688806E-04  4.400079E-02
  6.303453E-03  6.771138E-04  4.444306E-02
  6.380986E-03  6.854485E-04  4.488862E-02
  6.459472E-03  6.938860E-04  4.533746E-02
  6.538923E-03  7.024274E-04  4.578956E-02
  6.619352E-03  7.110742E-04  4.624493E-02
  6.700770E-03  7.198276E-04  4.670354E-02
  6.783190E-03  7.286890E-04  4.716540E-02
  6.866623E-03  7.376596E-04  4.763049E-02
  6.951082E-03  7.467408E-04  4.809880E-02
  7.036581E-03  7.559341E-04  4.857031E-02
  7.123131E-03  7.652407E-04  4.904500E-02
  7.210745E-03  7.746622E-04  4.952288E-02
  7.299437E-03  7.841999E-04  5.000390E-02
  7.389220E-03  7.938552E-04  5.048806E-02
  7.480108E-03  8.036297E-04  5.097534E-02
  7.572113E-03  8.135248E-04  5.146570E-02
  7.665250E-03  8.235420E-04  5.195914E-02
  7.759533E-03  8.336828E-04  5.245563E-02
  7.854975E-03  8.439488E-04  5.295513E-02
  7.951591E-03  8.543414E-04  5.345762E-02
  8.049396E-03  8.648624E-04  5.396307E-02
  8.148403E-03  8.755133E-04  5.447146E-02
  8.248629E-03  8.862957E-04  5.498274E-02
  8.350087E-03  8.972112E-04  5.549688E-02
  8.452793E-03  9.082615E-04  5.601385E-02
  8.556762E-03  9.194483E-04  5.653361E-02
  8.662010E-03  9.307732E-04  5.705611E-02
  8.768553E-03  9.422381E-04  5.758132E-02
  8.876406E-03  9.538446E-04  5.810919E-02
  8.985586E-03  9.655945E-04  5.863968E-02
  9.096109E-03  9.774896E-04  5.917274E-02
  9.207991E-03  9.895317E-04  5.970831E-02
  9.321249E-03  1.001723E-03  6.024635E-02
  9.435901E-03  1.014064E-03  6.078681E-02
  9.551962E-03  1.026559E-03  6.132961E-02
  9.669451E-03  1.039207E-03  6.187471E-02
  9.788385E-03  1.052012E-03  6.242205E-02
  9.908783E-03  1.064976E-03  6.297156E-02
  1.003066E-02  1.078100E-03  6.352317E-02
  1.015404E-02  1.091386E-03  6.407682E-02
  1.027893E-02  1.104837E-03  6.463244E-02
  1.040536E-02  1.118454E-03  6.518994E-02
  1.053335E-02  1.132240E-03  6.574926E-02
  1.066291E-02  1.146196E-03  6.631032E-02
  1.079406E-02  1.160325E-03  6.687303E-02
  1.092683E-02  1.174629E-03  6.743731E-02
  1.106123E-02  1.189110E-03  6.800308E-02
  1.119728E-02  1.203771E-03  6.857023E-02
  1.133501E-02  1.218613E-03  6.913869E-02
  1.147443E-02  1.233640E-03  6.970834E-02
  1.161557E-02  1.248852E-03  7.027910E-02
  1.175844E-02  1.264253E-03  7.085086E-02
  1.190307E-02  1.279845E-03  7.142351E-02
  1.204947E-02  1.295631E-03  7.199694E-02
  1.219768E-02  1.311612E-03  7.257105E-02
  1.234771E-02  1.327792E-03  7.314571E-02
  1.249959E-02  1.344172E-03  7.372081E-02
  1.265334E-02  1.360756E-03  7.429622E-02
  1.280897E-02  1.377546E-03  7.487182E-02
  1.296652E-02  1.394544E-03  7.544748E-02
  1.312601E-02  1.411753E-03  7.602305E-02
  1.328746E-02  1.429176E-03  7.659842E-02
  1.345090E-02  1.446816E-03  7.717342E-02
  1.361634E-02  1.464675E-03  7.774793E-02
  1.378382E-02  1.482756E-03  7.832178E-02
  1.395336E-02  1.501062E-03  7.889483E-02
  1.412499E-02  1.519596E-03  7.946692E-02
  1.429873E-02  1.538361E-03  8.003789E-02
  1.447460E-02  1.557359E-03  8.060756E-02
  1.465264E-02  1.576593E-03  8.117578E-02
  1.483287E-02  1.596068E-03  8.174236E-02
  1.501531E-02  1.615785E-03  8.230713E-02
  1.520000E-02  1.635747E-03  8.286991E-02
  1.538696E-02  1.655959E-03  8.343050E-02
  1.557622E-02  1.676423E-03  8.398872E-02
  1.576781E-02  1.697142E-03  8.454436E-02
  1.596175E-02  1.718120E-03  8.509723E-02
  1.615808E-02  1.739360E-03  8.564712E-02
  1.635683E-02  1.760865E-03  8.619382E-02
  1.655801E-02  1.782639E-03  8.673711E-02
  1.676168E-02  1.804685E-03  8.727678E-02
  1.696785E-02  1.827006E-03  8.781259E-02
  1.717655E-02  1.849607E-03  8.834431E-02
  1.738782E-02  1.872491E-03  8.887171E-02
  1.760169E-02  1.895662E-03  8.939456E-02
  1.781819E-02  1.919123E-03  8.991259E-02
  1.803736E-02  1.942877E-03  9.042557E-02
  1.825922E-02  1.966930E-03  9.093322E-02
  1.848381E-02  1.991284E-03  9.143530E-02
  1.871116E-02  2.015944E-03  9.193154E-02
  1.894130E-02  2.040914E-03  9.242166E-02
  1.917428E-02  2.066198E-03  9.290538E-02
  1.941012E-02  2.091799E-03  9.338242E-02
  1.964887E-02  2.117722E-03  9.385249E-02
  1.989055E-02  2.143971E-03  9.431529E-02
  2.013520E-02  2.170551E-03  9.477053E-02
  2.038287E-02  2.197466E-03  9.521791E-02
  2.063358E-02  2.224720E-03  9.565710E-02
  2.088737E-02  2.252317E-03  9.608779E-02
  2.114428E-02  2.280263E-03  9.650966E-02
  2.140436E-02  2.308561E-03  9.692237E-02
  2.166763E-02  2.337218E-03  9.732561E-02
  2.193414E-02  2.366236E-03  9.771902E-02
  2.220393E-02  2.395621E-03  9.810226E-02
  2.247704E-02  2.425379E-03  9.847498E-02
  2.275351E-02  2.455513E-03  9.883682E-02
  2.303338E-02  2.486029E-03  9.918742E-02
  2.331669E-02  2.516932E-03  9.952641E-02
  2.360348E-02  2.548228E-03  9.985342E-02
  2.389381E-02  2.579921E-03  1.001681E-01
  2.418770E-02  2.612017E-03  1.004700E-01
  2.448521E-02  2.644521E-03  1.007587E-01
  2.478638E-02  2.677438E-03  1.010339E-01
  2.509125E-02  2.710776E-03  1.012952E-01
  2.539987E-02  2.744538E-03  1.015422E-01
  2.571229E-02  2.778731E-03  1.017744E-01
  2.602855E-02  2.813361E-03  1.019914E-01
  2.634870E-02  2.848434E-03  1.021928E-01
  2.667279E-02  2.883955E-03  1.023782E-01
  2.700087E-02  2.919931E-03  1.025471E-01
  2.733298E-02  2.956368E-03  1.026991E-01
  2.766917E-02  2.993273E-03  1.028338E-01
  2.800950E-02  3.030651E-03  1.029507E-01
  2.835402E-02  3.068510E-03  1.030494E-01
  2.870278E-02  3.106856E-03  1.031293E-01
  2.905582E-02  3.145696E-03  1.031901E-01
  2.941321E-02  3.185037E-03  1.032313E-01
  2.977499E-02  3.224885E-03  1.032523E-01
  3.014122E-02  3.265248E-03  1.032528E-01
  3.051196E-02  3.306133E-03  1.032322E-01
  3.088726E-02  3.347548E-03  1.031901E-01
  3.126717E-02  3.389499E-03  1.031260E-01
  3.165176E-02  3.431995E-03  1.030393E-01
  3.204107E-02  3.475043E-03  1.029297E-01
  3.243518E-02  3.518651E-03  1.027965E-01
  3.283413E-02  3.562827E-03  1.026394E-01
  3.323799E-02  3.607579E-03  1.024578E-01
  3.364682E-02  3.652916E-03  1.022511E-01
  3.406067E-02  3.698845E-03  1.020190E-01
  3.447962E-02  3.745376E-03  1.017608E-01
  3.490372E-02  3.792517E-03  1.014762E-01
  3.533303E-02  3.840277E-03  1.011645E-01
  3.576763E-02  3.888666E-03  1.008252E-01
  3.620757E-02  3.937691E-03  1.004579E-01
  3.665293E-02  3.987363E-03  1.000621E-01
  3.710376E-02  4.037691E-03  9.963719E-02
  3.756013E-02  4.088685E-03  9.918272E-02
  3.802212E-02  4.140355E-03  9.869815E-02
  3.848979E-02  4.192710E-03  9.818300E-02
  3.896322E-02  4.245762E-03  9.763675E-02
  3.944247E-02  4.299520E-03  9.705891E-02
  3.992761E-02  4.353995E-03  9.644896E-02
  4.041872E-02  4.409199E-03  9.580642E-02
  4.091587E-02  4.465141E-03  9.513079E-02
  4.141913E-02  4.521834E-03  9.442157E-02
  4.192859E-02  4.579289E-03  9.367829E-02
  4.244431E-02  4.637518E-03  9.290047E-02
  4.296638E-02  4.696532E-03  9.208762E-02
  4.349486E-02  4.756345E-03  9.123928E-02
  4.402985E-02  4.816967E-03  9.035499E-02
  4.457142E-02  4.878413E-03  8.943429E-02
  4.511964E-02  4.940694E-03  8.847674E-02
  4.567462E-02  5.003825E-03  8.748190E-02
  4.623641E-02  5.067819E-03  8.644933E-02
  4.680512E-02  5.132689E-03  8.537861E-02
  4.738082E-02  5.198450E-03  8.426935E-02
  4.796361E-02  5.265116E-03  8.312113E-02
  4.855356E-02  5.332702E-03  8.193357E-02
  4.915077E-02  5.401222E-03  8.070629E-02
  4.975532E-02  5.470692E-03  7.943894E-02
  5.036732E-02  5.541128E-03  7.813117E-02
  5.098683E-02  5.612546E-03  7.678264E-02
  5.161397E-02  5.684961E-03  7.539303E-02
  5.224882E-02  5.758391E-03  7.396205E-02
  5.289148E-02  5.832854E-03  7.248940E-02
  5.354205E-02  5.908365E-03  7.097483E-02
  5.420062E-02  5.984944E-03  6.941808E-02
  5.486728E-02  6.062608E-03  6.781892E-02
  5.554215E-02  6.141376E-03  6.617715E-02
  5.622532E-02  6.221267E-03  6.449258E-02
  5.691689E-02  6.302301E-03  6.276504E-02
  5.761697E-02  6.384499E-03  6.099440E-02
  5.832566E-02  6.467879E-03  5.918052E-02
  5.904306E-02  6.552464E-03  5.732333E-02
  5.976929E-02  6.638275E-03  5.542275E-02
  6.050446E-02  6.725333E-03  5.347873E-02
  6.124866E-02  6.813662E-03  5.149128E-02
  6.200202E-02  6.903285E-03  4.946040E-02
  6.276464E-02  6.994224E-03  4.738614E-02
  6.353665E-02  7.086506E-03  4.526857E-02
  6.431815E-02  7.180153E-03  4.310781E-02
  6.510926E-02  7.275193E-03  4.090399E-02
  6.591011E-02  7.371650E-03  3.865728E-02
  6.672080E-02  7.469552E-03  3.636790E-02
  6.754147E-02  7.568926E-03  3.403608E-02
  6.837223E-02  7.669801E-03  3.166212E-02
  6.921320E-02  7.772205E-03  2.924632E-02
  7.006453E-02  7.876168E-03  2.678905E-02
  7.092632E-02  7.981721E-03  2.429070E-02
  7.179871E-02  8.088894E-03  2.175170E-02
  7.268184E-02  8.197721E-03  1.917255E-02
  7.357583E-02  8.308233E-03  1.655375E-02
  7.448081E-02  8.420465E-03  1.389589E-02
  7.539692E-02  8.534451E-03  1.119955E-02
  7.632430E-02  8.650227E-03  8.465410E-03
  7.726309E-02  8.767830E-03  5.694163E-03
  7.821343E-02  8.887298E-03  2.886560E-03
  7.917545E-02  9.008669E-03  4.340011E-05
  8.014931E-02  9.131983E-03 -2.834470E-03
  8.113515E-02  9.257281E-03 -5.746151E-03
  8.213311E-02  9.384606E-03 -8.690696E-03
  8.314335E-02  9.513999E-03 -1.166710E-02
  8.416601E-02  9.645507E-03 -1.467432E-02
  8.520125E-02  9.779175E-03 -1.771124E-02
  8.624923E-02  9.915049E-03 -2.077669E-02
  8.731009E-02  1.005318E-02 -2.386948E-02
  8.838401E-02  1.019361E-02 -2.698831E-02
  8.947113E-02  1.033641E-02 -3.013187E-02
  9.057163E-02  1.048161E-02 -3.329878E-02
  9.168566E-02  1.062927E-02 -3.648758E-02
  9.281339E-02  1.077946E-02 -3.969678E-02
  9.395500E-02  1.093222E-02 -4.292482E-02
  9.511064E-02  1.108763E-02 -4.617009E-02
  9.628050E-02  1.124573E-02 -4.943090E-02
  9.746475E-02  1.140659E-02 -5.270552E-02
  9.866357E-02  1.157028E-02 -5.599216E-02
  9.987713E-02  1.173686E-02 -5.928896E-02
  1.011056E-01  1.190641E-02 -6.259400E-02
  1.023492E-01  1.207899E-02 -6.590530E-02
  1.036081E-01  1.225468E-02 -6.922083E-02
  1.048825E-01  1.243355E-02 -7.253849E-02
  1.061726E-01  1.261568E-02 -7.585611E-02
  1.074785E-01  1.280116E-02 -7.917148E-02
  1.088005E-01  1.299006E-02 -8.248233E-02
  1.101387E-01  1.318247E-02 -8.578630E-02
  1.114934E-01  1.337849E-02 -8.908099E-02
  1.128648E-01  1.357819E-02 -9.236396E-02
  1.142530E-01  1.378168E-02 -9.563269E-02
  1.156583E-01  1.398905E-02 -9.888459E-02
  1.170809E-01  1.420041E-02 -1.021170E-01
  1.185210E-01  1.441585E-02 -1.053273E-01
  1.199788E-01  1.463548E-02 -1.085128E-01
  1.214546E-01  1.485942E-02 -1.116705E-01
  1.229485E-01  1.508778E-02 -1.147977E-01
  1.244607E-01  1.532067E-02 -1.178915E-01
  1.259916E-01  1.555822E-02 -1.209489E-01
  1.275413E-01  1.580056E-02 -1.239670E-01
  1.291100E-01  1.604780E-02 -1.269426E-01
  1.306981E-01  1.630010E-02 -1.298727E-01
  1.323057E-01  1.655758E-02 -1.327542E-01
  1.339330E-01  1.682038E-02 -1.355838E-01
  1.355804E-01  1.708867E-02 -1.383585E-01
  1.372481E-01  1.736258E-02 -1.410749E-01
  1.389362E-01  1.764229E-02 -1.437298E-01
  1.406451E-01  1.792794E-02 -1.463198E-01
  1.423751E-01  1.821971E-02 -1.488417E-01
  1.441263E-01  1.851778E-02 -1.512921E-01
  1.458990E-01  1.882232E-02 -1.536676E-01
  1.476936E-01  1.913352E-02 -1.559647E-01
  1.495102E-01  1.945157E-02 -1.581803E-01
  1.513492E-01  1.977668E-02 -1.603107E-01
  1.532108E-01  2.010904E-02 -1.623525E-01
  1.550953E-01  2.044887E-02 -1.643024E-01
  1.570030E-01  2.079640E-02 -1.661570E-01
  1.589341E-01  2.115184E-02 -1.679127E-01
  1.608890E-01  2.151543E-02 -1.695662E-01
  1.628679E-01  2.188743E-02 -1.711141E-01
  1.648712E-01  2.226806E-02 -1.725530E-01
  1.668991E-01  2.265761E-02 -1.738796E-01
  1.689520E-01  2.305632E-02 -1.750904E-01
  1.710301E-01  2.346450E-02 -1.761823E-01
  1.731337E-01  2.388240E-02 -1.771520E-01
  1.752633E-01  2.431035E-02 -1.779961E-01
  1.774190E-01  2.474864E-02 -1.787117E-01
  1.796013E-01  2.519758E-02 -1.792955E-01
  1.818104E-01  2.565751E-02 -1.797444E-01
  1.840466E-01  2.612876E-02 -1.800556E-01
  1.863104E-01  2.661168E-02 -1.802260E-01
  1.886020E-01  2.710664E-02 -1.802528E-01
  1.909218E-01  2.761400E-02 -1.801332E-01
  1.932702E-01  2.813415E-02 -1.798645E-01
  1.956474E-01  2.866748E-02 -1.794442E-01
  1.980539E-01  2.921442E-02 -1.788696E-01
  2.004899E-01  2.977537E-02 -1.781385E-01
  2.029560E-01  3.035078E-02 -1.772485E-01
  2.054523E-01  3.094110E-02 -1.761974E-01
  2.079794E-01  3.154679E-02 -1.749833E-01
  2.105375E-01  3.216833E-02 -1.736041E-01
  2.131271E-01  3.280622E-02 -1.720580E-01
  2.157486E-01  3.346097E-02 -1.703435E-01
  2.184023E-01  3.413310E-02 -1.684590E-01
  2.210887E-01  3.482315E-02 -1.664031E-01
  2.238080E-01  3.553168E-02 -1.641746E-01
  2.265609E-01  3.625927E-02 -1.617725E-01
  2.293476E-01  3.700650E-02 -1.591959E-01
  2.321686E-01  3.777398E-02 -1.564442E-01
  2.350242E-01  3.856234E-02 -1.535167E-01
  2.379150E-01  3.937221E-02 -1.504132E-01
  2.408414E-01  4.020426E-02 -1.471335E-01
  2.438037E-01  4.105916E-02 -1.436777E-01
  2.468025E-01  4.193761E-02 -1.400460E-01
  2.498382E-01  4.284032E-02 -1.362390E-01
  2.529112E-01  4.376801E-02 -1.322571E-01
  2.560220E-01  4.472143E-02 -1.281015E-01
  2.591711E-01  4.570135E-02 -1.237731E-01
  2.623589E-01  4.670854E-02 -1.192733E-01
  2.655859E-01  4.774380E-02 -1.146037E-01
  2.688526E-01  4.880795E-02 -1.097661E-01
  2.721595E-01  4.990180E-02 -1.047625E-01
  2.755071E-01  5.102620E-02 -9.959524E-02
  2.788958E-01  5.218202E-02 -9.426676E-02
  2.823262E-01  5.337010E-02 -8.877985E-02
  2.857988E-01  5.459135E-02 -8.313755E-02
  2.893141E-01  5.584664E-02 -7.734311E-02
  2.928727E-01  5.713687E-02 -7.140005E-02
  2.964750E-01  5.846296E-02 -6.531215E-02
  3.001217E-01  5.982581E-02 -5.908342E-02
  3.038132E-01  6.122633E-02 -5.271815E-02
  3.075501E-01  6.266545E-02 -4.622088E-02
  3.113330E-01  6.414408E-02 -3.959639E-02
  3.151623E-01  6.566312E-02 -3.284973E-02
  3.190388E-01  6.722347E-02 -2.598621E-02
  3.229630E-01  6.882602E-02 -1.901135E-02
  3.269355E-01  7.047164E-02 -1.193098E-02
  3.309568E-01  7.216119E-02 -4.751124E-03
  3.350275E-01  7.389547E-02  2.521920E-03
  3.391484E-01  7.567529E-02  9.881623E-03
  3.433199E-01  7.750141E-02  1.732122E-02
  3.475427E-01  7.937453E-02  2.483371E-02
  3.518175E-01  8.129532E-02  3.241188E-02
  3.561449E-01  8.326437E-02  4.004827E-02
  3.605255E-01  8.528224E-02  4.773522E-02
  3.649599E-01  8.734937E-02  5.546487E-02
  3.694489E-01  8.946615E-02  6.322915E-02
  3.739931E-01  9.163287E-02  7.101980E-02
  3.785933E-01  9.384970E-02  7.882838E-02
  3.832500E-01  9.611670E-02  8.664626E-02
  3.879639E-01  9.843382E-02  9.446467E-02
  3.927359E-01  1.008008E-01  1.022747E-01
  3.975665E-01  1.032174E-01  1.100672E-01
  4.024566E-01  1.056829E-01  1.178330E-01
  4.074068E-01  1.081967E-01  1.255628E-01
  4.124179E-01  1.107579E-01  1.332472E-01
  4.174907E-01  1.133653E-01  1.408765E-01
  4.226258E-01  1.160175E-01  1.484413E-01
  4.278241E-01  1.187129E-01  1.559318E-01
  4.330863E-01  1.214496E-01  1.633382E-01
  4.384133E-01  1.242254E-01  1.706508E-01
  4.438058E-01  1.270378E-01  1.778597E-01
  4.492646E-01  1.298840E-01  1.849549E-01
  4.547906E-01  1.327607E-01  1.919265E-01
  4.603845E-01  1.356644E-01  1.987645E-01
  4.660472E-01  1.385912E-01  2.054588E-01
  4.717796E-01  1.415367E-01  2.119996E-01
  4.775825E-01  1.444960E-01  2.183766E-01
  4.834567E-01  1.474640E-01  2.245798E-01
  4.894033E-01  1.504349E-01  2.305992E-01
  4.954229E-01  1.534026E-01  2.364249E-01
  5.015166E-01  1.563603E-01  2.420467E-01
  5.076853E-01  1.593008E-01  2.474550E-01
  5.139298E-01  1.622165E-01  2.526399E-01
  5.202511E-01  1.650990E-01  2.575918E-01
  5.266502E-01  1.679396E-01  2.623014E-01
  5.331280E-01  1.707289E-01  2.667594E-01
  5.396855E-01  1.734570E-01  2.709567E-01
  5.463236E-01  1.761136E-01  2.748845E-01
  5.530434E-01  1.786877E-01  2.785342E-01
  5.598458E-01  1.811678E-01  2.818977E-01
  5.667319E-01  1.835420E-01  2.849667E-01
  5.737028E-01  1.857980E-01  2.877337E-01
  5.807593E-01  1.879228E-01  2.901913E-01
  5.879026E-01  1.899032E-01  2.923322E-01
  5.951338E-01  1.917257E-01  2.941498E-01
  6.024540E-01  1.933763E-01  2.956376E-01
  6.098642E-01  1.948411E-01  2.967896E-01
  6.173655E-01  1.961055E-01  2.976000E-01
  6.249591E-01  1.971554E-01  2.980637E-01
  6.326461E-01  1.979762E-01  2.981757E-01
  6.404276E-01  1.985536E-01  2.979315E-01
  6.483049E-01  1.988735E-01  2.973270E-01
  6.562790E-01  1.989217E-01  2.963586E-01
  6.643513E-01  1.986847E-01  2.950231E-01
  6.725228E-01  1.981491E-01  2.933178E-01
  6.807948E-01  1.973022E-01  2.912403E-01
  6.891686E-01  1.961316E-01  2.887888E-01
  6.976454E-01  1.946258E-01  2.859620E-01
  7.062264E-01  1.927737E-01  2.827590E-01
  7.149130E-01  1.905654E-01  2.791793E-01
  7.237064E-01  1.879916E-01  2.752231E-01
  7.326080E-01  1.850441E-01  2.708909E-01
  7.416191E-01  1.817157E-01  2.661837E-01
  7.507410E-01  1.780007E-01  2.611032E-01
  7.599751E-01  1.738944E-01  2.556512E-01
  7.693228E-01  1.693940E-01  2.498304E-01
  7.787855E-01  1.644978E-01  2.436436E-01
  7.883646E-01  1.592060E-01  2.370943E-01
  7.980614E-01  1.535203E-01  2.301865E-01
  8.078776E-01  1.474443E-01  2.229245E-01
  8.178145E-01  1.409832E-01  2.153132E-01
  8.278736E-01  1.341440E-01  2.073579E-01
  8.380565E-01  1.269354E-01  1.990642E-01
  8.483646E-01  1.193676E-01  1.904385E-01
  8.587994E-01  1.114525E-01  1.814872E-01
  8.693627E-01  1.032033E-01  1.722174E-01
  8.800558E-01  9.463455E-02  1.626364E-01
  8.908805E-01  8.576209E-02  1.527522E-01
  9.018383E-01  7.660263E-02  1.425728E-01
  9.129310E-01  6.717377E-02  1.321069E-01
  9.241600E-01  5.749368E-02  1.213633E-01
  9.355272E-01  4.758099E-02  1.103512E-01
  9.470342E-01  3.745449E-02  9.908032E-02
  9.586827E-01  2.713294E-02  8.756048E-02
  9.704745E-01  1.663483E-02  7.580187E-02
  9.824113E-01  5.978117E-03  6.381497E-02
  9.944950E-01 -4.819952E-03  5.161053E-02
  1.006727E+00 -1.574311E-02  3.919954E-02
  1.019110E+00 -2.677626E-02  2.659325E-02
  1.031645E+00 -3.790569E-02  1.380312E-02
  1.044334E+00 -4.911921E-02  8.408087E-04
  1.057180E+00 -6.040639E-02 -1.228182E-02
  1.070183E+00 -7.175859E-02 -2.555272E-02
  1.083346E+00 -8.316913E-02 -3.895973E-02
  1.096671E+00 -9.463336E-02 -5.249049E-02
  1.110160E+00 -1.061486E-01 -6.613256E-02
  1.123815E+00 -1.177144E-01 -7.987337E-02
  1.137638E+00 -1.293320E-01 -9.370028E-02
  1.151631E+00 -1.410049E-01 -1.076005E-01
  1.165796E+00 -1.527381E-01 -1.215614E-01
  1.180136E+00 -1.645384E-01 -1.355700E-01
  1.194651E+00 -1.764140E-01 -1.496135E-01
  1.209345E+00 -1.883743E-01 -1.636791E-01
  1.224220E+00 -2.004296E-01 -1.777538E-01
  1.239278E+00 -2.125906E-01 -1.918250E-01
  1.254521E+00 -2.248684E-01 -2.058797E-01
  1.269952E+00 -2.372738E-01 -2.199053E-01
  1.285572E+00 -2.498170E-01 -2.338892E-01
  1.301385E+00 -2.625070E-01 -2.478187E-01
  1.317392E+00 -2.753512E-01 -2.616813E-01
  1.333596E+00 -2.883551E-01 -2.754648E-01
  1.349999E+00 -3.015214E-01 -2.891568E-01
  1.366604E+00 -3.148496E-01 -3.027454E-01
  1.383413E+00 -3.283358E-01 -3.162185E-01
  1.400429E+00 -3.419717E-01 -3.295644E-01
  1.417655E+00 -3.557444E-01 -3.427715E-01
  1.435092E+00 -3.696361E-01 -3.558285E-01
  1.452743E+00 -3.836236E-01 -3.687240E-01
  1.470612E+00 -3.976778E-01 -3.814472E-01
  1.488701E+00 -4.117640E-01 -3.939873E-01
  1.507012E+00 -4.258415E-01 -4.063337E-01
  1.525548E+00 -4.398637E-01 -4.184762E-01
  1.544312E+00 -4.537786E-01 -4.304047E-01
  1.563307E+00 -4.675296E-01 -4.421095E-01
  1.582536E+00 -4.810556E-01 -4.535812E-01
  1.602001E+00 -4.942926E-01 -4.648104E-01
  1.621706E+00 -5.071749E-01 -4.757883E-01
  1.641653E+00 -5.196365E-01 -4.865063E-01
  1.661845E+00 -5.316127E-01 -4.969560E-01
  1.682286E+00 -5.430424E-01 -5.071295E-01
  1.702978E+00 -5.538695E-01 -5.170190E-01
  1.723925E+00 -5.640450E-01 -5.266172E-01
  1.745129E+00 -5.735291E-01 -5.359170E-01
  1.766594E+00 -5.822924E-01 -5.449117E-01
  1.788323E+00 -5.903177E-01 -5.535948E-01
  1.810319E+00 -5.976009E-01 -5.619604E-01
  1.832586E+00 -6.041514E-01 -5.700024E-01
  1.855127E+00 -6.099927E-01 -5.777156E-01
  1.877945E+00 -6.151616E-01 -5.850946E-01
  1.901044E+00 -6.197069E-01 -5.921347E-01
  1.924427E+00 -6.236885E-01 -5.988312E-01
  1.948097E+00 -6.271745E-01 -6.051798E-01
  1.972059E+00 -6.302386E-01 -6.111765E-01
  1.996315E+00 -6.329574E-01 -6.168175E-01
  2.020870E+00 -6.354062E-01 -6.220995E-01
  2.045726E+00 -6.376560E-01 -6.270191E-01
  2.070889E+00 -6.397690E-01 -6.315735E-01
  2.096361E+00 -6.417955E-01 -6.357600E-01
  2.122146E+00 -6.437704E-01 -6.395762E-01
  2.148248E+00 -6.457111E-01 -6.430201E-01
  2.174672E+00 -6.476157E-01 -6.460900E-01
  2.201420E+00 -6.494631E-01 -6.487843E-01
  2.228498E+00 -6.512153E-01 -6.511019E-01
  2.255908E+00 -6.528205E-01 -6.530420E-01
  2.283656E+00 -6.542194E-01 -6.546041E-01
  2.311745E+00 -6.553526E-01 -6.557880E-01
  2.340180E+00 -6.561681E-01 -6.565942E-01
  2.368964E+00 -6.566292E-01 -6.570230E-01
  2.398102E+00 -6.567174E-01 -6.570756E-01
  2.427599E+00 -6.564295E-01 -6.567534E-01
  2.457458E+00 -6.557678E-01 -6.560581E-01
  2.487685E+00 -6.547338E-01 -6.549920E-01
  2.518283E+00 -6.533300E-01 -6.535576E-01
  2.549258E+00 -6.515592E-01 -6.517581E-01
  2.580614E+00 -6.494249E-01 -6.495968E-01
  2.612356E+00 -6.469310E-01 -6.470778E-01
  2.644488E+00 -6.440818E-01 -6.442053E-01
  2.677015E+00 -6.408821E-01 -6.409842E-01
  2.709942E+00 -6.373370E-01 -6.374196E-01
  2.743274E+00 -6.334525E-01 -6.335172E-01
  2.777017E+00 -6.292344E-01 -6.292831E-01
  2.811174E+00 -6.246895E-01 -6.247238E-01
  2.845751E+00 -6.198248E-01 -6.198463E-01
  2.880754E+00 -6.146477E-01 -6.146578E-01
  2.916187E+00 -6.091662E-01 -6.091663E-01
  2.952057E+00 -6.033884E-01 -6.033798E-01
  2.988367E+00 -5.973231E-01 -5.973071E-01
  3.025124E+00 -5.909793E-01 -5.909570E-01
  3.062333E+00 -5.843666E-01 -5.843390E-01
  3.099999E+00 -5.774948E-01 -5.774628E-01
  3.138129E+00 -5.703741E-01 -5.703385E-01
  3.176728E+00 -5.630148E-01 -5.629764E-01
  3.215802E+00 -5.554280E-01 -5.553873E-01
  3.255357E+00 -5.476246E-01 -5.475823E-01
  3.295397E+00 -5.396160E-01 -5.395726E-01
  3.335931E+00 -5.314139E-01 -5.313698E-01
  3.376963E+00 -5.230299E-01 -5.229855E-01
  3.418499E+00 -5.144762E-01 -5.144317E-01
  3.460547E+00 -5.057648E-01 -5.057205E-01
  3.503112E+00 -4.969079E-01 -4.968641E-01
  3.546200E+00 -4.879180E-01 -4.878747E-01
  3.589818E+00 -4.788073E-01 -4.787648E-01
  3.633973E+00 -4.695883E-01 -4.695466E-01
  3.678671E+00 -4.602734E-01 -4.602325E-01
  3.723919E+00 -4.508747E-01 -4.508348E-01
  3.769723E+00 -4.414046E-01 -4.413656E-01
  3.816090E+00 -4.318751E-01 -4.318371E-01
  3.863028E+00 -4.222982E-01 -4.222612E-01
  3.910543E+00 -4.126856E-01 -4.126496E-01
  3.958643E+00 -4.030488E-01 -4.030138E-01
  4.007334E+00 -3.933992E-01 -3.933652E-01
  4.056625E+00 -3.837477E-01 -3.837146E-01
  4.106521E+00 -3.741051E-01 -3.740730E-01
  4.157031E+00 -3.644819E-01 -3.644506E-01
  4.208163E+00 -3.548880E-01 -3.548576E-01
  4.259923E+00 -3.453332E-01 -3.453038E-01
  4.312320E+00 -3.358271E-01 -3.357985E-01
  4.365362E+00 -3.263785E-01 -3.263508E-01
  4.419056E+00 -3.169963E-01 -3.169694E-01
  4.473410E+00 -3.076887E-01 -3.076626E-01
  4.528433E+00 -2.984636E-01 -2.984383E-01
  4.584133E+00 -2.893287E-01 -2.893042E-01
  4.640518E+00 -2.802912E-01 -2.802674E-01
  4.697596E+00 -2.713578E-01 -2.713348E-01
  4.755377E+00 -2.625352E-01 -2.625129E-01
  4.813868E+00 -2.538293E-01 -2.538077E-01
  4.873078E+00 -2.452460E-01 -2.452252E-01
  4.933017E+00 -2.367908E-01 -2.367706E-01
  4.993693E+00 -2.284687E-01 -2.284493E-01
  5.055116E+00 -2.202846E-01 -2.202658E-01
  5.117294E+00 -2.122429E-01 -2.122248E-01
  5.180236E+00 -2.043477E-01 -2.043303E-01
  5.243953E+00 -1.966031E-01 -1.965863E-01
  5.308454E+00 -1.890124E-01 -1.889962E-01
  5.373748E+00 -1.815790E-01 -1.815635E-01
  5.439845E+00 -1.743058E-01 -1.742909E-01
  5.506755E+00 -1.671956E-01 -1.671813E-01
  5.574488E+00 -1.602508E-01 -1.602371E-01
  5.643054E+00 -1.534735E-01 -1.534603E-01
  5.712464E+00 -1.468655E-01 -1.468529E-01
  5.782727E+00 -1.404285E-01 -1.404164E-01
  5.853855E+00 -1.341637E-01 -1.341522E-01
  5.925857E+00 -1.280721E-01 -1.280611E-01
  5.998745E+00 -1.221546E-01 -1.221441E-01
  6.072530E+00 -1.164116E-01 -1.164016E-01
  6.147222E+00 -1.108432E-01 -1.108337E-01
  6.222833E+00 -1.054494E-01 -1.054404E-01
  6.299373E+00 -1.002300E-01 -1.002214E-01
  6.376856E+00 -9.518414E-02 -9.517599E-02
  6.455291E+00 -9.031108E-02 -9.030336E-02
  6.534691E+00 -8.560967E-02 -8.560235E-02
  6.615068E+00 -8.107850E-02 -8.107158E-02
  6.696433E+00 -7.671594E-02 -7.670940E-02
  6.778799E+00 -7.252011E-02 -7.251393E-02
  6.862179E+00 -6.848889E-02 -6.848307E-02
  6.946583E+00 -6.461996E-02 -6.461448E-02
  7.032026E+00 -6.091077E-02 -6.090561E-02
  7.118520E+00 -5.735859E-02 -5.735373E-02
  7.206078E+00 -5.396046E-02 -5.395591E-02
  7.294713E+00 -5.071330E-02 -5.070902E-02
  7.384438E+00 -4.761382E-02 -4.760982E-02
  7.475266E+00 -4.465862E-02 -4.465487E-02
  7.567212E+00 -4.184413E-02 -4.184064E-02
  7.660289E+00 -3.916670E-02 -3.916344E-02
  7.754510E+00 -3.662255E-02 -3.661950E-02
  7.849891E+00 -3.420780E-02 -3.420497E-02
  7.946445E+00 -3.191852E-02 -3.191589E-02
  8.044186E+00 -2.975071E-02 -2.974826E-02
  8.143129E+00 -2.770032E-02 -2.769805E-02
  8.243290E+00 -2.576326E-02 -2.576115E-02
  8.344682E+00 -2.393543E-02 -2.393348E-02
  8.447322E+00 -2.221272E-02 -2.221092E-02
  8.551224E+00 -2.059103E-02 -2.058937E-02
  8.656404E+00 -1.906627E-02 -1.906474E-02
  8.762878E+00 -1.763439E-02 -1.763298E-02
  8.870661E+00 -1.629137E-02 -1.629007E-02
  8.979770E+00 -1.503323E-02 -1.503204E-02
  9.090221E+00 -1.385608E-02 -1.385499E-02
  9.202031E+00 -1.275606E-02 -1.275506E-02
  9.315216E+00 -1.172941E-02 -1.172850E-02
  9.429793E+00 -1.077245E-02 -1.077162E-02
  9.545780E+00 -9.881582E-03 -9.880823E-03
  9.663193E+00 -9.053296E-03 -9.052606E-03
  9.782050E+00 -8.284193E-03 -8.283566E-03
  9.902369E+00 -7.570972E-03 -7.570402E-03
  1.002417E+01 -6.910438E-03 -6.909922E-03
  1.014747E+01 -6.299507E-03 -6.299040E-03
  1.027228E+01 -5.735206E-03 -5.734783E-03
  1.039863E+01 -5.214674E-03 -5.214293E-03
  1.052653E+01 -4.735167E-03 -4.734824E-03
  1.065601E+01 -4.294054E-03 -4.293745E-03
  1.078708E+01 -3.888818E-03 -3.888541E-03
  1.091976E+01 -3.517060E-03 -3.516811E-03
  1.105407E+01 -3.176491E-03 -3.176268E-03
  1.119004E+01 -2.864934E-03 -2.864735E-03
  1.132767E+01 -2.580327E-03 -2.580149E-03
  1.146700E+01 -2.320711E-03 -2.320552E-03
  1.160805E+01 -2.084236E-03 -2.084096E-03
  1.175083E+01 -1.869157E-03 -1.869032E-03
  1.189536E+01 -1.673826E-03 -1.673716E-03
  1.204168E+01 -1.496697E-03 -1.496599E-03
  1.218979E+01 -1.336316E-03 -1.336230E-03
  1.233972E+01 -1.191322E-03 -1.191245E-03
  1.249150E+01 -1.060439E-03 -1.060372E-03
  1.264515E+01 -9.424803E-04 -9.424213E-04
  1.280068E+01 -8.363356E-04 -8.362839E-04
  1.295813E+01 -7.409741E-04 -7.409289E-04
  1.311751E+01 -6.554382E-04 -6.553987E-04
  1.327886E+01 -5.788403E-04 -5.788059E-04
  1.344219E+01 -5.103592E-04 -5.103292E-04
  1.360753E+01 -4.492364E-04 -4.492104E-04
  1.377490E+01 -3.947730E-04 -3.947505E-04
  1.394433E+01 -3.463259E-04 -3.463064E-04
  1.411585E+01 -3.033045E-04 -3.032877E-04
  1.428947E+01 -2.651674E-04 -2.651530E-04
  1.446523E+01 -2.314197E-04 -2.314073E-04
  1.464316E+01 -2.016090E-04 -2.015984E-04
  1.482327E+01 -1.753235E-04 -1.753144E-04
  1.500559E+01 -1.521884E-04 -1.521807E-04
  1.519016E+01 -1.318635E-04 -1.318569E-04
  1.537700E+01 -1.140407E-04 -1.140351E-04
  1.556614E+01 -9.844141E-05 -9.843668E-05
  1.575760E+01 -8.481415E-05 -8.481015E-05
  1.595142E+01 -7.293257E-05 -7.292920E-05
  1.614762E+01 -6.259322E-05 -6.259039E-05
  1.634624E+01 -5.361366E-05 -5.361129E-05
  1.654730E+01 -4.583060E-05 -4.582862E-05
  1.675083E+01 -3.909823E-05 -3.909658E-05
  1.695686E+01 -3.328659E-05 -3.328523E-05
  1.716543E+01 -2.828015E-05 -2.827901E-05
  1.737657E+01 -2.397634E-05 -2.397541E-05
  1.759030E+01 -2.028440E-05 -2.028363E-05
  1.780666E+01 -1.712411E-05 -1.712348E-05
  1.802568E+01 -1.442478E-05 -1.442426E-05
  1.824740E+01 -1.212423E-05 -1.212381E-05
  1.847184E+01 -1.016789E-05 -1.016755E-05
  1.869905E+01 -8.508012E-06 -8.507738E-06
  1.892904E+01 -7.102862E-06 -7.102642E-06
  1.916187E+01 -5.916089E-06 -5.915913E-06
  1.939756E+01 -4.916089E-06 -4.915948E-06
  1.963615E+01 -4.075454E-06 -4.075342E-06
  1.987768E+01 -3.370472E-06 -3.370383E-06
  2.012217E+01 -2.780680E-06 -2.780611E-06
  2.036967E+01 -2.288463E-06 -2.288408E-06
  2.062022E+01 -1.878694E-06 -1.878652E-06
  2.087385E+01 -1.538420E-06 -1.538388E-06
  2.113060E+01 -1.256572E-06 -1.256547E-06
  2.139051E+01 -1.023716E-06 -1.023697E-06
  2.165361E+01 -8.318358E-07 -8.318216E-07
  2.191995E+01 -6.741364E-07 -6.741258E-07
  2.218956E+01 -5.448737E-07 -5.448659E-07
  2.246249E+01 -4.392053E-07 -4.391996E-07
  2.273878E+01 -3.530598E-07 -3.530558E-07
  2.301847E+01 -2.830242E-07 -2.830213E-07
  2.330160E+01 -2.262446E-07 -2.262427E-07
  2.358821E+01 -1.803423E-07 -1.803410E-07
  2.387834E+01 -1.433396E-07 -1.433388E-07
  2.417205E+01 -1.135975E-07 -1.135971E-07
  2.446936E+01 -8.976145E-08 -8.976122E-08
  2.477034E+01 -7.071529E-08 -7.071523E-08
  2.507501E+01 -5.554224E-08 -5.554228E-08
  2.538343E+01 -4.349144E-08 -4.349154E-08
  2.569565E+01 -3.394988E-08 -3.395002E-08
  2.601171E+01 -2.641862E-08 -2.641877E-08
  2.633165E+01 -2.049287E-08 -2.049301E-08
  2.665553E+01 -1.584524E-08 -1.584538E-08
  2.698339E+01 -1.221185E-08 -1.221198E-08
  2.731529E+01 -9.380655E-09 -9.380771E-09
  2.765127E+01 -7.181848E-09 -7.181949E-09
  2.799138E+01 -5.479902E-09 -5.479989E-09
  2.833567E+01 -4.167012E-09 -4.167086E-09
  2.868420E+01 -3.157723E-09 -3.157785E-09
  2.903701E+01 -2.384525E-09 -2.384576E-09
  2.939417E+01 -1.794278E-09 -1.794319E-09
  2.975572E+01 -1.345297E-09 -1.345331E-09
  3.012171E+01 -1.005006E-09 -1.005033E-09
  3.049221E+01 -7.480338E-10 -7.480556E-10
  3.086726E+01 -5.546977E-10 -5.547149E-10
  3.124693E+01 -4.097831E-10 -4.097966E-10
  3.163127E+01 -3.015742E-10 -3.015847E-10
  3.202033E+01 -2.210834E-10 -2.210916E-10
  3.241418E+01 -1.614431E-10 -1.614494E-10
  3.281288E+01 -1.174256E-10 -1.174305E-10
  3.321648E+01 -8.506787E-11 -8.507156E-11
  3.362504E+01 -6.137701E-11 -6.137981E-11
  3.403863E+01 -4.410235E-11 -4.410446E-11
  3.445730E+01 -3.155815E-11 -3.155973E-11
  3.488113E+01 -2.248707E-11 -2.248824E-11
  3.531017E+01 -1.595523E-11 -1.595610E-11
  3.574448E+01 -1.127196E-11 -1.127260E-11
  3.618414E+01 -7.928640E-12 -7.929108E-12
  3.662920E+01 -5.552357E-12 -5.552698E-12
  3.707974E+01 -3.870899E-12 -3.871146E-12
  3.753582E+01 -2.686446E-12 -2.686624E-12
  3.799751E+01 -1.855888E-12 -1.856015E-12
  3.846488E+01 -1.276169E-12 -1.276259E-12
  3.893800E+01 -8.734181E-13 -8.734825E-13
  3.941694E+01 -5.949342E-13 -5.949795E-13
  3.990177E+01 -4.032948E-13 -4.033266E-13
  4.039256E+01 -2.720554E-13 -2.720776E-13
  4.088939E+01 -1.826194E-13 -1.826348E-13
  4.139233E+01 -1.219733E-13 -1.219839E-13
  4.190145E+01 -8.105582E-14 -8.106307E-14
  4.241684E+01 -5.358924E-14 -5.359418E-14
  4.293857E+01 -3.524663E-14 -3.524998E-14
  4.346671E+01 -2.306090E-14 -2.306315E-14
  4.400135E+01 -1.500808E-14 -1.500959E-14
  4.454257E+01 -9.714844E-15 -9.715849E-15
  4.509044E+01 -6.254306E-15 -6.254972E-15
  4.564505E+01 -4.004292E-15 -4.004730E-15
  4.620649E+01 -2.549446E-15 -2.549733E-15
  4.677483E+01 -1.614021E-15 -1.614208E-15
  4.735016E+01 -1.015981E-15 -1.016101E-15
  4.793257E+01 -6.358341E-16 -6.359115E-16
  4.852214E+01 -3.955967E-16 -3.956461E-16
  4.911896E+01 -2.446698E-16 -2.447011E-16
  4.972312E+01 -1.504162E-16 -1.504360E-16
  5.033472E+01 -9.191010E-17 -9.192246E-17
  5.095383E+01 -5.581524E-17 -5.582293E-17
  5.158056E+01 -3.368453E-17 -3.368927E-17
  5.221501E+01 -2.020036E-17 -2.020326E-17
  5.285725E+01 -1.203701E-17 -1.203877E-17
  5.350739E+01  0.000000E+00 -4.417143E-12
  5.416554E+01  0.000000E+00 -3.026825E-12
  5.483177E+01  0.000000E+00 -2.063961E-12
  5.550620E+01  0.000000E+00 -1.400419E-12
  5.618893E+01  0.000000E+00 -9.454304E-13
  5.688005E+01  0.000000E+00 -6.350233E-13
  5.757968E+01  0.000000E+00 -4.243369E-13
  5.828791E+01  0.000000E+00 -2.820754E-13
  5.900485E+01  0.000000E+00 -1.865198E-13
  5.973061E+01  0.000000E+00 -1.226765E-13
  6.046529E+01  0.000000E+00 -8.025019E-14
  6.120902E+01  0.000000E+00 -5.220951E-14
  6.196189E+01  0.000000E+00 -3.377868E-14
  6.272402E+01  0.000000E+00 -2.173177E-14
  6.349553E+01  0.000000E+00 -1.390199E-14
  6.427652E+01  0.000000E+00 -8.842139E-15
  6.506712E+01  0.000000E+00 -5.591203E-15
  6.586745E+01  0.000000E+00 -3.514708E-15
  6.667762E+01  0.000000E+00 -2.196228E-15
  6.749775E+01  0.000000E+00 -1.364073E-15
  6.832797E+01  0.000000E+00 -8.420482E-16
  6.916841E+01  0.000000E+00 -5.165858E-16
  7.001918E+01  0.000000E+00 -3.149348E-16
  7.088042E+01  0.000000E+00 -1.907820E-16
  7.175224E+01  0.000000E+00 -1.148309E-16
  7.263480E+01  0.000000E+00 -6.866730E-17
  7.352820E+01  0.000000E+00 -4.079230E-17
  7.443260E+01  0.000000E+00 -2.407175E-17
  7.534812E+01  0.000000E+00 -1.411030E-17
  7.627490E+01  0.000000E+00  0.000000E+00
  7.721309E+01  0.000000E+00  0.000000E+00
  7.816281E+01  0.000000E+00  0.000000E+00
  7.912421E+01  0.000000E+00  0.000000E+00
