  2.500000000000000E-004  0.392335595082550     
  2.530750000000000E-004  0.392335610017794     
  2.561878225000000E-004  0.392335625322705     
  2.593389327167500E-004  0.392335641006432     
  2.625288015891700E-004  0.392335657271903     
  2.657579058487100E-004  0.392335674517941     
  2.690267280906500E-004  0.392335692660512     
  2.723357568461700E-004  0.392335711735849     
  2.756854866553700E-004  0.392335731761301     
  2.790764181412400E-004  0.392335752754481     
  2.825090580843700E-004  0.392335774733699     
  2.859839194988100E-004  0.392335797717620     
  2.895015217086500E-004  0.392335821725536     
  2.930623904256600E-004  0.392335846777297     
  2.966670578279000E-004  0.392335872893218     
  3.003160626391800E-004  0.392335900094290     
  3.040099502096400E-004  0.392335928402019     
  3.077492725972200E-004  0.392335957838525     
  3.115345886501700E-004  0.392335988426546     
  3.153664640905600E-004  0.392336020189480     
  3.192454715988800E-004  0.392336053151271     
  3.231721908995400E-004  0.392336087336641     
  3.271472088476100E-004  0.392336122770863     
  3.311711195164300E-004  0.392336159480010     
  3.352445242864900E-004  0.392336197490746     
  3.393680319352100E-004  0.392336236830572     
  3.435422587280100E-004  0.392336277527639     
  3.477678285103700E-004  0.392336319610864     
  3.520453728010500E-004  0.392336363109980     
  3.563755308865000E-004  0.392336408055491     
  3.607589499164000E-004  0.392336454478697     
  3.651962850003700E-004  0.392336502411729     
  3.696881993058800E-004  0.392336551887565     
  3.742353641573400E-004  0.392336602940095     
  3.788384591364800E-004  0.392336655604037     
  3.834981721838600E-004  0.392336709915073     
  3.882151997017200E-004  0.392336765909798     
  3.929902466580500E-004  0.392336823625757     
  3.978240266919400E-004  0.392336883101488     
  4.027172622202500E-004  0.392336944376515     
  4.076706845455600E-004  0.392337007491403     
  4.126850339654700E-004  0.392337072487774     
  4.177610598832500E-004  0.392337139408307     
  4.228995209198100E-004  0.392337208296828     
  4.281011850271300E-004  0.392337279198228     
  4.333668296029600E-004  0.392337352158631     
  4.386972416070800E-004  0.392337427225279     
  4.440932176788400E-004  0.392337504446691     
  4.495555642562900E-004  0.392337583872569     
  4.550850976966400E-004  0.392337665553938     
  4.606826443983100E-004  0.392337749543101     
  4.663490409244100E-004  0.392337835893717     
  4.720851341277800E-004  0.392337924660809     
  4.778917812775500E-004  0.392338015900804     
  4.837698501872700E-004  0.392338109671551     
  4.897202193445700E-004  0.392338206032416     
  4.957437780425100E-004  0.392338305044224     
  5.018414265124300E-004  0.392338406769381     
  5.080140760585400E-004  0.392338511271844     
  5.142626491940600E-004  0.392338618617238     
  5.205880797791400E-004  0.392338728872826     
  5.269913131604300E-004  0.392338842107542     
  5.334733063123000E-004  0.392338958392132     
  5.400350279799400E-004  0.392339077799076     
  5.466774588240900E-004  0.392339200402711     
  5.534015915676300E-004  0.392339326279229     
  5.602084311439100E-004  0.392339455506776     
  5.670989948469800E-004  0.392339588165441     
  5.740743124836000E-004  0.392339724337339     
  5.811354265271500E-004  0.392339864106658     
  5.882833922734300E-004  0.392340007559706     
  5.955192779984000E-004  0.392340154784934     
  6.028441651177800E-004  0.392340305873062     
  6.102591483487200E-004  0.392340460917066     
  6.177653358734100E-004  0.392340620012232     
  6.253638495046600E-004  0.392340783256265     
  6.330558248535600E-004  0.392340950749343     
  6.408424114992600E-004  0.392341122594100     
  6.487247731607000E-004  0.392341298895785     
  6.567040878705800E-004  0.392341479762263     
  6.647815481513900E-004  0.392341665304114     
  6.729583611936501E-004  0.392341855634681     
  6.812357490363300E-004  0.392342050870138     
  6.896149487494800E-004  0.392342251129562     
  6.980972126191000E-004  0.392342456535021     
  7.066838083343100E-004  0.392342667211632     
  7.153760191768200E-004  0.392342883287623     
  7.241751442127000E-004  0.392343104894430     
  7.330824984865200E-004  0.392343332166787     
  7.420994132179000E-004  0.392343565242788     
  7.512272360004800E-004  0.392343804263953     
  7.604673310032900E-004  0.392344049375349     
  7.698210791746300E-004  0.392344300725669     
  7.792898784484700E-004  0.392344558467306     
  7.888751439533900E-004  0.392344822756434     
  7.985783082240200E-004  0.392345093753151     
  8.084008214151700E-004  0.392345371621539     
  8.183441515185799E-004  0.392345656529746     
  8.284097845822599E-004  0.392345948650134     
  8.385992249326200E-004  0.392346248159352     
  8.489139953992900E-004  0.392346555238440     
  8.593556375427000E-004  0.392346870072952     
  8.699257118844800E-004  0.392347192853055     
  8.806257981406600E-004  0.392347523773664     
  8.914574954577900E-004  0.392347863034532     
  9.024224226519200E-004  0.392348210840388     
  9.135222184505400E-004  0.392348567401048     
  9.247585417374800E-004  0.392348932931559     
  9.361330718008500E-004  0.392349307652305     
  9.476475085840000E-004  0.392349691789159     
  9.593035729395800E-004  0.392350085573611     
  9.711030068867399E-004  0.392350489242896     
  9.830475738714501E-004  0.392350903040162     
  9.951390590300601E-004  0.392351327214604     
  1.007379269456100E-003  0.392351762021610     
  1.019770034470400E-003  0.392352207722877     
  1.032313205894400E-003  0.392352664586634     
  1.045010658326900E-003  0.392353132887811     
  1.057864289424400E-003  0.392353612908067     
  1.070876020184300E-003  0.392354104936265     
  1.084047795232500E-003  0.392354609268270     
  1.097381583113900E-003  0.392355126207228     
  1.110879376586200E-003  0.392355656064033     
  1.124543192918200E-003  0.392356199157175     
  1.138375074191100E-003  0.392356755813058     
  1.152377087603700E-003  0.392357326366193     
  1.166551325781200E-003  0.392357911159502     
  1.180899907088300E-003  0.392358510544276     
  1.195424975945500E-003  0.392359124880593     
  1.210128703149600E-003  0.392359754537522     
  1.225013286198300E-003  0.392360399893229     
  1.240080949618600E-003  0.392361061335224     
  1.255333945298900E-003  0.392361739260823     
  1.270774552826100E-003  0.392362434077030     
  1.286405079825800E-003  0.392363146201097     
  1.302227862307700E-003  0.392363876060447     
  1.318245265014100E-003  0.392364624093316     
  1.334459681773700E-003  0.392365390748774     
  1.350873535859600E-003  0.392366176486863     
  1.367489280350600E-003  0.392366981779380     
  1.384309398498900E-003  0.392367807109524     
  1.401336404100500E-003  0.392368652972613     
  1.418572841870900E-003  0.392369519876372     
  1.436021287825900E-003  0.392370408340966     
  1.453684349666200E-003  0.392371318899530     
  1.471564667167100E-003  0.392372252098504     
  1.489664912573200E-003  0.392373208497860     
  1.507987790997900E-003  0.392374188671380     
  1.526536040827200E-003  0.392375193207247     
  1.545312434129300E-003  0.392376222708227     
  1.564319777069100E-003  0.392377277791918     
  1.583560910327100E-003  0.392378359091381     
  1.603038709524100E-003  0.392379467255429     
  1.622756085651200E-003  0.392380602948912     
  1.642715985504800E-003  0.392381766853140     
  1.662921392126500E-003  0.392382959666543     
  1.683375325249600E-003  0.392384182104756     
  1.704080841750200E-003  0.392385434901160     
  1.725041036103700E-003  0.392386718807483     
  1.746259040847800E-003  0.392388034594014     
  1.767738027050200E-003  0.392389383050279     
  1.789481204782900E-003  0.392390764985345     
  1.811491823601800E-003  0.392392181228381     
  1.833773173032100E-003  0.392393632629264     
  1.856328583060400E-003  0.392395120058888     
  1.879161424632000E-003  0.392396644409851     
  1.902275110155000E-003  0.392398206596864     
  1.925673094009900E-003  0.392399807557468     
  1.949358873066200E-003  0.392401448252462     
  1.973335987204900E-003  0.392403129666528     
  1.997608019847500E-003  0.392404852808848     
  2.022178598491700E-003  0.392406618713651     
  2.047051395253100E-003  0.392408428441010     
  2.072230127414700E-003  0.392410283077215     
  2.097718557981900E-003  0.392412183735646     
  2.123520496245100E-003  0.392414131557363     
  2.149639798348900E-003  0.392416127711841     
  2.176080367868600E-003  0.392418173397601     
  2.202846156393400E-003  0.392420269843020     
  2.229941164117000E-003  0.392422418307053     
  2.257369440435700E-003  0.392424620079912     
  2.285135084553000E-003  0.392426876484056     
  2.313242246093000E-003  0.392429188874720     
  2.341695125720000E-003  0.392431558640943     
  2.370497975766300E-003  0.392433987206407     
  2.399655100868300E-003  0.392436476030105     
  2.429170858608900E-003  0.392439026607541     
  2.459049660169800E-003  0.392441640471295     
  2.489295970989900E-003  0.392444319192236     
  2.519914311433100E-003  0.392447064380333     
  2.550909257463700E-003  0.392449877685701     
  2.582285441330500E-003  0.392452760799530     
  2.614047552258900E-003  0.392455715455185     
  2.646200337151700E-003  0.392458743429261     
  2.678748601298600E-003  0.392461846542649     
  2.711697209094600E-003  0.392465026661576     
  2.745051084766500E-003  0.392468285698891     
  2.778815213109100E-003  0.392471625615152     
  2.812994640230400E-003  0.392475048419765     
  2.847594474305200E-003  0.392478556172369     
  2.882619886339100E-003  0.392482150983935     
  2.918076110941100E-003  0.392485835018117     
  2.953968447105700E-003  0.392489610492640     
  2.990302259005100E-003  0.392493479680586     
  3.027082976790900E-003  0.392497444911783     
  3.064316097405400E-003  0.392501508574303     
  3.102007185403500E-003  0.392505673115827     
  3.140161873783900E-003  0.392509941045258     
  3.178785864831500E-003  0.392514314934130     
  3.217884930968900E-003  0.392518797418364     
  3.257464915619800E-003  0.392523391199714     
  3.297531734081900E-003  0.392528099047536     
  3.338091374411100E-003  0.392532923800451     
  3.379149898316400E-003  0.392537868368103     
  3.420713442065700E-003  0.392542935732982     
  3.462788217403100E-003  0.392548128952213     
  3.505380512477200E-003  0.392553451159453     
  3.548496692780600E-003  0.392558905566892     
  3.592143202101800E-003  0.392564495467107     
  3.636326563487700E-003  0.392570224235219     
  3.681053380218600E-003  0.392576095330956     
  3.726330336795300E-003  0.392582112300742     
  3.772164199937900E-003  0.392588278779942     
  3.818561819597100E-003  0.392594598495112     
  3.865530129978100E-003  0.392601075266281     
  3.913076150576900E-003  0.392607713009326     
  3.961206987229000E-003  0.392614515738479     
  4.009929833171900E-003  0.392621487568721     
  4.059251970119900E-003  0.392628632718387     
  4.109180769352400E-003  0.392635955511787     
  4.159723692815400E-003  0.392643460381928     
  4.210888294237000E-003  0.392651151873219     
  4.262682220256100E-003  0.392659034644346     
  4.315113211565300E-003  0.392667113471169     
  4.368189104067500E-003  0.392675393249742     
  4.421917830047600E-003  0.392683878999272     
  4.476307419357200E-003  0.392692575865399     
  4.531366000615300E-003  0.392701489123304     
  4.587101802422800E-003  0.392710624181074     
  4.643523154592600E-003  0.392719986583040     
  4.700638489394100E-003  0.392729582013320     
  4.758456342813700E-003  0.392739416299345     
  4.816985355830300E-003  0.392749495415553     
  4.876234275707000E-003  0.392759825487101     
  4.936211957298200E-003  0.392770412793748     
  4.996927364372900E-003  0.392781263773820     
  5.058389570954700E-003  0.392792385028217     
  5.120607762677500E-003  0.392803783324640     
  5.183591238158400E-003  0.392815465601844     
  5.247349410387800E-003  0.392827438973961     
  5.311891808135500E-003  0.392839710735100     
  5.377228077375600E-003  0.392852288363838     
  5.443367982727300E-003  0.392865179528067     
  5.510321408914900E-003  0.392878392089761     
  5.578098362244500E-003  0.392891934110033     
  5.646708972100100E-003  0.392905813854160     
  5.716163492456900E-003  0.392920039796902     
  5.786472303414200E-003  0.392934620627822     
  5.857645912746200E-003  0.392949565256878     
  5.929694957472900E-003  0.392964882820014     
  6.002630205449900E-003  0.392980582684960     
  6.076462556976900E-003  0.392996674457296     
  6.151203046427700E-003  0.393013167986436     
  6.226862843898800E-003  0.393030073371972     
  6.303453256878700E-003  0.393047400970112     
  6.380985731938300E-003  0.393065161400223     
  6.459471856441200E-003  0.393083365551652     
  6.538923360275400E-003  0.393102024590670     
  6.619352117606800E-003  0.393121149967545     
  6.700770148653300E-003  0.393140753423908     
  6.783189621481800E-003  0.393160847000178     
  6.866622853826000E-003  0.393181443043333     
  6.951082314928100E-003  0.393202554214700     
  7.036580627401700E-003  0.393224193498112     
  7.123130569118700E-003  0.393246374208148     
  7.210745075118900E-003  0.393269109998641     
  7.299437239542800E-003  0.393292414871432     
  7.389220317589200E-003  0.393316303185236     
  7.480107727495600E-003  0.393340789664873     
  7.572113052543800E-003  0.393365889410631     
  7.665250043090100E-003  0.393391617907888     
  7.759532618620100E-003  0.393417991037002     
  7.854974869829100E-003  0.393445025083419     
  7.951591060728000E-003  0.393472736748046     
  8.049395630774900E-003  0.393501143157898     
  8.148403197033499E-003  0.393530261876952     
  8.248628556357000E-003  0.393560110917380     
  8.350086687600200E-003  0.393590708750918     
  8.452792753857701E-003  0.393622074320628     
  8.556762104730100E-003  0.393654227052905     
  8.662010278618300E-003  0.393687186869753     
  8.768553005045299E-003  0.393720974201426     
  8.876406207007300E-003  0.393755609999313     
  8.985586003353500E-003  0.393791115749144     
  9.096108711194800E-003  0.393827513484562     
  9.207990848342500E-003  0.393864825800969     
  9.321249135777100E-003  0.393903075869710     
  9.435900500147100E-003  0.393942287452618     
  9.551962076299001E-003  0.393982484916860     
  9.669451209837400E-003  0.394023693250228     
  9.788385459718401E-003  0.394065938076630     
  9.908782600873000E-003  0.394109245672105     
  1.003066062686400E-002  0.394153642981104     
  1.015403775257400E-002  0.394199157633277     
  1.027893241693100E-002  0.394245817960292     
  1.040536328565900E-002  0.394293653013698     
  1.053334925407300E-002  0.394342692582390     
  1.066290944989800E-002  0.394392967211251     
  1.079406323613100E-002  0.394444508219593     
  1.092683021393600E-002  0.394497347720185     
  1.106123022556700E-002  0.394551518639261     
  1.119728335734200E-002  0.394607054735876     
  1.133500994263700E-002  0.394663990622894     
  1.147443056493200E-002  0.394722361787357     
  1.161556606088000E-002  0.394782204612324     
  1.175843752342900E-002  0.394843556398127     
  1.190306630496700E-002  0.394906455385167     
  1.204947402051800E-002  0.394970940776344     
  1.219768255097100E-002  0.395037052760436     
  1.234771404634800E-002  0.395104832536001     
  1.249959092911800E-002  0.395174322335447     
  1.265333589754600E-002  0.395245565449981     
  1.280897192908600E-002  0.395318606254937     
  1.296652228381300E-002  0.395393490235809     
  1.312601050790400E-002  0.395470264014444     
  1.328746043715200E-002  0.395548975376402     
  1.345089620052800E-002  0.395629673298621     
  1.361634222379500E-002  0.395712407977197     
  1.378382323314800E-002  0.395797230856877     
  1.395336425891500E-002  0.395884194660231     
  1.412499063930000E-002  0.395973353417693     
  1.429872802416300E-002  0.396064762498777     
  1.447460237886100E-002  0.396158478643171     
  1.465263998812100E-002  0.396254559993382     
  1.483286745997500E-002  0.396353066127326     
  1.501531172973200E-002  0.396454058092290     
  1.520000006400800E-002  0.396557598439177     
  1.538696006479500E-002  0.396663751258113     
  1.557621967359200E-002  0.396772582214255     
  1.576780717557700E-002  0.396884158584959     
  1.596175120383700E-002  0.396998549297494     
  1.615808074364400E-002  0.397115824967978     
  1.635682513679100E-002  0.397236057940888     
  1.655801408597400E-002  0.397359322329918     
  1.676167765923100E-002  0.397485694059703     
  1.696784629444000E-002  0.397615250908395     
  1.717655080386100E-002  0.397748072551870     
  1.738782237874900E-002  0.397884240608371     
  1.760169259400700E-002  0.398023838685106     
  1.781819341291400E-002  0.398166952425272     
  1.803735719189200E-002  0.398313669557223     
  1.825921668535300E-002  0.398464079944011     
  1.848380505058200E-002  0.398618275635368     
  1.871115585270500E-002  0.398776350920025     
  1.894130306969300E-002  0.398938402380623     
  1.917428109745000E-002  0.399104528949221     
  1.941012475494900E-002  0.399274831965041     
  1.964886928943500E-002  0.399449415233742     
  1.989055038169500E-002  0.399628385088313     
  2.013520415138900E-002  0.399811850451955     
  2.038286716245200E-002  0.399999922902635     
  2.063357642855000E-002  0.400192716740097     
  2.088736941862100E-002  0.400390349054216     
  2.114428406247000E-002  0.400592939796031     
  2.140435875643800E-002  0.400800611850767     
  2.166763236914300E-002  0.401013491113075     
  2.193414424728300E-002  0.401231706564949     
  2.220393422152500E-002  0.401455390355572     
  2.247704261244900E-002  0.401684677884345     
  2.275351023658200E-002  0.401919707885940     
  2.303337841249200E-002  0.402160622518613     
  2.331668896696600E-002  0.402407567455013     
  2.360348424126000E-002  0.402660691976065     
  2.389380709742700E-002  0.402920149067856     
  2.418770092472600E-002  0.403186095521539     
  2.448520964610000E-002  0.403458692036821     
  2.478637772474700E-002  0.403738103328351     
  2.509125017076100E-002  0.404024498235934     
  2.539987254786100E-002  0.404318049838116     
  2.571229098020000E-002  0.404618935569558     
  2.602855215925700E-002  0.404927337342240     
  2.634870335081500E-002  0.405243441670576     
  2.667279240203100E-002  0.405567439800396     
  2.700086774857500E-002  0.405899527842685     
  2.733297842188300E-002  0.406239906910842     
  2.766917405647200E-002  0.406588783263244     
  2.800950489736700E-002  0.406946368449741     
  2.835402180760400E-002  0.407312879463377     
  2.870277627583800E-002  0.407688538896637     
  2.905582042403100E-002  0.408073575103148     
  2.941320701524600E-002  0.408468222364271     
  2.977498946153400E-002  0.408872721061164     
  3.014122183191100E-002  0.409287317852603     
  3.051195886044300E-002  0.409712265858250     
  3.088725595442700E-002  0.410147824847947     
  3.126716920266600E-002  0.410594261437295     
  3.165175538385900E-002  0.411051849289177     
  3.204107197508000E-002  0.411520869322183     
  3.243517716037400E-002  0.412001609925410     
  3.283412983944600E-002  0.412494367180548     
  3.323798963647200E-002  0.412999445090746     
  3.364681690900000E-002  0.413517155817364     
  3.406067275698100E-002  0.414047819923864     
  3.447961903189200E-002  0.414591766628112     
  3.490371834598400E-002  0.415149334062540     
  3.533303408164000E-002  0.415720869542887     
  3.576763040084400E-002  0.416306729845802     
  3.620757225477400E-002  0.416907281495335     
  3.665292539350800E-002  0.417522901058952     
  3.710375637584800E-002  0.418153975453291     
  3.756013257927100E-002  0.418800902259867     
  3.802212220999600E-002  0.419464090051347     
  3.848979431317900E-002  0.420143958728555     
  3.896321878323100E-002  0.420840939868741     
  3.944246637426500E-002  0.421555477085432     
  3.992760871066800E-002  0.422288026400417     
  4.041871829780900E-002  0.423039056628121     
  4.091586853287200E-002  0.423809049773099     
  4.141913371582700E-002  0.424598501440920     
  4.192858906053100E-002  0.425407921263140     
  4.244431070597600E-002  0.426237833336608     
  4.296637572766000E-002  0.427088776678181     
  4.349486214911000E-002  0.427961305694893     
  4.402984895354400E-002  0.428855990670493     
  4.457141609567200E-002  0.429773418269037     
  4.511964451364900E-002  0.430714192055986     
  4.567461614116700E-002  0.431678933037812     
  4.623641391970300E-002  0.432668280220557     
  4.680512181091600E-002  0.433682891188310     
  4.738082480919000E-002  0.434723442702476     
  4.796360895434300E-002  0.435790631322392     
  4.855356134448100E-002  0.436885174048572     
  4.915077014901900E-002  0.438007808989173     
  4.975532462185100E-002  0.439159296051018     
  5.036731511470000E-002  0.440340417655675     
  5.098683309061100E-002  0.441551979482379     
  5.161397113762600E-002  0.442794811238260     
  5.224882298261800E-002  0.444069767457500     
  5.289148350530500E-002  0.445377728330338     
  5.354204875242000E-002  0.446719600563670     
  5.420061595207500E-002  0.448096318273983     
  5.486728352828500E-002  0.449508843914683     
  5.554215111568300E-002  0.450958169238815     
  5.622531957440600E-002  0.452445316299126     
  5.691689100517100E-002  0.453971338486838     
  5.761696876453500E-002  0.455537321610998     
  5.832565748033800E-002  0.457144385020277     
  5.904306306734700E-002  0.458793682768849     
  5.976929274307500E-002  0.460486404828833     
  6.050445504381500E-002  0.462223778350767     
  6.124865984085400E-002  0.464007068974926     
  6.200201835689600E-002  0.465837582195358     
  6.276464318268600E-002  0.467716664779252     
  6.353664829383300E-002  0.469645706244228     
  6.431814906784700E-002  0.471626140396047     
  6.510926230138200E-002  0.473659446929715     
  6.591010622768900E-002  0.475747153096891     
  6.672080053428900E-002  0.477890835442616     
  6.754146638086100E-002  0.480092121614710     
  6.837222641734600E-002  0.482352692249301     
  6.921320480227899E-002  0.484674282935941     
  7.006452722134700E-002  0.487058686266160     
  7.092632090617000E-002  0.489507753969524     
  7.179871465331600E-002  0.492023399141254     
  7.268183884355101E-002  0.494607598565833     
  7.357582546132700E-002  0.497262395141215     
  7.448080811450100E-002  0.499989900408655     
  7.539692205431001E-002  0.502792297192952     
  7.632430419557799E-002  0.505671842358871     
  7.726309313718301E-002  0.508630869689064     
  7.821342918277099E-002  0.511671792889672     
  7.917545436171899E-002  0.514797108729891     
  8.014931245036799E-002  0.518009400321879     
  8.113514899350700E-002  0.521311340548241     
  8.213311132612799E-002  0.524705695644199     
  8.314334859543900E-002  0.528195328942372     
  8.416601178316301E-002  0.531783204787962     
  8.520125372809600E-002  0.535472392633288     
  8.624922914895100E-002  0.539266071320387     
  8.731009466748300E-002  0.543167533561265     
  8.838400883189300E-002  0.547180190625889     
  8.947113214052600E-002  0.551307577248296     
  9.057162706585400E-002  0.555553356762098     
  9.168565807876400E-002  0.559921326476881     
  9.281339167313300E-002  0.564415423308098     
  9.395499639071300E-002  0.569039729673242     
  9.511064284631800E-002  0.573798479668147     
  9.628050375332800E-002  0.578696065537737     
  9.746475394949400E-002  0.583737044456721     
  9.866357042307300E-002  0.588926145635995     
  9.987713233927600E-002  0.594268277771969     
  0.101105621067050       0.599768536856486     
  0.102349220206170       0.605432214366534     
  0.103608115614710       0.611264805852862     
  0.104882495436770       0.617272019950004     
  0.106172550130640       0.623459787827725     
  0.107478472497250       0.629834273109101     
  0.108800457708970       0.636401882279120     
  0.110138703338790       0.643169275609519     
  0.111493409389850       0.650143378627634     
  0.112864778325350       0.657331394157895     
  0.114253015098750       0.664740814967568     
  0.115658327184470       0.672379437046501     
  0.117080924608830       0.680255373557919     
  0.118521019981520       0.688377069492721     
  0.119978828527300       0.696753317068589     
  0.121454568118180       0.705393271910887     
  0.122948459306040       0.714306470057842     
  0.124460725355500       0.723502845836579     
  0.125991592277370       0.732992750652904     
  0.127541288862380       0.742786972747625     
  0.129110046715390       0.752896757969007     
  0.130698100289990       0.763333831617181     
  0.132305686923560       0.774110421417363     
  0.133933046872720       0.785239281683482     
  0.135580423349250       0.796733718735293     
  0.137248062556450       0.808607617636737     
  0.138936213725890       0.820875470327111     
  0.140645129154720       0.833552405217725     
  0.142375064243320       0.846654218335245     
  0.144126277533520       0.860197406091636     
  0.145899030747180       0.874199199770127     
  0.147693588825370       0.888677601815650     
  0.149510219967920       0.903651424028452     
  0.151349195673530       0.919140327759346     
  0.153210790780310       0.935164866213888     
  0.155095283506910       0.951746528974402     
  0.157002955494040       0.968907788858527     
  0.158934091846620       0.986672151233081     
  0.160888981176330        1.00506420591348     
  0.162867915644800        1.02410968177899     
  0.164871191007230        1.04383550424571     
  0.166899106656620        1.06426985574028     
  0.168951965668500        1.08544223932739     
  0.171030074846220        1.10738354564812     
  0.173133744766830        1.13012612333301     
  0.175263289827460        1.15370385306157     
  0.177419028292340        1.17815222544352     
  0.179601282340340        1.20350842290642     
  0.181810378113120        1.22981140577810     
  0.184046645763910        1.25710200275897     
  0.186310419506810        1.28542300598674     
  0.188602037666740        1.31481927089832     
  0.190921842730040        1.34533782110026     
  0.193270181395620        1.37702795846457     
  0.195647404626790        1.40994137866763     
  0.198053867703700        1.44413229239486     
  0.200489930276450        1.47965755243416     
  0.202955956418850        1.51657678688234     
  0.205452314682810        1.55495253868814     
  0.207979378153400        1.59485041175150     
  0.210537524504690        1.63633922379323     
  0.213127136056100        1.67949116620785     
  0.215748599829590        1.72438197109353     
  0.218402307607490        1.77109108564868     
  0.221088655991070        1.81970185410349     
  0.223808046459760        1.87030170733780     
  0.226560885431210        1.92298236030714     
  0.229347584322010        1.97784001737497     
  0.232168559609180        2.03497558560833     
  0.235024232892370        2.09449489605473     
  0.237915030956940        2.15650893296410     
  0.240841385837710        2.22113407086787     
  0.243803734883520        2.28849231935378     
  0.246802520822590        2.35871157529919     
  0.249838191828700        2.43192588223568     
  0.252911201588200        2.50827569641464     
  0.256022009367730        2.58790815902950     
  0.259171080082950        2.67097737390839     
  0.262358884367970        2.75764468985235     
  0.265585898645700        2.84807898661370     
  0.268852605199040        2.94245696332327     
  0.272159492242990        3.04096342795733     
  0.275507053997580        3.14379158619831     
  0.278895790761750        3.25114332777036     
  0.282326208988120        3.36322950803665     
  0.285798821358670        3.48027022231291     
  0.289314146861390        3.60249506998486     
  0.292872710867780        3.73014340511859     
  0.296475045211450        3.86346456980079     
  0.300121688267560        4.00271810597299     
  0.303813185033250        4.14817394098446     
  0.307550087209150        4.30011254151364     
  0.311332953281830        4.45882502988983     
  0.315162348607190        4.62461325617074     
  0.319038845495060        4.79778981860067     
  0.322963023294650        4.97867802431947     
  0.326935468481180        5.16761178135242     
  0.330956774743490        5.36493541205926     
  0.335027543072840        5.57100337729907     
  0.339148381852640        5.78617989963603     
  0.343319906949420        6.01083847291619     
  0.347542741804900        6.24536124456268     
  0.351817517529100        6.49013825592923     
  0.356144872994710        6.74556652504267     
  0.360525454932540        7.01204895510450     
  0.364959918028210        7.28999305118098     
  0.369448925019960        7.57980942666483     
  0.373993146797710        7.88191008032710     
  0.378593262503320        8.19670642416455     
  0.383249959632110        8.52460704179796     
  0.387963934135580        8.86601515695314     
  0.392735890525450        9.22132579158411     
  0.397566541978910        9.59092259356068     
  0.402456610445260        9.97517431455362     
  0.407406826753730        10.3744309199244     
  0.412417930722800        10.7890193140506     
  0.417490671270690        11.2192386667578     
  0.422625806527320        11.6653553293268     
  0.427824103947610        12.1275973320900     
  0.433086340426160        12.6061484598968     
  0.438413302413410        13.1011419068208     
  0.443805786033090        13.6126535174734     
  0.449264597201300        14.1406946291734     
  0.454790551746870        14.6852045371612     
  0.460384475533360        15.2460426139353     
  0.466047204582420        15.8229801238265     
  0.471779585198780        16.4156917849615     
  0.477582474096730        17.0237471429567     
  0.483456738528120        17.6466018338913     
  0.489403256412020        18.2835888283307     
  0.495422916465880        18.9339097633572     
  0.501516618338410        19.5966264854940     
  0.507685272743980        20.2706529440381     
  0.513929801598730        20.9547475912691     
  0.520251138158390        21.6475064631040     
  0.526650227157740        22.3473571305802     
  0.533128024951780        23.0525537286027     
  0.539685499658690        23.7611732831430     
  0.546323631304490        24.4711135708348     
  0.553043411969530        25.1800927547616     
  0.559845845936760        25.8856510461883     
  0.566731949841780        26.5851546426565     
  0.573702752824830        27.2758021865844     
  0.580759296684580        27.9546339732357     
  0.587902636033800        28.6185441099611     
  0.595133838457020        29.2642957869020     
  0.602453984670040        29.8885397594211     
  0.609864168681480        30.4878360608403     
  0.617365497956260        31.0586788582770     
  0.624959093581120        31.5975242344583     
  0.632646090432170        32.1008205294650     
  0.640427637344490        32.5650407212307     
  0.648304897283820        32.9867161853944     
  0.656279047520410        33.3624710872350     
  0.664351279804920        33.6890566600967     
  0.672522800546520        33.9633847492749     
  0.680794830993240        34.1825602579548     
  0.689168607414460        34.3439124911712     
  0.697645381285650        34.4450257737899     
  0.706226419475470        34.4837700004199     
  0.714913004435010        34.4583318378505     
  0.723706434389570        34.3672470693888     
  0.732608023532560        34.2094340578589     
  0.741619102222010        33.9842276179065     
  0.750741017179340        33.6914119019781     
  0.759975131690640        33.3312503952896     
  0.769322825810440        32.9045109039804     
  0.778785496567910        32.4124835348980     
  0.788364558175690        31.8569900440157     
  0.798061442241250        31.2403834605463     
  0.807877597980820        30.5655374577688     
  0.817814492435990        29.8358254527605     
  0.827873610692950        29.0550898326776     
  0.838056456104470        28.2276020194292     
  0.848364550514560        27.3580143140673     
  0.858799434485880        26.4513046300859     
  0.869362667530060        25.5127153511064     
  0.880055828340680        24.5476876457120     
  0.890880515029270        23.5617926456076     
  0.901838345364130        22.5606609427046     
  0.912930957012110        21.5499118828366     
  0.924160007783360        20.5350841245705     
  0.935527175879090        19.5215688874905     
  0.947034160142410        18.5145472334758     
  0.958682680312160        17.5189326069167     
  0.970474477280000        16.5393197076516     
  0.982411313350540        15.5799405878453     
  0.994494972504750        14.6446286568456     
   1.00672726066660        13.7367910535466     
   1.01911000597280        12.8593896120440     
   1.03164505904620        12.0149304181703     
   1.04433429327250        11.2054616943856     
   1.05717960507970        10.4325796170047     
   1.07018291422220        9.69744141797770     
   1.08334616406720        9.00078488366199     
   1.09667132188520        8.34295355694934     
   1.11016037914440        7.72392644688178     
   1.12381535180780        7.14335129617360     
   1.13763828063510        6.60058034148430     
   1.15163123148690        6.09470754404913     
   1.16579629563420        5.62460632621972     
   1.18013559007050        5.18896693377516     
   1.19465125782840        4.78633264838195     
   1.20934546829960        4.41513419327861     
   1.22422041755970        4.07372180174764     
   1.23927832869570        3.76039454645441     
   1.25452145213870        3.47342665293812     
   1.26995206600000        3.21109063820029     
   1.28557247641180        2.97167722192918     
   1.30138501787160        2.75351205113918     
   1.31739205359150        2.55496935745806     
   1.33359597585060        2.37448272958090     
   1.34999920635360        2.21055323188043     
   1.36660419659170        2.06175513503722     
   1.38341342820980        1.92673954740877     
   1.40042941337680        1.80423624882311     
   1.41765469516130        1.69305403347336     
   1.43509184791180        1.59207986729193     
   1.45274347764110        1.50027715830979     
   1.47061222241610        1.41668342564741     
   1.48870075275180        1.34040763236427     
   1.50701177201070        1.27062741722387     
   1.52554801680640        1.20658641892186     
   1.54431225741310        1.14759183375432     
   1.56330729817930        1.09301228720124     
   1.58253597794690        1.04227603714406     
   1.60200117047570       0.994869468267363     
   1.62170578487250       0.950335789447017     
   1.64165276602650       0.908273811837863     
   1.66184509504860       0.868336665332404     
   1.68228578971770       0.830230303661903     
   1.70297790493120       0.793711652185007     
   1.72392453316190       0.758586266856148     
   1.74512880491980       0.724705398562258     
   1.76659388922030       0.691962394534072     
   1.78832299405770       0.660288417161131     
   1.81031936688460       0.629647517222052     
   1.83258629509730       0.600031157814961     
   1.85512710652700       0.571452340040059     
   1.87794516993720       0.543939524526138     
   1.90104389552750       0.517530568499001     
   1.92442673544250       0.492266899938198     
   1.94809718428840       0.468188163508448     
   1.97205877965520       0.445327452019360     
   1.99631510264490       0.423707341037426     
   2.02086977840740       0.403336768271159     
   2.04572647668190       0.384208817379512     
   2.07088891234500       0.366299423062425     
   2.09636084596690       0.349566998242359     
   2.12214608437230       0.333952984087124     
   2.14824848121010       0.319383334068336     
   2.17467193752890       0.305770951784823     
   2.20142040236050       0.293019091437127     
   2.22849787330960       0.281025682033328     
   2.25590839715130       0.269688439170013     
   2.28365607043630       0.258910475802104     
   2.31174504010260       0.248605916088150     
   2.34017950409590       0.238704734193442     
   2.36896371199630       0.229155766695743     
   2.39810196565380       0.219926638223297     
   2.42759861983140       0.210998102173103     
   2.45745808285530       0.202356117642573     
   2.48768481727440       0.193987837980762     
   2.51828334052690       0.185881993349360     
   2.54925822561540       0.178028636717097     
   2.58061410179040       0.170418923980072     
   2.61235565524240       0.163044998134252     
   2.64448762980190       0.155899865679058     
   2.67701482764850       0.148977285718228     
   2.70994211002860       0.142271668750423     
   2.74327439798190       0.135777984547778     
   2.77701667307710       0.129491678331644     
   2.81117397815590       0.123408594965074     
   2.84575141808730       0.117524910330625     
   2.88075416052970       0.111837069611129     
   2.91618743670430       0.106341731925591     
   2.95205654217570       0.101035720904700     
   2.98836683764450       9.591598066404279E-002
   3.02512374974750       9.097953706401854E-002
   3.06233277186940       8.622346358558630E-002
   3.09999946496340       8.164485169041540E-002
   3.13812945838240       7.724078531478731E-002
   3.17672845072050       7.300831921725025E-002
   3.21580221066440       6.894446078500768E-002
   3.25535657785560       6.504615529136597E-002
   3.29539746376320       6.131027419929463E-002
   3.33593085256750       5.773360634525873E-002
   3.37696280205410       5.431285177867351E-002
   3.41849944451930       5.104461809476541E-002
   3.46054698768690       4.792541906346950E-002
   3.50311171563550       4.495167534237143E-002
   3.54619998973780       4.211971714404258E-002
   3.58981824961160       3.942578865892258E-002
   3.63397301408180       3.686605399675914E-002
   3.67867088215500       3.443660451893495E-002
   3.72391853400550       3.213346737453973E-002
   3.76972273197380       2.995261506763302E-002
   3.81609032157700       2.788997579531929E-002
   3.86302823253240       2.594144446026742E-002
   3.91054347979260       2.410289409917615E-002
   3.95864316459400       2.237018760664796E-002
   4.00733447551850       2.073918957947603E-002
   4.05662468956740       1.920577805685306E-002
   4.10652117324910       1.776585611078829E-002
   4.15703138368010       1.641536305866717E-002
   4.20816286969930       1.515028523332662E-002
   4.25992327299660       1.396666617069880E-002
   4.31232032925450       1.286061615552225E-002
   4.36536186930430       1.182832103372959E-002
   4.41905582029680       1.086605023597649E-002
   4.47341020688640       9.970164005246921E-003
   4.52843315243110       9.137119737577824E-003
   4.58413288020600       8.363477480864532E-003
   4.64051771463260       7.645904596060550E-003
   4.69759608252250       6.981179567193482E-003
   4.75537651433760       6.366194998023436E-003
   4.81386764546390       5.797959832526537E-003
   4.87307821750310       5.273600838003493E-003
   4.93301707957840       4.790363390245697E-003
   4.99369318965720       4.345611626987671E-003
   5.05511561589000       3.936828019642147E-003
   5.11729353796550       3.561612404503427E-003
   5.18023624848240       3.217680552191017E-003
   5.24395315433880       2.902862305690365E-003
   5.30845377813710       2.615099363361839E-003
   5.37374775960820       2.352442751713075E-003
   5.43984485705140       2.113050028618190E-003
   5.50675494879310       1.895182270929959E-003
   5.57448803466330       1.697200886036920E-003
   5.64305423748960       1.517564287857446E-003
   5.71246380461080       1.354824465020094E-003
   5.78272710940750       1.207623479063359E-003
   5.85385465285320       1.074689909250798E-003
   5.92585706508330       9.548352804885505E-004
   5.99874510698380       8.469504829025602E-004
   6.07252967179970       7.500022018556562E-004
   6.14722178676280       6.630293775537586E-004
   6.22283261474000       5.851397020780821E-004
   6.29937345590130       5.155061633964407E-004
   6.37685574940890       4.533636498302470E-004
   6.45529107512660       3.980056191066121E-004
   6.53469115535070       3.487808386413147E-004
   6.61506785656150       3.050902061806058E-004
   6.69643319119720       2.663836515883396E-004
   6.77879931944900       2.321571293668939E-004
   6.86217855107820       2.019497027792281E-004
   6.94658334725640       1.753407243741430E-004
   7.03202632242770       1.519471178784434E-004
   7.11852024619350       1.314207635384478E-004
   7.20607804522170       1.134459897875113E-004
   7.29471280517800       9.773717371926119E-005
   7.38443777268160       8.403645150644209E-005
   7.47526635728560       7.211154109786048E-005
   7.56721213348020       6.175367705703858E-005
   7.66028884272200       5.277565781433781E-005
   7.75451039548750       4.501000471439437E-005
   7.84989087335200       3.830723205663461E-005
   7.94644453109430       3.253422637766867E-005
   8.04418579882670       2.757273314008592E-005
   8.14312928415230       2.331794766692784E-005
   8.24328977434740       1.967720758935903E-005
   8.34468223857180       1.656878346330787E-005
   8.44732183010630       1.392076363936371E-005
   8.55122388861660       1.167002913491314E-005
   8.65640394244660       9.761314476496774E-006
   8.76287771093860       8.146350030053800E-006
   8.87066110678320       6.783081084486793E-006
   8.97977023839660       5.634959094427824E-006
   9.09022141232890       4.670300598167927E-006
   9.20203113570050       3.861709001785304E-006
   9.31521611866970       3.185554754615742E-006
   9.42979327692930       2.621509475290802E-006
   9.54577973423550       2.152129771488037E-006
   9.66319282496660       1.762486529513968E-006
   9.78205009671370       1.439835788981150E-006
   9.90236931290330       1.173327428125344E-006
   10.0241684554520       9.537481001337815E-007
   10.1474657274540       7.732951059529854E-007
   10.2722795559020       6.253780905342308E-007
   10.3986285944390       5.044456688814956E-007
   10.5265317261510       4.058343202526745E-007
   10.6560080663830       3.256370999870697E-007
   10.7870769655990       2.605899142505183E-007
   10.9197580122760       2.079733152122438E-007
   11.0540710358270       1.655279613909296E-007
   11.1900361095680       1.313820672838451E-007
   11.3276735537150       1.039893346571763E-007
   11.4670039384260       8.207601735537637E-008
   11.6080480868690       6.459591797106376E-008
   11.7508270783370       5.069224519353221E-008
   11.8953622514010       3.966539018990469E-008
   12.0416752070930       3.094578820402876E-008
   12.1897878121400       2.407113722263486E-008
   12.3397222022290       1.866733420173905E-008
   12.4915007853170       1.443257364498925E-008
   12.6451462449760       1.112412749156522E-008
   12.8006815437900       8.547389536443879E-009
   12.9581299267780       6.546826414115006E-009
   13.1175149248770       4.998527926876148E-009
   13.2788603584530       3.804094687982544E-009
   13.4421903408620       2.885639632105873E-009
   13.6075292820550       2.181714314725944E-009
   13.7749018922240       1.644000172372886E-009
   13.9443331854990       1.234630360806473E-009
   14.1158484836800       9.240294921399596E-010
   14.2894734200300       6.891772190820803E-010
   14.4652339430960       5.122174239013794E-010
   14.6431563205960       3.793482038899731E-010
   14.8232671433390       2.799391249415963E-010
   15.0055933292020       2.058317770195002E-010
   15.1901621271520       1.507875923552554E-010
   15.3770011213160       1.100535333339085E-010
   15.5661382351080       8.002176853747526E-011
   15.7576017354000       5.796400331124241E-011
   15.9514202367450       4.182487975015701E-011
   16.1476227056570       3.006193184666538E-011
   16.3462384649370       2.152208818752128E-011
   16.5472971980550       1.534675163960371E-011
   16.7508289535910       1.089913375981498E-011
   16.9568641497210       7.708850072018015E-012
   17.1654335787620       5.429847972016387E-012
   17.3765684117810       3.808590354936506E-012
   17.5903002032460       2.660095065687493E-012
   17.8066608957460       1.849966397992084E-012
   18.0256828247630       1.280977501541801E-012
   18.2473987235080       8.830942064405598E-013
   18.4718417278070       6.060898773356270E-013
   18.6990453810590       4.141024213584123E-013
   18.9290436392460       2.816405755846806E-013
   19.1618708760090       1.906667832765131E-013
   19.3975618877840       1.284761573827945E-013
   19.6361518990040       8.616139050194406E-014
   19.8776765673610       5.750692060122432E-014
   20.1221719891400       3.819611235177313E-014
   20.3696747046060       2.524545243440601E-014
   20.6202217034730       1.660298959099286E-014
   20.8738504304260       1.086433306180264E-014
   21.1305987907200       7.073052609512652E-015
   21.3905051558460       4.581107475521384E-015
   21.6536083692630       2.951659427538986E-015
   21.9199477522050       1.891760884575318E-015
   22.1895631095570       1.205985767562086E-015
   22.4624947358040       7.646548285911685E-016
   22.7387834210550       4.821775811864485E-016
   23.0184704571340       3.023692170262201E-016
   23.3015976437560       1.885503815007721E-016
   23.5882072947750       1.169086013179786E-016
   23.8783422445000       7.207161976543682E-017
   24.1720458541080       4.417230415845286E-017
   24.4693620181130       2.691364890069234E-017
   24.7703351709360       1.630047606540927E-017
   25.0750102935380       9.812986515003492E-018
   25.3834329201490       5.871417443468967E-018
   25.6956491450670       3.491345231827262E-018
   26.0117056295510       2.063087003260965E-018
   26.3316496087950       1.211388999652787E-018
   26.6555288989830       7.067357309802812E-019
   26.9833919044400       4.096409828514094E-019
   27.3152876248650       2.358782184584758E-019
   27.6512656626510       1.349196163925132E-019
   27.9913762303010       7.665305527844910E-020
   28.3356701579340       4.325263775482404E-020
   28.6841989008770       2.423776399727017E-020
   29.0370145473570       1.348744864607886E-020
   29.3941698262900       7.452240240416304E-021
   29.7557181151530       4.088139524352559E-021
   30.1217134479700       2.226424378680968E-021
   30.4922105233800       1.203634550430704E-021
   30.8672647128170       6.458719109778360E-022
   31.2469320687850       3.439721732075409E-022
   31.6312693332310       1.817962812690351E-022
   32.0203339460300       9.534338387216113E-023
   32.4141840535660       4.961335631523930E-023
   32.8128785174250       2.561339916090088E-023
   33.2164769231890       1.311758700423445E-023
   33.6250395893440       6.663706303778369E-024
   34.0386275762930       3.357448777992388E-024
   34.4573026954820       1.677608238441897E-024
   34.8811275186360       8.312175706779670E-025
   35.3101653871150       4.083539252444309E-025
   35.7444804213770       1.988890567722058E-025
   36.1841375305600       9.602645227304916E-026
   36.6292024221860       4.595469086673223E-026
   37.0797416119780       2.179617681749263E-026
   37.5358224338060       1.024458213361515E-026
   37.9975130497420       4.771148859116452E-027
   38.4648824602530       2.201492470309858E-027
   38.9380005145150       1.006299067881826E-027
   39.4169379208430       4.556192289775610E-028
   39.9017662572690       2.043106333624071E-028
   40.3925579822340       9.072814702760100E-029
   40.8893864454150       3.989356047256853E-029
   41.3923258986940       1.736681274862284E-029
   41.9014515072480       7.484110932582414E-030
   42.4168393607870       3.192336055587086E-030
   42.9385664849250       1.347628269780783E-030
   43.4667108526890       5.629487720535566E-031
   44.0013513961770       2.326742448754758E-031
   44.5425680183500       9.513736535255450E-032
   45.0904416049760       3.847860000978434E-032
   45.6450540367170       1.539196131970914E-032
   46.2064882013690       6.088575512060407E-033
   46.7748280062460       2.381355156860051E-033
   47.3501583907220       9.207851813588832E-034
   47.9325653389280       3.519300060881328E-034
   48.5221358925970       1.329399306551568E-034
   49.1189581640760       4.962406270536175E-035
   49.7231213494940       1.830217079847130E-035
   50.3347157420930       6.668393817397201E-036
   50.9538327457210       2.399837738130191E-036
   51.5805648884930       8.529404313125814E-037
   52.2150058366220       2.993349196234307E-037
   52.8572504084120       1.037189790180522E-037
   53.5073945884360       0.000000000000000E+000
   54.1655355418730       0.000000000000000E+000
   54.8317716290380       0.000000000000000E+000
   55.5062024200750       0.000000000000000E+000
   56.1889287098420       0.000000000000000E+000
   56.8800525329730       0.000000000000000E+000
   57.5796771791290       0.000000000000000E+000
   58.2879072084320       0.000000000000000E+000
   59.0048484670960       0.000000000000000E+000
   59.7306081032410       0.000000000000000E+000
   60.4652945829110       0.000000000000000E+000
   61.2090177062810       0.000000000000000E+000
   61.9618886240680       0.000000000000000E+000
   62.7240198541440       0.000000000000000E+000
   63.4955252983500       0.000000000000000E+000
   64.2765202595200       0.000000000000000E+000
   65.0671214587120       0.000000000000000E+000
   65.8674470526540       0.000000000000000E+000
   66.6776166514020       0.000000000000000E+000
   67.4977513362140       0.000000000000000E+000
   68.3279736776500       0.000000000000000E+000
   69.1684077538850       0.000000000000000E+000
   70.0191791692570       0.000000000000000E+000
   70.8804150730390       0.000000000000000E+000
   71.7522441784380       0.000000000000000E+000
   72.6347967818320       0.000000000000000E+000
   73.5282047822490       0.000000000000000E+000
   74.4326017010710       0.000000000000000E+000
   75.3481227019940       0.000000000000000E+000
   76.2749046112280       0.000000000000000E+000
   77.2130859379460       0.000000000000000E+000
   78.1628068949830       0.000000000000000E+000
   79.1242094197910       0.000000000000000E+000
