     2.5000000E-04    -1.0014433E+05
     2.5307500E-04    -9.8924679E+04
     2.5618782E-04    -9.7719841E+04
     2.5933893E-04    -9.6529639E+04
     2.6252880E-04    -9.5353921E+04
     2.6575791E-04    -9.4192486E+04
     2.6902673E-04    -9.3045163E+04
     2.7233576E-04    -9.1911780E+04
     2.7568549E-04    -9.0792171E+04
     2.7907642E-04    -8.9686169E+04
     2.8250906E-04    -8.8593610E+04
     2.8598392E-04    -8.7514331E+04
     2.8950152E-04    -8.6448173E+04
     2.9306239E-04    -8.5394977E+04
     2.9666706E-04    -8.4354586E+04
     3.0031606E-04    -8.3326846E+04
     3.0400995E-04    -8.2311604E+04
     3.0774927E-04    -8.1308710E+04
     3.1153459E-04    -8.0318013E+04
     3.1536646E-04    -7.9339366E+04
     3.1924547E-04    -7.8372624E+04
     3.2317219E-04    -7.7417643E+04
     3.2714721E-04    -7.6474280E+04
     3.3117112E-04    -7.5542395E+04
     3.3524452E-04    -7.4621849E+04
     3.3936803E-04    -7.3712505E+04
     3.4354226E-04    -7.2814227E+04
     3.4776783E-04    -7.1926881E+04
     3.5204537E-04    -7.1050335E+04
     3.5637553E-04    -7.0184457E+04
     3.6075895E-04    -6.9329119E+04
     3.6519629E-04    -6.8484193E+04
     3.6968820E-04    -6.7649553E+04
     3.7423536E-04    -6.6825073E+04
     3.7883846E-04    -6.6010631E+04
     3.8349817E-04    -6.5206105E+04
     3.8821520E-04    -6.4411375E+04
     3.9299025E-04    -6.3626322E+04
     3.9782403E-04    -6.2850828E+04
     4.0271726E-04    -6.2084777E+04
     4.0767068E-04    -6.1328055E+04
     4.1268503E-04    -6.0580549E+04
     4.1776106E-04    -5.9842146E+04
     4.2289952E-04    -5.9112736E+04
     4.2810119E-04    -5.8392210E+04
     4.3336683E-04    -5.7680460E+04
     4.3869724E-04    -5.6977379E+04
     4.4409322E-04    -5.6282862E+04
     4.4955556E-04    -5.5596804E+04
     4.5508510E-04    -5.4919104E+04
     4.6068264E-04    -5.4249659E+04
     4.6634904E-04    -5.3588369E+04
     4.7208513E-04    -5.2935134E+04
     4.7789178E-04    -5.2289858E+04
     4.8376985E-04    -5.1652442E+04
     4.8972022E-04    -5.1022792E+04
     4.9574378E-04    -5.0400812E+04
     5.0184143E-04    -4.9786411E+04
     5.0801408E-04    -4.9179494E+04
     5.1426265E-04    -4.8579972E+04
     5.2058808E-04    -4.7987754E+04
     5.2699131E-04    -4.7402751E+04
     5.3347331E-04    -4.6824876E+04
     5.4003503E-04    -4.6254042E+04
     5.4667746E-04    -4.5690162E+04
     5.5340159E-04    -4.5133153E+04
     5.6020843E-04    -4.4582930E+04
     5.6709899E-04    -4.4039411E+04
     5.7407431E-04    -4.3502515E+04
     5.8113543E-04    -4.2972160E+04
     5.8828339E-04    -4.2448267E+04
     5.9551928E-04    -4.1930757E+04
     6.0284417E-04    -4.1419552E+04
     6.1025915E-04    -4.0914576E+04
     6.1776534E-04    -4.0415753E+04
     6.2536385E-04    -3.9923007E+04
     6.3305582E-04    -3.9436264E+04
     6.4084241E-04    -3.8955453E+04
     6.4872477E-04    -3.8480499E+04
     6.5670409E-04    -3.8011332E+04
     6.6478155E-04    -3.7547881E+04
     6.7295836E-04    -3.7090076E+04
     6.8123575E-04    -3.6637849E+04
     6.8961495E-04    -3.6191132E+04
     6.9809721E-04    -3.5749857E+04
     7.0668381E-04    -3.5313957E+04
     7.1537602E-04    -3.4883369E+04
     7.2417514E-04    -3.4458026E+04
     7.3308250E-04    -3.4037865E+04
     7.4209941E-04    -3.3622822E+04
     7.5122724E-04    -3.3212836E+04
     7.6046733E-04    -3.2807843E+04
     7.6982108E-04    -3.2407785E+04
     7.7928988E-04    -3.2012600E+04
     7.8887514E-04    -3.1622228E+04
     7.9857831E-04    -3.1236612E+04
     8.0840082E-04    -3.0855693E+04
     8.1834415E-04    -3.0479413E+04
     8.2840978E-04    -3.0107717E+04
     8.3859922E-04    -2.9740549E+04
     8.4891400E-04    -2.9377852E+04
     8.5935564E-04    -2.9019573E+04
     8.6992571E-04    -2.8665658E+04
     8.8062580E-04    -2.8316053E+04
     8.9145750E-04    -2.7970706E+04
     9.0242242E-04    -2.7629564E+04
     9.1352222E-04    -2.7292578E+04
     9.2475854E-04    -2.6959695E+04
     9.3613307E-04    -2.6630866E+04
     9.4764751E-04    -2.6306041E+04
     9.5930357E-04    -2.5985172E+04
     9.7110301E-04    -2.5668211E+04
     9.8304757E-04    -2.5355108E+04
     9.9513906E-04    -2.5045819E+04
     1.0073793E-03    -2.4740295E+04
     1.0197700E-03    -2.4438492E+04
     1.0323132E-03    -2.4140363E+04
     1.0450107E-03    -2.3845864E+04
     1.0578643E-03    -2.3554950E+04
     1.0708760E-03    -2.3267578E+04
     1.0840478E-03    -2.2983706E+04
     1.0973816E-03    -2.2703288E+04
     1.1108794E-03    -2.2426285E+04
     1.1245432E-03    -2.2152654E+04
     1.1383751E-03    -2.1882354E+04
     1.1523771E-03    -2.1615345E+04
     1.1665513E-03    -2.1351585E+04
     1.1808999E-03    -2.1091037E+04
     1.1954250E-03    -2.0833660E+04
     1.2101287E-03    -2.0579415E+04
     1.2250133E-03    -2.0328266E+04
     1.2400809E-03    -2.0080173E+04
     1.2553339E-03    -1.9835099E+04
     1.2707746E-03    -1.9593009E+04
     1.2864051E-03    -1.9353865E+04
     1.3022279E-03    -1.9117631E+04
     1.3182453E-03    -1.8884272E+04
     1.3344597E-03    -1.8653754E+04
     1.3508735E-03    -1.8426040E+04
     1.3674893E-03    -1.8201098E+04
     1.3843094E-03    -1.7978893E+04
     1.4013364E-03    -1.7759392E+04
     1.4185728E-03    -1.7542562E+04
     1.4360213E-03    -1.7328371E+04
     1.4536843E-03    -1.7116785E+04
     1.4715647E-03    -1.6907775E+04
     1.4896649E-03    -1.6701307E+04
     1.5079878E-03    -1.6497351E+04
     1.5265360E-03    -1.6295877E+04
     1.5453124E-03    -1.6096855E+04
     1.5643198E-03    -1.5900253E+04
     1.5835609E-03    -1.5706044E+04
     1.6030387E-03    -1.5514197E+04
     1.6227561E-03    -1.5324684E+04
     1.6427160E-03    -1.5137477E+04
     1.6629214E-03    -1.4952547E+04
     1.6833753E-03    -1.4769867E+04
     1.7040808E-03    -1.4589409E+04
     1.7250410E-03    -1.4411147E+04
     1.7462590E-03    -1.4235053E+04
     1.7677380E-03    -1.4061100E+04
     1.7894812E-03    -1.3889264E+04
     1.8114918E-03    -1.3719518E+04
     1.8337732E-03    -1.3551837E+04
     1.8563286E-03    -1.3386195E+04
     1.8791614E-03    -1.3222568E+04
     1.9022751E-03    -1.3060931E+04
     1.9256731E-03    -1.2901260E+04
     1.9493589E-03    -1.2743531E+04
     1.9733360E-03    -1.2587720E+04
     1.9976080E-03    -1.2433804E+04
     2.0221786E-03    -1.2281760E+04
     2.0470514E-03    -1.2131566E+04
     2.0722301E-03    -1.1983197E+04
     2.0977186E-03    -1.1836634E+04
     2.1235205E-03    -1.1691852E+04
     2.1496398E-03    -1.1548831E+04
     2.1760804E-03    -1.1407550E+04
     2.2028462E-03    -1.1267986E+04
     2.2299412E-03    -1.1130120E+04
     2.2573694E-03    -1.0993930E+04
     2.2851351E-03    -1.0859396E+04
     2.3132422E-03    -1.0726498E+04
     2.3416951E-03    -1.0595216E+04
     2.3704980E-03    -1.0465531E+04
     2.3996551E-03    -1.0337422E+04
     2.4291709E-03    -1.0210871E+04
     2.4590497E-03    -1.0085859E+04
     2.4892960E-03    -9.9623667E+03
     2.5199143E-03    -9.8403760E+03
     2.5509093E-03    -9.7198685E+03
     2.5822854E-03    -9.6008262E+03
     2.6140476E-03    -9.4832312E+03
     2.6462003E-03    -9.3670660E+03
     2.6787486E-03    -9.2523132E+03
     2.7116972E-03    -9.1389554E+03
     2.7450511E-03    -9.0269759E+03
     2.7788152E-03    -8.9163577E+03
     2.8129946E-03    -8.8070844E+03
     2.8475945E-03    -8.6991396E+03
     2.8826199E-03    -8.5925071E+03
     2.9180761E-03    -8.4871709E+03
     2.9539684E-03    -8.3831153E+03
     2.9903023E-03    -8.2803247E+03
     3.0270830E-03    -8.1787837E+03
     3.0643161E-03    -8.0784771E+03
     3.1020072E-03    -7.9793898E+03
     3.1401619E-03    -7.8815072E+03
     3.1787859E-03    -7.7848144E+03
     3.2178849E-03    -7.6892970E+03
     3.2574649E-03    -7.5949407E+03
     3.2975317E-03    -7.5017315E+03
     3.3380914E-03    -7.4096552E+03
     3.3791499E-03    -7.3186983E+03
     3.4207134E-03    -7.2288470E+03
     3.4627882E-03    -7.1400879E+03
     3.5053805E-03    -7.0524077E+03
     3.5484967E-03    -6.9657933E+03
     3.5921432E-03    -6.8802317E+03
     3.6363266E-03    -6.7957101E+03
     3.6810534E-03    -6.7122160E+03
     3.7263303E-03    -6.6297367E+03
     3.7721642E-03    -6.5482599E+03
     3.8185618E-03    -6.4677735E+03
     3.8655301E-03    -6.3882654E+03
     3.9130762E-03    -6.3097237E+03
     3.9612070E-03    -6.2321367E+03
     4.0099298E-03    -6.1554927E+03
     4.0592520E-03    -6.0797803E+03
     4.1091808E-03    -6.0049882E+03
     4.1597237E-03    -5.9311051E+03
     4.2108883E-03    -5.8581200E+03
     4.2626822E-03    -5.7860221E+03
     4.3151132E-03    -5.7148004E+03
     4.3681891E-03    -5.6444444E+03
     4.4219178E-03    -5.5749435E+03
     4.4763074E-03    -5.5062874E+03
     4.5313660E-03    -5.4384657E+03
     4.5871018E-03    -5.3714684E+03
     4.6435232E-03    -5.3052853E+03
     4.7006385E-03    -5.2399067E+03
     4.7584563E-03    -5.1753226E+03
     4.8169854E-03    -5.1115236E+03
     4.8762343E-03    -5.0484999E+03
     4.9362120E-03    -4.9862423E+03
     4.9969274E-03    -4.9247414E+03
     5.0583896E-03    -4.8639879E+03
     5.1206078E-03    -4.8039729E+03
     5.1835912E-03    -4.7446873E+03
     5.2473494E-03    -4.6861222E+03
     5.3118918E-03    -4.6282690E+03
     5.3772281E-03    -4.5711189E+03
     5.4433680E-03    -4.5146635E+03
     5.5103214E-03    -4.4588942E+03
     5.5780984E-03    -4.4038028E+03
     5.6467090E-03    -4.3493809E+03
     5.7161635E-03    -4.2956206E+03
     5.7864723E-03    -4.2425137E+03
     5.8576459E-03    -4.1900522E+03
     5.9296950E-03    -4.1382284E+03
     6.0026302E-03    -4.0870346E+03
     6.0764626E-03    -4.0364629E+03
     6.1512030E-03    -3.9865060E+03
     6.2268628E-03    -3.9371563E+03
     6.3034533E-03    -3.8884064E+03
     6.3809857E-03    -3.8402491E+03
     6.4594719E-03    -3.7926772E+03
     6.5389234E-03    -3.7456835E+03
     6.6193521E-03    -3.6992611E+03
     6.7007701E-03    -3.6534029E+03
     6.7831896E-03    -3.6081022E+03
     6.8666229E-03    -3.5633522E+03
     6.9510823E-03    -3.5191462E+03
     7.0365806E-03    -3.4754775E+03
     7.1231306E-03    -3.4323397E+03
     7.2107451E-03    -3.3897264E+03
     7.2994372E-03    -3.3476310E+03
     7.3892203E-03    -3.3060475E+03
     7.4801077E-03    -3.2649694E+03
     7.5721131E-03    -3.2243908E+03
     7.6652500E-03    -3.1843056E+03
     7.7595326E-03    -3.1447077E+03
     7.8549749E-03    -3.1055912E+03
     7.9515911E-03    -3.0669504E+03
     8.0493956E-03    -3.0287793E+03
     8.1484032E-03    -2.9910724E+03
     8.2486286E-03    -2.9538241E+03
     8.3500867E-03    -2.9170286E+03
     8.4527928E-03    -2.8806806E+03
     8.5567621E-03    -2.8447746E+03
     8.6620103E-03    -2.8093053E+03
     8.7685530E-03    -2.7742673E+03
     8.8764062E-03    -2.7396554E+03
     8.9855860E-03    -2.7054645E+03
     9.0961087E-03    -2.6716894E+03
     9.2079908E-03    -2.6383252E+03
     9.3212491E-03    -2.6053668E+03
     9.4359005E-03    -2.5728093E+03
     9.5519621E-03    -2.5406478E+03
     9.6694512E-03    -2.5088776E+03
     9.7883855E-03    -2.4774939E+03
     9.9087826E-03    -2.4464920E+03
     1.0030661E-02    -2.4158673E+03
     1.0154038E-02    -2.3856152E+03
     1.0278932E-02    -2.3557312E+03
     1.0405363E-02    -2.3262109E+03
     1.0533349E-02    -2.2970498E+03
     1.0662909E-02    -2.2682436E+03
     1.0794063E-02    -2.2397881E+03
     1.0926830E-02    -2.2116788E+03
     1.1061230E-02    -2.1839117E+03
     1.1197283E-02    -2.1564826E+03
     1.1335010E-02    -2.1293875E+03
     1.1474431E-02    -2.1026222E+03
     1.1615566E-02    -2.0761828E+03
     1.1758438E-02    -2.0500653E+03
     1.1903066E-02    -2.0242659E+03
     1.2049474E-02    -1.9987806E+03
     1.2197683E-02    -1.9736058E+03
     1.2347714E-02    -1.9487376E+03
     1.2499591E-02    -1.9241723E+03
     1.2653336E-02    -1.8999063E+03
     1.2808972E-02    -1.8759359E+03
     1.2966522E-02    -1.8522576E+03
     1.3126011E-02    -1.8288678E+03
     1.3287460E-02    -1.8057631E+03
     1.3450896E-02    -1.7829400E+03
     1.3616342E-02    -1.7603951E+03
     1.3783823E-02    -1.7381251E+03
     1.3953364E-02    -1.7161265E+03
     1.4124991E-02    -1.6943962E+03
     1.4298728E-02    -1.6729309E+03
     1.4474602E-02    -1.6517274E+03
     1.4652640E-02    -1.6307825E+03
     1.4832867E-02    -1.6100932E+03
     1.5015312E-02    -1.5896562E+03
     1.5200000E-02    -1.5694687E+03
     1.5386960E-02    -1.5495275E+03
     1.5576220E-02    -1.5298298E+03
     1.5767807E-02    -1.5103725E+03
     1.5961751E-02    -1.4911527E+03
     1.6158081E-02    -1.4721677E+03
     1.6356825E-02    -1.4534145E+03
     1.6558014E-02    -1.4348904E+03
     1.6761678E-02    -1.4165925E+03
     1.6967846E-02    -1.3985183E+03
     1.7176551E-02    -1.3806650E+03
     1.7387822E-02    -1.3630298E+03
     1.7601693E-02    -1.3456103E+03
     1.7818193E-02    -1.3284037E+03
     1.8037357E-02    -1.3114076E+03
     1.8259217E-02    -1.2946194E+03
     1.8483805E-02    -1.2780365E+03
     1.8711156E-02    -1.2616566E+03
     1.8941303E-02    -1.2454771E+03
     1.9174281E-02    -1.2294957E+03
     1.9410125E-02    -1.2137100E+03
     1.9648869E-02    -1.1981175E+03
     1.9890550E-02    -1.1827161E+03
     2.0135204E-02    -1.1675033E+03
     2.0382867E-02    -1.1524770E+03
     2.0633576E-02    -1.1376348E+03
     2.0887369E-02    -1.1229746E+03
     2.1144284E-02    -1.1084941E+03
     2.1404359E-02    -1.0941913E+03
     2.1667632E-02    -1.0800639E+03
     2.1934144E-02    -1.0661098E+03
     2.2203934E-02    -1.0523271E+03
     2.2477043E-02    -1.0387135E+03
     2.2753510E-02    -1.0252671E+03
     2.3033378E-02    -1.0119858E+03
     2.3316689E-02    -9.9886772E+02
     2.3603484E-02    -9.8591083E+02
     2.3893807E-02    -9.7311320E+02
     2.4187701E-02    -9.6047291E+02
     2.4485210E-02    -9.4798806E+02
     2.4786378E-02    -9.3565679E+02
     2.5091250E-02    -9.2347724E+02
     2.5399873E-02    -9.1144759E+02
     2.5712291E-02    -8.9956602E+02
     2.6028552E-02    -8.8783076E+02
     2.6348703E-02    -8.7624003E+02
     2.6672792E-02    -8.6479209E+02
     2.7000868E-02    -8.5348523E+02
     2.7332978E-02    -8.4231773E+02
     2.7669174E-02    -8.3128791E+02
     2.8009505E-02    -8.2039411E+02
     2.8354022E-02    -8.0963469E+02
     2.8702776E-02    -7.9900802E+02
     2.9055820E-02    -7.8851249E+02
     2.9413207E-02    -7.7814652E+02
     2.9774989E-02    -7.6790854E+02
     3.0141222E-02    -7.5779700E+02
     3.0511959E-02    -7.4781036E+02
     3.0887256E-02    -7.3794713E+02
     3.1267169E-02    -7.2820579E+02
     3.1651755E-02    -7.1858488E+02
     3.2041072E-02    -7.0908293E+02
     3.2435177E-02    -6.9969852E+02
     3.2834130E-02    -6.9043021E+02
     3.3237990E-02    -6.8127660E+02
     3.3646817E-02    -6.7223632E+02
     3.4060673E-02    -6.6330800E+02
     3.4479619E-02    -6.5449031E+02
     3.4903718E-02    -6.4578191E+02
     3.5333034E-02    -6.3718152E+02
     3.5767630E-02    -6.2868785E+02
     3.6207572E-02    -6.2029967E+02
     3.6652925E-02    -6.1201574E+02
     3.7103756E-02    -6.0383488E+02
     3.7560133E-02    -5.9575591E+02
     3.8022122E-02    -5.8777772E+02
     3.8489794E-02    -5.7989920E+02
     3.8963219E-02    -5.7211931E+02
     3.9442466E-02    -5.6443703E+02
     3.9927609E-02    -5.5685140E+02
     4.0418718E-02    -5.4936152E+02
     4.0915869E-02    -5.4196652E+02
     4.1419134E-02    -5.3466563E+02
     4.1928589E-02    -5.2745812E+02
     4.2444311E-02    -5.2034335E+02
     4.2966376E-02    -5.1332075E+02
     4.3494862E-02    -5.0638984E+02
     4.4029849E-02    -4.9955023E+02
     4.4571416E-02    -4.9280162E+02
     4.5119645E-02    -4.8614380E+02
     4.5674616E-02    -4.7957665E+02
     4.6236414E-02    -4.7310012E+02
     4.6805122E-02    -4.6671426E+02
     4.7380825E-02    -4.6041916E+02
     4.7963609E-02    -4.5421491E+02
     4.8553561E-02    -4.4810164E+02
     4.9150770E-02    -4.4207940E+02
     4.9755325E-02    -4.3614816E+02
     5.0367315E-02    -4.3030772E+02
     5.0986833E-02    -4.2455767E+02
     5.1613971E-02    -4.1889727E+02
     5.2248823E-02    -4.1332546E+02
     5.2891484E-02    -4.0784071E+02
     5.3542049E-02    -4.0244104E+02
     5.4200616E-02    -3.9712393E+02
     5.4867284E-02    -3.9188635E+02
     5.5542151E-02    -3.8672477E+02
     5.6225320E-02    -3.8163522E+02
     5.6916891E-02    -3.7661337E+02
     5.7616969E-02    -3.7165460E+02
     5.8325657E-02    -3.6675415E+02
     5.9043063E-02    -3.6190721E+02
     5.9769293E-02    -3.5710899E+02
     6.0504455E-02    -3.5235476E+02
     6.1248660E-02    -3.4763993E+02
     6.2002018E-02    -3.4295996E+02
     6.2764643E-02    -3.3831045E+02
     6.3536648E-02    -3.3368707E+02
     6.4318149E-02    -3.2908578E+02
     6.5109262E-02    -3.2450303E+02
     6.5910106E-02    -3.1993635E+02
     6.6720801E-02    -3.1538505E+02
     6.7541466E-02    -3.1085121E+02
     6.8372226E-02    -3.0634049E+02
     6.9213205E-02    -3.0186247E+02
     7.0064527E-02    -2.9743011E+02
     7.0926321E-02    -2.9305800E+02
     7.1798715E-02    -2.8875985E+02
     7.2681839E-02    -2.8454583E+02
     7.3575825E-02    -2.8042088E+02
     7.4480808E-02    -2.7638440E+02
     7.5396922E-02    -2.7243138E+02
     7.6324304E-02    -2.6855429E+02
     7.7263093E-02    -2.6474497E+02
     7.8213429E-02    -2.6099602E+02
     7.9175454E-02    -2.5730158E+02
     8.0149312E-02    -2.5365742E+02
     8.1135149E-02    -2.5006086E+02
     8.2133111E-02    -2.4651034E+02
     8.3143349E-02    -2.4300517E+02
     8.4166012E-02    -2.3954511E+02
     8.5201254E-02    -2.3613020E+02
     8.6249229E-02    -2.3276057E+02
     8.7310095E-02    -2.2943626E+02
     8.8384009E-02    -2.2615720E+02
     8.9471132E-02    -2.2292309E+02
     9.0571627E-02    -2.1973340E+02
     9.1685658E-02    -2.1658733E+02
     9.2813392E-02    -2.1348383E+02
     9.3954996E-02    -2.1042159E+02
     9.5110643E-02    -2.0739914E+02
     9.6280504E-02    -2.0441490E+02
     9.7464754E-02    -2.0146733E+02
     9.8663570E-02    -1.9855504E+02
     9.9877132E-02    -1.9567690E+02
     1.0110562E-01    -1.9283220E+02
     1.0234922E-01    -1.9002069E+02
     1.0360812E-01    -1.8724260E+02
     1.0488250E-01    -1.8449858E+02
     1.0617255E-01    -1.8178960E+02
     1.0747847E-01    -1.7911679E+02
     1.0880046E-01    -1.7648135E+02
     1.1013870E-01    -1.7388432E+02
     1.1149341E-01    -1.7132653E+02
     1.1286478E-01    -1.6880856E+02
     1.1425302E-01    -1.6633062E+02
     1.1565833E-01    -1.6389267E+02
     1.1708092E-01    -1.6149437E+02
     1.1852102E-01    -1.5913518E+02
     1.1997883E-01    -1.5681440E+02
     1.2145457E-01    -1.5453122E+02
     1.2294846E-01    -1.5228475E+02
     1.2446073E-01    -1.5007409E+02
     1.2599159E-01    -1.4789832E+02
     1.2754129E-01    -1.4575657E+02
     1.2911005E-01    -1.4364799E+02
     1.3069810E-01    -1.4157178E+02
     1.3230569E-01    -1.3952718E+02
     1.3393305E-01    -1.3751349E+02
     1.3558042E-01    -1.3553006E+02
     1.3724806E-01    -1.3357628E+02
     1.3893621E-01    -1.3165159E+02
     1.4064513E-01    -1.2975545E+02
     1.4237506E-01    -1.2788738E+02
     1.4412628E-01    -1.2604691E+02
     1.4589903E-01    -1.2423359E+02
     1.4769359E-01    -1.2244703E+02
     1.4951022E-01    -1.2068681E+02
     1.5134920E-01    -1.1895256E+02
     1.5321079E-01    -1.1724391E+02
     1.5509528E-01    -1.1556051E+02
     1.5700296E-01    -1.1390199E+02
     1.5893409E-01    -1.1226804E+02
     1.6088898E-01    -1.1065829E+02
     1.6286792E-01    -1.0907244E+02
     1.6487119E-01    -1.0751013E+02
     1.6689911E-01    -1.0597105E+02
     1.6895197E-01    -1.0445486E+02
     1.7103007E-01    -1.0296122E+02
     1.7313374E-01    -1.0148981E+02
     1.7526329E-01    -1.0004027E+02
     1.7741903E-01    -9.8612268E+01
     1.7960128E-01    -9.7205447E+01
     1.8181038E-01    -9.5819450E+01
     1.8404665E-01    -9.4453911E+01
     1.8631042E-01    -9.3108460E+01
     1.8860204E-01    -9.1782717E+01
     1.9092184E-01    -9.0476299E+01
     1.9327018E-01    -8.9188818E+01
     1.9564740E-01    -8.7919879E+01
     1.9805387E-01    -8.6669088E+01
     2.0048993E-01    -8.5436047E+01
     2.0295596E-01    -8.4220364E+01
     2.0545231E-01    -8.3021648E+01
     2.0797938E-01    -8.1839516E+01
     2.1053752E-01    -8.0673595E+01
     2.1312714E-01    -7.9523526E+01
     2.1574860E-01    -7.8388964E+01
     2.1840231E-01    -7.7269584E+01
     2.2108866E-01    -7.6165082E+01
     2.2380805E-01    -7.5075177E+01
     2.2656089E-01    -7.3999610E+01
     2.2934758E-01    -7.2938146E+01
     2.3216856E-01    -7.1890570E+01
     2.3502423E-01    -7.0856684E+01
     2.3791503E-01    -6.9836299E+01
     2.4084139E-01    -6.8829227E+01
     2.4380373E-01    -6.7835270E+01
     2.4680252E-01    -6.6854201E+01
     2.4983819E-01    -6.5885746E+01
     2.5291120E-01    -6.4929562E+01
     2.5602201E-01    -6.3985203E+01
     2.5917108E-01    -6.3052099E+01
     2.6235888E-01    -6.2129521E+01
     2.6558590E-01    -6.1216575E+01
     2.6885261E-01    -6.0312229E+01
     2.7215949E-01    -5.9415439E+01
     2.7550705E-01    -5.8525497E+01
     2.7889579E-01    -5.7642837E+01
     2.8232621E-01    -5.6770783E+01
     2.8579882E-01    -5.5919071E+01
     2.8931415E-01    -5.5110371E+01
     2.9287271E-01    -5.4390666E+01
     2.9647505E-01    -5.3840211E+01
     3.0012169E-01    -5.3567629E+01
     3.0381319E-01    -5.3643997E+01
     3.0755009E-01    -5.3937650E+01
     3.1133295E-01    -5.3858951E+01
     3.1516235E-01    -5.2110670E+01
     3.1903885E-01    -4.9809706E+01
     3.2296302E-01    -5.0567826E+01
     3.2693547E-01    -5.0507503E+01
     3.3095677E-01    -4.9460405E+01
     3.3502754E-01    -4.8285371E+01
     3.3914838E-01    -4.7238712E+01
     3.4331991E-01    -4.6343820E+01
     3.4754274E-01    -4.5565049E+01
     3.5181752E-01    -4.4862851E+01
     3.5614487E-01    -4.4207748E+01
     3.6052545E-01    -4.3580632E+01
     3.6495992E-01    -4.2969871E+01
     3.6944893E-01    -4.2368619E+01
     3.7399315E-01    -4.1772976E+01
     3.7859326E-01    -4.1180868E+01
     3.8324996E-01    -4.0591409E+01
     3.8796393E-01    -4.0004520E+01
     3.9273589E-01    -3.9420696E+01
     3.9756654E-01    -3.8840843E+01
     4.0245661E-01    -3.8266139E+01
     4.0740683E-01    -3.7697920E+01
     4.1241793E-01    -3.7137584E+01
     4.1749067E-01    -3.6586505E+01
     4.2262581E-01    -3.6045973E+01
     4.2782410E-01    -3.5517155E+01
     4.3308634E-01    -3.5001068E+01
     4.3841330E-01    -3.4498565E+01
     4.4380579E-01    -3.4010323E+01
     4.4926460E-01    -3.3536837E+01
     4.5479055E-01    -3.3078400E+01
     4.6038448E-01    -3.2635090E+01
     4.6604720E-01    -3.2206749E+01
     4.7177959E-01    -3.1792966E+01
     4.7758247E-01    -3.1393069E+01
     4.8345674E-01    -3.1006129E+01
     4.8940326E-01    -3.0630978E+01
     4.9542292E-01    -3.0266254E+01
     5.0151662E-01    -2.9910451E+01
     5.0768527E-01    -2.9561995E+01
     5.1392980E-01    -2.9219320E+01
     5.2025114E-01    -2.8880956E+01
     5.2665023E-01    -2.8545607E+01
     5.3312802E-01    -2.8212229E+01
     5.3968550E-01    -2.7880077E+01
     5.4632363E-01    -2.7548733E+01
     5.5304341E-01    -2.7218094E+01
     5.5984585E-01    -2.6888327E+01
     5.6673195E-01    -2.6559805E+01
     5.7370275E-01    -2.6233027E+01
     5.8075930E-01    -2.5908542E+01
     5.8790264E-01    -2.5586888E+01
     5.9513384E-01    -2.5268539E+01
     6.0245398E-01    -2.4953885E+01
     6.0986417E-01    -2.4643216E+01
     6.1736550E-01    -2.4336728E+01
     6.2495909E-01    -2.4034532E+01
     6.3264609E-01    -2.3736667E+01
     6.4042764E-01    -2.3443117E+01
     6.4830490E-01    -2.3153825E+01
     6.5627905E-01    -2.2868707E+01
     6.6435128E-01    -2.2587662E+01
     6.7252280E-01    -2.2310579E+01
     6.8079483E-01    -2.2037348E+01
     6.8916861E-01    -2.1767855E+01
     6.9764538E-01    -2.1501996E+01
     7.0622642E-01    -2.1239670E+01
     7.1491300E-01    -2.0980782E+01
     7.2370643E-01    -2.0725248E+01
     7.3260802E-01    -2.0472987E+01
     7.4161910E-01    -2.0223927E+01
     7.5074102E-01    -1.9978001E+01
     7.5997513E-01    -1.9735148E+01
     7.6932283E-01    -1.9495311E+01
     7.7878550E-01    -1.9258438E+01
     7.8836456E-01    -1.9024480E+01
     7.9806144E-01    -1.8793391E+01
     8.0787760E-01    -1.8565129E+01
     8.1781449E-01    -1.8339653E+01
     8.2787361E-01    -1.8116923E+01
     8.3805646E-01    -1.7896903E+01
     8.4836455E-01    -1.7679556E+01
     8.5879943E-01    -1.7464849E+01
     8.6936267E-01    -1.7252747E+01
     8.8005583E-01    -1.7043217E+01
     8.9088052E-01    -1.6836228E+01
     9.0183835E-01    -1.6631748E+01
     9.1293096E-01    -1.6429746E+01
     9.2416001E-01    -1.6230193E+01
     9.3552718E-01    -1.6033059E+01
     9.4703416E-01    -1.5838314E+01
     9.5868268E-01    -1.5645929E+01
     9.7047448E-01    -1.5455877E+01
     9.8241131E-01    -1.5268129E+01
     9.9449497E-01    -1.5082658E+01
     1.0067273E+00    -1.4899435E+01
     1.0191100E+00    -1.4718435E+01
     1.0316451E+00    -1.4539630E+01
     1.0443343E+00    -1.4362995E+01
     1.0571796E+00    -1.4188502E+01
     1.0701829E+00    -1.4016127E+01
     1.0833462E+00    -1.3845844E+01
     1.0966713E+00    -1.3677627E+01
     1.1101604E+00    -1.3511452E+01
     1.1238154E+00    -1.3347294E+01
     1.1376383E+00    -1.3185130E+01
     1.1516312E+00    -1.3024934E+01
     1.1657963E+00    -1.2866683E+01
     1.1801356E+00    -1.2710354E+01
     1.1946513E+00    -1.2555923E+01
     1.2093455E+00    -1.2403367E+01
     1.2242204E+00    -1.2252665E+01
     1.2392783E+00    -1.2103793E+01
     1.2545215E+00    -1.1956729E+01
     1.2699521E+00    -1.1811451E+01
     1.2855725E+00    -1.1667938E+01
     1.3013850E+00    -1.1526169E+01
     1.3173921E+00    -1.1386122E+01
     1.3335960E+00    -1.1247776E+01
     1.3499992E+00    -1.1111110E+01
     1.3666042E+00    -1.0976105E+01
     1.3834134E+00    -1.0842741E+01
     1.4004294E+00    -1.0710996E+01
     1.4176547E+00    -1.0580853E+01
     1.4350918E+00    -1.0452290E+01
     1.4527435E+00    -1.0325289E+01
     1.4706122E+00    -1.0199832E+01
     1.4887008E+00    -1.0075899E+01
     1.5070118E+00    -9.9534711E+00
     1.5255480E+00    -9.8325312E+00
     1.5443123E+00    -9.7130607E+00
     1.5633073E+00    -9.5950418E+00
     1.5825360E+00    -9.4784569E+00
     1.6020012E+00    -9.3632886E+00
     1.6217058E+00    -9.2495196E+00
     1.6416528E+00    -9.1371329E+00
     1.6618451E+00    -9.0261118E+00
     1.6822858E+00    -8.9164396E+00
     1.7029779E+00    -8.8081000E+00
     1.7239245E+00    -8.7010768E+00
     1.7451288E+00    -8.5953540E+00
     1.7665939E+00    -8.4909157E+00
     1.7883230E+00    -8.3877465E+00
     1.8103194E+00    -8.2858308E+00
     1.8325863E+00    -8.1851534E+00
     1.8551271E+00    -8.0856993E+00
     1.8779452E+00    -7.9874536E+00
     1.9010439E+00    -7.8904017E+00
     1.9244267E+00    -7.7945290E+00
     1.9480972E+00    -7.6998212E+00
     1.9720588E+00    -7.6062641E+00
     1.9963151E+00    -7.5138439E+00
     2.0208698E+00    -7.4225465E+00
     2.0457265E+00    -7.3323585E+00
     2.0708889E+00    -7.2432664E+00
     2.0963608E+00    -7.1552567E+00
     2.1221461E+00    -7.0683164E+00
     2.1482485E+00    -6.9824325E+00
     2.1746719E+00    -6.8975921E+00
     2.2014204E+00    -6.8137826E+00
     2.2284979E+00    -6.7309914E+00
     2.2559084E+00    -6.6492062E+00
     2.2836561E+00    -6.5684147E+00
     2.3117450E+00    -6.4886048E+00
     2.3401795E+00    -6.4097647E+00
     2.3689637E+00    -6.3318826E+00
     2.3981020E+00    -6.2549467E+00
     2.4275986E+00    -6.1789457E+00
     2.4574581E+00    -6.1038681E+00
     2.4876848E+00    -6.0297028E+00
     2.5182833E+00    -5.9564386E+00
     2.5492582E+00    -5.8840646E+00
     2.5806141E+00    -5.8125700E+00
     2.6123557E+00    -5.7419440E+00
     2.6444876E+00    -5.6721763E+00
     2.6770148E+00    -5.6032562E+00
     2.7099421E+00    -5.5351736E+00
     2.7432744E+00    -5.4679182E+00
     2.7770167E+00    -5.4014800E+00
     2.8111740E+00    -5.3358490E+00
     2.8457514E+00    -5.2710156E+00
     2.8807542E+00    -5.2069698E+00
     2.9161874E+00    -5.1437023E+00
     2.9520565E+00    -5.0812035E+00
     2.9883668E+00    -5.0194641E+00
     3.0251237E+00    -4.9584748E+00
     3.0623328E+00    -4.8982267E+00
     3.0999995E+00    -4.8387105E+00
     3.1381295E+00    -4.7799175E+00
     3.1767285E+00    -4.7218389E+00
     3.2158022E+00    -4.6644660E+00
     3.2553566E+00    -4.6077902E+00
     3.2953975E+00    -4.5518030E+00
     3.3359309E+00    -4.4964961E+00
     3.3769628E+00    -4.4418612E+00
     3.4184994E+00    -4.3878901E+00
     3.4605470E+00    -4.3345749E+00
     3.5031117E+00    -4.2819074E+00
     3.5462000E+00    -4.2298799E+00
     3.5898182E+00    -4.1784845E+00
     3.6339730E+00    -4.1277136E+00
     3.6786709E+00    -4.0775597E+00
     3.7239185E+00    -4.0280151E+00
     3.7697227E+00    -3.9790725E+00
     3.8160903E+00    -3.9307246E+00
     3.8630282E+00    -3.8829641E+00
     3.9105435E+00    -3.8357840E+00
     3.9586432E+00    -3.7891771E+00
     4.0073345E+00    -3.7431365E+00
     4.0566247E+00    -3.6976554E+00
     4.1065212E+00    -3.6527268E+00
     4.1570314E+00    -3.6083442E+00
     4.2081629E+00    -3.5645008E+00
     4.2599233E+00    -3.5211902E+00
     4.3123203E+00    -3.4784058E+00
     4.3653619E+00    -3.4361413E+00
     4.4190558E+00    -3.3943903E+00
     4.4734102E+00    -3.3531465E+00
     4.5284332E+00    -3.3124040E+00
     4.5841329E+00    -3.2721565E+00
     4.6405177E+00    -3.2323980E+00
     4.6975961E+00    -3.1931226E+00
     4.7553765E+00    -3.1543244E+00
     4.8138676E+00    -3.1159976E+00
     4.8730782E+00    -3.0781365E+00
     4.9330171E+00    -3.0407355E+00
     4.9936932E+00    -3.0037889E+00
     5.0551156E+00    -2.9672912E+00
     5.1172935E+00    -2.9312370E+00
     5.1802362E+00    -2.8956208E+00
     5.2439532E+00    -2.8604375E+00
     5.3084538E+00    -2.8256816E+00
     5.3737478E+00    -2.7913480E+00
     5.4398449E+00    -2.7574316E+00
     5.5067549E+00    -2.7239273E+00
     5.5744880E+00    -2.6908301E+00
     5.6430542E+00    -2.6581350E+00
     5.7124638E+00    -2.6258372E+00
     5.7827271E+00    -2.5939318E+00
     5.8538547E+00    -2.5624142E+00
     5.9258571E+00    -2.5312794E+00
     5.9987451E+00    -2.5005230E+00
     6.0725297E+00    -2.4701403E+00
     6.1472218E+00    -2.4401267E+00
     6.2228326E+00    -2.4104778E+00
     6.2993735E+00    -2.3811892E+00
     6.3768557E+00    -2.3522564E+00
     6.4552911E+00    -2.3236752E+00
     6.5346912E+00    -2.2954413E+00
     6.6150679E+00    -2.2675504E+00
     6.6964332E+00    -2.2399985E+00
     6.7787993E+00    -2.2127812E+00
     6.8621786E+00    -2.1858947E+00
     6.9465833E+00    -2.1593349E+00
     7.0320263E+00    -2.1330978E+00
     7.1185202E+00    -2.1071795E+00
     7.2060780E+00    -2.0815761E+00
     7.2947128E+00    -2.0562838E+00
     7.3844378E+00    -2.0312989E+00
     7.4752664E+00    -2.0066175E+00
     7.5672121E+00    -1.9822360E+00
     7.6602888E+00    -1.9581507E+00
     7.7545104E+00    -1.9343581E+00
     7.8498909E+00    -1.9108546E+00
     7.9464445E+00    -1.8876367E+00
     8.0441858E+00    -1.8647008E+00
     8.1431293E+00    -1.8420437E+00
     8.2432898E+00    -1.8196619E+00
     8.3446822E+00    -1.7975520E+00
     8.4473218E+00    -1.7757107E+00
     8.5512239E+00    -1.7541349E+00
     8.6564039E+00    -1.7328212E+00
     8.7628777E+00    -1.7117664E+00
     8.8706611E+00    -1.6909675E+00
     8.9797702E+00    -1.6704214E+00
     9.0902214E+00    -1.6501248E+00
     9.2020311E+00    -1.6300749E+00
     9.3152161E+00    -1.6102686E+00
     9.4297933E+00    -1.5907030E+00
     9.5457797E+00    -1.5713750E+00
     9.6631928E+00    -1.5522820E+00
     9.7820501E+00    -1.5334209E+00
     9.9023693E+00    -1.5147890E+00
     1.0024168E+01    -1.4963835E+00
     1.0147466E+01    -1.4782016E+00
     1.0272280E+01    -1.4602406E+00
     1.0398629E+01    -1.4424979E+00
     1.0526532E+01    -1.4249708E+00
     1.0656008E+01    -1.4076566E+00
     1.0787077E+01    -1.3905528E+00
     1.0919758E+01    -1.3736568E+00
     1.1054071E+01    -1.3569661E+00
     1.1190036E+01    -1.3404782E+00
     1.1327674E+01    -1.3241907E+00
     1.1467004E+01    -1.3081011E+00
     1.1608048E+01    -1.2922069E+00
     1.1750827E+01    -1.2765059E+00
     1.1895362E+01    -1.2609956E+00
     1.2041675E+01    -1.2456739E+00
     1.2189788E+01    -1.2305382E+00
     1.2339722E+01    -1.2155865E+00
     1.2491501E+01    -1.2008165E+00
     1.2645146E+01    -1.1862259E+00
     1.2800682E+01    -1.1718126E+00
     1.2958130E+01    -1.1575744E+00
     1.3117515E+01    -1.1435093E+00
     1.3278860E+01    -1.1296150E+00
     1.3442190E+01    -1.1158896E+00
     1.3607529E+01    -1.1023309E+00
     1.3774902E+01    -1.0889370E+00
     1.3944333E+01    -1.0757058E+00
     1.4115848E+01    -1.0626354E+00
     1.4289473E+01    -1.0497238E+00
     1.4465234E+01    -1.0369691E+00
     1.4643156E+01    -1.0243693E+00
     1.4823267E+01    -1.0119227E+00
     1.5005593E+01    -9.9962725E-01
     1.5190162E+01    -9.8748123E-01
     1.5377001E+01    -9.7548279E-01
     1.5566138E+01    -9.6363014E-01
     1.5757602E+01    -9.5192151E-01
     1.5951420E+01    -9.4035514E-01
     1.6147623E+01    -9.2892931E-01
     1.6346238E+01    -9.1764231E-01
     1.6547297E+01    -9.0649245E-01
     1.6750829E+01    -8.9547807E-01
     1.6956864E+01    -8.8459752E-01
     1.7165434E+01    -8.7384918E-01
     1.7376568E+01    -8.6323143E-01
     1.7590300E+01    -8.5274269E-01
     1.7806661E+01    -8.4238140E-01
     1.8025683E+01    -8.3214601E-01
     1.8247399E+01    -8.2203498E-01
     1.8471842E+01    -8.1204680E-01
     1.8699045E+01    -8.0217999E-01
     1.8929044E+01    -7.9243306E-01
     1.9161871E+01    -7.8280457E-01
     1.9397562E+01    -7.7329306E-01
     1.9636152E+01    -7.6389713E-01
     1.9877677E+01    -7.5461536E-01
     2.0122172E+01    -7.4544637E-01
     2.0369675E+01    -7.3638878E-01
     2.0620222E+01    -7.2744126E-01
     2.0873850E+01    -7.1860245E-01
     2.1130599E+01    -7.0987103E-01
     2.1390505E+01    -7.0124571E-01
     2.1653608E+01    -6.9272519E-01
     2.1919948E+01    -6.8430820E-01
     2.2189563E+01    -6.7599348E-01
     2.2462495E+01    -6.6777979E-01
     2.2738783E+01    -6.5966590E-01
     2.3018470E+01    -6.5165060E-01
     2.3301598E+01    -6.4373268E-01
     2.3588207E+01    -6.3591098E-01
     2.3878342E+01    -6.2818431E-01
     2.4172046E+01    -6.2055153E-01
     2.4469362E+01    -6.1301149E-01
     2.4770335E+01    -6.0556306E-01
     2.5075010E+01    -5.9820514E-01
     2.5383433E+01    -5.9093662E-01
     2.5695649E+01    -5.8375641E-01
     2.6011706E+01    -5.7666345E-01
     2.6331650E+01    -5.6965668E-01
     2.6655529E+01    -5.6273504E-01
     2.6983392E+01    -5.5589750E-01
     2.7315288E+01    -5.4914304E-01
     2.7651266E+01    -5.4247065E-01
     2.7991376E+01    -5.3587933E-01
     2.8335670E+01    -5.2936810E-01
     2.8684199E+01    -5.2293599E-01
     2.9037015E+01    -5.1658203E-01
     2.9394170E+01    -5.1030528E-01
     2.9755718E+01    -5.0410479E-01
     3.0121713E+01    -4.9797964E-01
     3.0492211E+01    -4.9192891E-01
     3.0867265E+01    -4.8595171E-01
     3.1246932E+01    -4.8004713E-01
     3.1631269E+01    -4.7421429E-01
     3.2020334E+01    -4.6845233E-01
     3.2414184E+01    -4.6276038E-01
     3.2812879E+01    -4.5713758E-01
     3.3216477E+01    -4.5158311E-01
     3.3625040E+01    -4.4609613E-01
     3.4038628E+01    -4.4067582E-01
     3.4457303E+01    -4.3532136E-01
     3.4881128E+01    -4.3003197E-01
     3.5310165E+01    -4.2480685E-01
     3.5744480E+01    -4.1964521E-01
     3.6184138E+01    -4.1454629E-01
     3.6629202E+01    -4.0950933E-01
     3.7079742E+01    -4.0453356E-01
     3.7535822E+01    -3.9961826E-01
     3.7997513E+01    -3.9476268E-01
     3.8464882E+01    -3.8996609E-01
     3.8938001E+01    -3.8522779E-01
     3.9416938E+01    -3.8054706E-01
     3.9901766E+01    -3.7592321E-01
     4.0392558E+01    -3.7135554E-01
     4.0889386E+01    -3.6684336E-01
     4.1392326E+01    -3.6238601E-01
     4.1901452E+01    -3.5798283E-01
     4.2416839E+01    -3.5363314E-01
     4.2938566E+01    -3.4933630E-01
     4.3466711E+01    -3.4509167E-01
     4.4001351E+01    -3.4089862E-01
     4.4542568E+01    -3.3675652E-01
     4.5090442E+01    -3.3266474E-01
     4.5645054E+01    -3.2862268E-01
     4.6206488E+01    -3.2462973E-01
     4.6774828E+01    -3.2068531E-01
     4.7350158E+01    -3.1678880E-01
     4.7932565E+01    -3.1293965E-01
     4.8522136E+01    -3.0913726E-01
     4.9118958E+01    -3.0538107E-01
     4.9723121E+01    -3.0167052E-01
     5.0334716E+01    -2.9800506E-01
     5.0953833E+01    -2.9438414E-01
     5.1580565E+01    -2.9080721E-01
     5.2215006E+01    -2.8727374E-01
     5.2857250E+01    -2.8378321E-01
     5.3507395E+01    -2.8033508E-01
     5.4165536E+01    -2.7692886E-01
     5.4831772E+01    -2.7356402E-01
     5.5506202E+01    -2.7024007E-01
     5.6188929E+01    -2.6695650E-01
     5.6880053E+01    -2.6371284E-01
     5.7579677E+01    -2.6050858E-01
     5.8287907E+01    -2.5734326E-01
     5.9004848E+01    -2.5421640E-01
     5.9730608E+01    -2.5112753E-01
     6.0465295E+01    -2.4807619E-01
     6.1209018E+01    -2.4506193E-01
     6.1961889E+01    -2.4208429E-01
     6.2724020E+01    -2.3914284E-01
     6.3495525E+01    -2.3623712E-01
     6.4276520E+01    -2.3336671E-01
     6.5067121E+01    -2.3053118E-01
     6.5867447E+01    -2.2773010E-01
     6.6677617E+01    -2.2496305E-01
     6.7497751E+01    -2.2222963E-01
     6.8327974E+01    -2.1952941E-01
     6.9168408E+01    -2.1686201E-01
     7.0019179E+01    -2.1422702E-01
     7.0880415E+01    -2.1162404E-01
     7.1752244E+01    -2.0905269E-01
     7.2634797E+01    -2.0651259E-01
     7.3528205E+01    -2.0400335E-01
     7.4432602E+01    -2.0152460E-01
     7.5348123E+01    -1.9907596E-01
     7.6274905E+01    -1.9665708E-01
     7.7213086E+01    -1.9426759E-01
     7.8162807E+01    -1.9190713E-01
     7.9124209E+01    -1.8957535E-01
