  2.155172413793100E-004   1.43201941631227     
  2.181681034482800E-004   1.43201946198474     
  2.208515711206900E-004   1.43201950878766     
  2.235680454454700E-004   1.43201955674901     
  2.263179324044500E-004   1.43201960639479     
  2.291016429730300E-004   1.43201965873536     
  2.319195931816000E-004   1.43201971356288     
  2.347722041777300E-004   1.43201977097453     
  2.376599022891200E-004   1.43201983101942     
  2.405831190872700E-004   1.43201989374819     
  2.435422914520500E-004   1.43201995921243     
  2.465378616369100E-004   1.43202002746570     
  2.495702773350400E-004   1.43202009856280     
  2.526399917462600E-004   1.43202017256000     
  2.557474636447400E-004   1.43202024951525     
  2.588931574475700E-004   1.43202032948809     
  2.620775432841800E-004   1.43202041253961     
  2.653010970665700E-004   1.43202049873284     
  2.685643005604900E-004   1.43202058813215     
  2.718676414573800E-004   1.43202068080397     
  2.752116134473100E-004   1.43202077681629     
  2.785967162927100E-004   1.43202087623922     
  2.820234559031100E-004   1.43202097914453     
  2.854923444107200E-004   1.43202108560598     
  2.890039002469700E-004   1.43202119569939     
  2.925586482200100E-004   1.43202130950246     
  2.961571195931200E-004   1.43202142709508     
  2.997998521641100E-004   1.43202154855931     
  3.034873903457300E-004   1.43202167397915     
  3.072202852469800E-004   1.43202180344107     
  3.109990947555200E-004   1.43202193703364     
  3.148243836210100E-004   1.43202207484794     
  3.186967235395500E-004   1.43202221697725     
  3.226166932390900E-004   1.43202236351741     
  3.265848785659300E-004   1.43202251456679     
  3.306018725722900E-004   1.43202267022626     
  3.346682756049300E-004   1.43202283059930     
  3.387846953948700E-004   1.43202299579216     
  3.429517471482300E-004   1.43202316591375     
  3.471700536381500E-004   1.43202334107594     
  3.514402452979000E-004   1.43202352139333     
  3.557629603150600E-004   1.43202370698363     
  3.601388447269400E-004   1.43202389796739     
  3.645685525170800E-004   1.43202409446852     
  3.690527457130400E-004   1.43202429661391     
  3.735920944853100E-004   1.43202450453381     
  3.781872772474800E-004   1.43202471836175     
  3.828389807576200E-004   1.43202493823476     
  3.875479002209400E-004   1.43202516429324     
  3.923147393936600E-004   1.43202539668130     
  3.971402106882000E-004   1.43202563554673     
  4.020250352796700E-004   1.43202588104094     
  4.069699432136100E-004   1.43202613331941     
  4.119756735151300E-004   1.43202639254146     
  4.170429742993700E-004   1.43202665887034     
  4.221726028832500E-004   1.43202693247369     
  4.273653258987200E-004   1.43202721352316     
  4.326219194072700E-004   1.43202750219501     
  4.379431690159800E-004   1.43202779866972     
  4.433298699948800E-004   1.43202810313244     
  4.487828273958100E-004   1.43202841577308     
  4.543028561727800E-004   1.43202873678616     
  4.598907813037100E-004   1.43202906637122     
  4.655474379137400E-004   1.43202940473294     
  4.712736714000800E-004   1.43202975208092     
  4.770703375583000E-004   1.43203010863023     
  4.829383027102700E-004   1.43203047460125     
  4.888784438336100E-004   1.43203085021997     
  4.948916486927600E-004   1.43203123571809     
  5.009788159716800E-004   1.43203163133300     
  5.071408554081300E-004   1.43203203730817     
  5.133786879296500E-004   1.43203245389313     
  5.196932457911900E-004   1.43203288134367     
  5.260854727144200E-004   1.43203331992207     
  5.325563240288000E-004   1.43203376989713     
  5.391067668143600E-004   1.43203423154427     
  5.457377800461800E-004   1.43203470514601     
  5.524503547407400E-004   1.43203519099189     
  5.592454941040500E-004   1.43203568937858     
  5.661242136815300E-004   1.43203620061027     
  5.730875415098200E-004   1.43203672499870     
  5.801365182703900E-004   1.43203726286354     
  5.872721974451100E-004   1.43203781453231     
  5.944956454736900E-004   1.43203838034067     
  6.018079419130200E-004   1.43203896063282     
  6.092101795985500E-004   1.43203955576148     
  6.167034648076100E-004   1.43204016608816     
  6.242889174247400E-004   1.43204079198339     
  6.319676711090700E-004   1.43204143382690     
  6.397408734637100E-004   1.43204209200802     
  6.476096862073100E-004   1.43204276692569     
  6.555752853476600E-004   1.43204345898877     
  6.636388613574400E-004   1.43204416861635     
  6.718016193521300E-004   1.43204489623803     
  6.800647792701600E-004   1.43204564229397     
  6.884295760551900E-004   1.43204640723533     
  6.968972598406700E-004   1.43204719152462     
  7.054690961367100E-004   1.43204799563574     
  7.141463660191900E-004   1.43204882005443     
  7.229303663212200E-004   1.43204966527851     
  7.318224098269700E-004   1.43205053181815     
  7.408238254678500E-004   1.43205142019622     
  7.499359585211000E-004   1.43205233094872     
  7.591601708109099E-004   1.43205326462480     
  7.684978409118800E-004   1.43205422178738     
  7.779503643551000E-004   1.43205520301328     
  7.875191538366701E-004   1.43205620889376     
  7.972056394288600E-004   1.43205724003472     
  8.070112687938300E-004   1.43205829705714     
  8.169375073999999E-004   1.43205938059736     
  8.269858387410200E-004   1.43206049130765     
  8.371577645575300E-004   1.43206162985639     
  8.474548050615900E-004   1.43206279692858     
  8.578784991638500E-004   1.43206399322625     
  8.684304047035599E-004   1.43206521946889     
  8.791120986814200E-004   1.43206647639376     
  8.899251774952000E-004   1.43206776475656     
  9.008712571783900E-004   1.43206908533164     
  9.119519736416800E-004   1.43207043891265     
  9.231689829174800E-004   1.43207182631285     
  9.345239614073600E-004   1.43207324836583     
  9.460186061326700E-004   1.43207470592572     
  9.576546349881000E-004   1.43207619986795     
  9.694337869984600E-004   1.43207773108960     
  9.813578225785400E-004   1.43207930051009     
  9.934285237962501E-004   1.43208090907163     
  1.005647694638900E-003   1.43208255773988     
  1.018017161283000E-003   1.43208424750402     
  1.030538772366800E-003   1.43208597937844     
  1.043214399266900E-003   1.43208775440240     
  1.056045936377900E-003   1.43208957364077     
  1.069035301395300E-003   1.43209143818524     
  1.082184435602500E-003   1.43209334915392     
  1.095495304160400E-003   1.43209530769344     
  1.108969896401600E-003   1.43209731497827     
  1.122610226127300E-003   1.43209937221251     
  1.136418331908700E-003   1.43210148062950     
  1.150396277391200E-003   1.43210364149373     
  1.164546151603100E-003   1.43210585610092     
  1.178870069267800E-003   1.43210812577878     
  1.193370171119800E-003   1.43211045188793     
  1.208048624224600E-003   1.43211283582286     
  1.222907622302500E-003   1.43211527901285     
  1.237949386056800E-003   1.43211778292208     
  1.253176163505300E-003   1.43212034905139     
  1.268590230316500E-003   1.43212297893865     
  1.284193890149300E-003   1.43212567416062     
  1.299989474998200E-003   1.43212843633178     
  1.315979345540700E-003   1.43213126710787     
  1.332165891490800E-003   1.43213416818530     
  1.348551531956100E-003   1.43213714130230     
  1.365138715799200E-003   1.43214018824025     
  1.381929922003500E-003   1.43214331082516     
  1.398927660044200E-003   1.43214651092768     
  1.416134470262700E-003   1.43214979046557     
  1.433552924247000E-003   1.43215315140332     
  1.451185625215200E-003   1.43215659575500     
  1.469035208405300E-003   1.43216012558401     
  1.487104341468700E-003   1.43216374300496     
  1.505395724868800E-003   1.43216745018515     
  1.523912092284700E-003   1.43217124934559     
  1.542656211019800E-003   1.43217514276232     
  1.561630882415300E-003   1.43217913276785     
  1.580838942269000E-003   1.43218322175236     
  1.600283261258900E-003   1.43218741216554     
  1.619966745372400E-003   1.43219170651770     
  1.639892336340500E-003   1.43219610738150     
  1.660063012077500E-003   1.43220061739341     
  1.680481787126000E-003   1.43220523925536     
  1.701151713107700E-003   1.43220997573590     
  1.722075879178900E-003   1.43221482967288     
  1.743257412492800E-003   1.43221980397405     
  1.764699478666500E-003   1.43222490161944     
  1.786405282254100E-003   1.43223012566316     
  1.808378067225800E-003   1.43223547923495     
  1.830621117452700E-003   1.43224096554209     
  1.853137757197400E-003   1.43224658787161     
  1.875931351610900E-003   1.43225234959215     
  1.899005307235700E-003   1.43225825415571     
  1.922363072514700E-003   1.43226430510006     
  1.946008138306600E-003   1.43227050605083     
  1.969944038407800E-003   1.43227686072341     
  1.994174350080200E-003   1.43228337292570     
  2.018702694586200E-003   1.43229004655982     
  2.043532737729600E-003   1.43229688562494     
  2.068668190403700E-003   1.43230389421932     
  2.094112809145600E-003   1.43231107654323     
  2.119870396698100E-003   1.43231843690077     
  2.145944802577500E-003   1.43232597970323     
  2.172339923649200E-003   1.43233370947135     
  2.199059704710100E-003   1.43234163083803     
  2.226108139078000E-003   1.43234974855133     
  2.253489269188700E-003   1.43235806747696     
  2.281207187199700E-003   1.43236659260181     
  2.309266035602300E-003   1.43237532903626     
  2.337670007840200E-003   1.43238428201794     
  2.366423348936600E-003   1.43239345691437     
  2.395530356128500E-003   1.43240285922638     
  2.424995379508900E-003   1.43241249459148     
  2.454822822676900E-003   1.43242236878729     
  2.485017143395800E-003   1.43243248773504     
  2.515582854259600E-003   1.43244285750286     
  2.546524523367000E-003   1.43245348430988     
  2.577846775004400E-003   1.43246437452971     
  2.609554290336900E-003   1.43247553469438     
  2.641651808108100E-003   1.43248697149810     
  2.674144125347800E-003   1.43249869180186     
  2.707036098089600E-003   1.43251070263686     
  2.740332642096100E-003   1.43252301120933     
  2.774038733593900E-003   1.43253562490458     
  2.808159410017100E-003   1.43254855129165     
  2.842699770760300E-003   1.43256179812777     
  2.877664977940600E-003   1.43257537336315     
  2.913060257169300E-003   1.43258928514564     
  2.948890898332500E-003   1.43260354182599     
  2.985162256382000E-003   1.43261815196263     
  3.021879752135500E-003   1.43263312432696     
  3.059048873086800E-003   1.43264846790865     
  3.096675174225700E-003   1.43266419192125     
  3.134764278868700E-003   1.43268030580740     
  3.173321879498800E-003   1.43269681924507     
  3.212353738616600E-003   1.43271374215314     
  3.251865689601600E-003   1.43273108469739     
  3.291863637583700E-003   1.43274885729692     
  3.332353560326000E-003   1.43276707063028     
  3.373341509118000E-003   1.43278573564211     
  3.414833609680100E-003   1.43280486354971     
  3.456836063079200E-003   1.43282446584982     
  3.499355146655100E-003   1.43284455432587     
  3.542397214958900E-003   1.43286514105502     
  3.585968700702900E-003   1.43288623841533     
  3.630076115721600E-003   1.43290785909363     
  3.674726051945000E-003   1.43293001609321     
  3.719925182383900E-003   1.43295272274163     
  3.765680262127200E-003   1.43297599269887     
  3.811998129351400E-003   1.43299983996575     
  3.858885706342400E-003   1.43302427889260     
  3.906350000530400E-003   1.43304932418779     
  3.954398105536900E-003   1.43307499092694     
  4.003037202235000E-003   1.43310129456202     
  4.052274559822500E-003   1.43312825093093     
  4.102117536908300E-003   1.43315587626717     
  4.152573582612300E-003   1.43318418720972     
  4.203650237678400E-003   1.43321320081344     
  4.255355135601900E-003   1.43324293455922     
  4.307696003769800E-003   1.43327340636515     
  4.360680664616200E-003   1.43330463459712     
  4.414317036790900E-003   1.43333663808046     
  4.468613136343500E-003   1.43336943611110     
  4.523577077920500E-003   1.43340304846801     
  4.579217075978900E-003   1.43343749542488     
  4.635541446013400E-003   1.43347279776288     
  4.692558605799400E-003   1.43350897678334     
  4.750277076650700E-003   1.43354605432110     
  4.808705484693500E-003   1.43358405275770     
  4.867852562155300E-003   1.43362299503539     
  4.927727148669800E-003   1.43366290467139     
  4.988338192598400E-003   1.43370380577219     
  5.049694752367400E-003   1.43374572304854     
  5.111805997821500E-003   1.43378868183095     
  5.174681211594700E-003   1.43383270808511     
  5.238329790497300E-003   1.43387782842815     
  5.302761246920400E-003   1.43392407014509     
  5.367985210257600E-003   1.43397146120571     
  5.434011428343700E-003   1.43402003028220     
  5.500849768912400E-003   1.43406980676645     
  5.568510221070000E-003   1.43412082078893     
  5.637002896789100E-003   1.43417310323698     
  5.706338032419600E-003   1.43422668577416     
  5.776525990218400E-003   1.43428160086007     
  5.847577259898100E-003   1.43433788177055     
  5.919502460194800E-003   1.43439556261833     
  5.992312340455200E-003   1.43445467837434     
  6.066017782242800E-003   1.43451526488964     
  6.140629800964400E-003   1.43457735891772     
  6.216159547516300E-003   1.43464099813750     
  6.292618309950700E-003   1.43470622117697     
  6.370017515163100E-003   1.43477306763716     
  6.448368730599600E-003   1.43484157811716     
  6.527683665986000E-003   1.43491179423943     
  6.607974175077600E-003   1.43498375867595     
  6.689252257431100E-003   1.43505751517491     
  6.771530060197500E-003   1.43513310858828     
  6.854819879937900E-003   1.43521058489986     
  6.939134164461200E-003   1.43528999125417     
  7.024485514684000E-003   1.43537137598629     
  7.110886686514600E-003   1.43545478865190     
  7.198350592758800E-003   1.43554028005874     
  7.286890305049700E-003   1.43562790229858     
  7.376519055801800E-003   1.43571770877986     
  7.467250240188200E-003   1.43580975426146     
  7.559097418142500E-003   1.43590409488727     
  7.652074316385600E-003   1.43600078822148     
  7.746194830477200E-003   1.43609989328491     
  7.841473026892100E-003   1.43620147059240     
  7.937923145122800E-003   1.43630558219090     
  8.035559599807800E-003   1.43641229169861     
  8.134396982885501E-003   1.43652166434532     
  8.234450065775001E-003   1.43663376701360     
  8.335733801584000E-003   1.43674866828104     
  8.438263327343499E-003   1.43686643846360     
  8.542053966269799E-003   1.43698714966020     
  8.647121230054899E-003   1.43711087579825     
  8.753480821184600E-003   1.43723769268043     
  8.861148635285200E-003   1.43736767803275     
  8.970140763499199E-003   1.43750091155372     
  9.080473494890200E-003   1.43763747496477     
  9.192163318877400E-003   1.43777745206199     
  9.305226927699599E-003   1.43792092876931     
  9.419681218910301E-003   1.43806799319279     
  9.535543297902901E-003   1.43821873567647     
  9.652830480467100E-003   1.43837324885957     
  9.771560295376800E-003   1.43853162773516     
  9.891750487009901E-003   1.43869396971028     
  1.001341901800000E-002   1.43886037466765     
  1.013658407192200E-002   1.43903094502865     
  1.026126405600600E-002   1.43920578581911     
  1.038747760389500E-002   1.43938500473394     
  1.051524357842300E-002   1.43956871220708     
  1.064458107443800E-002   1.43975702148032     
  1.077550942165300E-002   1.43995004867559     
  1.090804818754000E-002   1.44014791286699     
  1.104221718024600E-002   1.44035073615825     
  1.117803645156300E-002   1.44055864375730     
  1.131552629991800E-002   1.44077176405710     
  1.145470727340600E-002   1.44099022871677     
  1.159560017286900E-002   1.44121417274258     
  1.173822605499600E-002   1.44144373457529     
  1.188260623547200E-002   1.44167905617682     
  1.202876229216800E-002   1.44192028311852     
  1.217671606836200E-002   1.44216756467384     
  1.232648967600300E-002   1.44242105391220     
  1.247810549901800E-002   1.44268090779472     
  1.263158619665600E-002   1.44294728727308     
  1.278695470687500E-002   1.44322035739041     
  1.294423424976900E-002   1.44350028738513     
  1.310344833104100E-002   1.44378725079634     
  1.326462074551300E-002   1.44408142557326     
  1.342777558068300E-002   1.44438299418641     
  1.359293722032500E-002   1.44469214374170     
  1.376013034813500E-002   1.44500906609706     
  1.392937995141700E-002   1.44533395798291     
  1.410071132482000E-002   1.44566702112439     
  1.427415007411500E-002   1.44600846236793     
  1.444972212002700E-002   1.44635849380912     
  1.462745370210300E-002   1.44671733292604     
  1.480737138263900E-002   1.44708520271360     
  1.498950205064500E-002   1.44746233182321     
  1.517387292586800E-002   1.44784895470415     
  1.536051156285600E-002   1.44824531175007     
  1.554944585508000E-002   1.44865164944760     
  1.574070403909700E-002   1.44906822053047     
  1.593431469877800E-002   1.44949528413492     
  1.613030676957300E-002   1.44993310596179     
  1.632870954283900E-002   1.45038195844069     
  1.652955267021600E-002   1.45084212089922     
  1.673286616805900E-002   1.45131387973616     
  1.693868042192600E-002   1.45179752859864     
  1.714702619111600E-002   1.45229336856480     
  1.735793461326700E-002   1.45280170833026     
  1.757143720901000E-002   1.45332286439954     
  1.778756588668100E-002   1.45385716128214     
  1.800635294708700E-002   1.45440493169437     
  1.822783108833600E-002   1.45496651676547     
  1.845203341072300E-002   1.45554226624957     
  1.867899342167500E-002   1.45613253874338     
  1.890874504076100E-002   1.45673770190881     
  1.914132260476300E-002   1.45735813270161     
  1.937676087280100E-002   1.45799421760722     
  1.961509503153700E-002   1.45864635288046     
  1.985636070042400E-002   1.45931494479441     
  2.010059393704000E-002   1.46000040989292     
  2.034783124246500E-002   1.46070317525317     
  2.059810956674800E-002   1.46142367875190     
  2.085146631441900E-002   1.46216236934197     
  2.110793935008600E-002   1.46291970733403     
  2.136756700409200E-002   1.46369616468723     
  2.163038807824200E-002   1.46449222530775     
  2.189644185160500E-002   1.46530838535509     
  2.216576808637900E-002   1.46614515355795     
  2.243840703384200E-002   1.46700305153716     
  2.271439944035800E-002   1.46788261414014     
  2.299378655347500E-002   1.46878438978244     
  2.327661012808200E-002   1.46970894080113     
  2.356291243265800E-002   1.47065684381626     
  2.385273625557900E-002   1.47162869010516     
  2.414612491152300E-002   1.47262508598510     
  2.444312224793500E-002   1.47364665320945     
  2.474377265158400E-002   1.47469402937395     
  2.504812105519900E-002   1.47576786833534     
  2.535621294417800E-002   1.47686884064337     
  2.566809436339100E-002   1.47799763398453     
  2.598381192406100E-002   1.47915495363978     
  2.630341281072700E-002   1.48034152295651     
  2.662694478829900E-002   1.48155808383420     
  2.695445620919500E-002   1.48280539722557     
  2.728599602056800E-002   1.48408424365294     
  2.762161377162100E-002   1.48539542374081     
  2.796135962101200E-002   1.48673975876501     
  2.830528434435000E-002   1.48811809121927     
  2.865343934178600E-002   1.48953128539924     
  2.900587664569000E-002   1.49098022800603     
  2.936264892843200E-002   1.49246582876795     
  2.972380951025200E-002   1.49398902108293     
  3.008941236722800E-002   1.49555076268160     
  3.045951213934500E-002   1.49715203631158     
  3.083416413865800E-002   1.49879385044458     
  3.121342435756400E-002   1.50047724000591     
  3.159734947716200E-002   1.50220326712921     
  3.198599687573100E-002   1.50397302193481     
  3.237942463730300E-002   1.50578762333471     
  3.277769156034100E-002   1.50764821986454     
  3.318085716653400E-002   1.50955599054234     
  3.358898170968200E-002   1.51151214575791     
  3.400212618471100E-002   1.51351792819034     
  3.442035233678300E-002   1.51557461375793     
  3.484372267052500E-002   1.51768351259994     
  3.527230045937300E-002   1.51984597009153     
  3.570614975502300E-002   1.52206336789428     
  3.614533539701000E-002   1.52433712504172     
  3.658992302239300E-002   1.52666869906329     
  3.703997907556900E-002   1.52905958714634     
  3.749557081819800E-002   1.53151132733923     
  3.795676633926200E-002   1.53402549979534     
  3.842363456523500E-002   1.53660372806156     
  3.889624527038700E-002   1.53924768041110     
  3.937466908721300E-002   1.54195907122338     
  3.985897751698600E-002   1.54473966241274     
  4.034924294044500E-002   1.54759126490735     
  4.084553862861200E-002   1.55051574018063     
  4.134793875374400E-002   1.55351500183709     
  4.185651840041500E-002   1.55659101725500     
  4.237135357674000E-002   1.55974580928742     
  4.289252122573400E-002   1.56298145802456     
  4.342009923681100E-002   1.56630010261951     
  4.395416645742300E-002   1.56970394318005     
  4.449480270485000E-002   1.57319524272845     
  4.504208877811900E-002   1.57677632923374     
  4.559610647009000E-002   1.58044959771649     
  4.615693857967200E-002   1.58421751243221     
  4.672466892420200E-002   1.58808260913384     
  4.729938235197000E-002   1.59204749741825     
  4.788116475489900E-002   1.59611486315939     
  4.847010308138400E-002   1.60028747103166     
  4.906628534928500E-002   1.60456816712755     
  4.966980065908200E-002   1.60895988167316     
  5.028073920718800E-002   1.61346563184588     
  5.089919229943700E-002   1.61808852469768     
  5.152525236472000E-002   1.62283176019019     
  5.215901296880600E-002   1.62769863434406     
  5.280056882832200E-002   1.63269254250930     
  5.345001582491100E-002   1.63781698276047     
  5.410745101955700E-002   1.64307555942321     
  5.477297266709800E-002   1.64847198673612     
  5.544668023090300E-002   1.65401009265596     
  5.612867439774300E-002   1.65969382281022     
  5.681905709283500E-002   1.66552724460519     
  5.751793149507700E-002   1.67151455149527     
  5.822540205246700E-002   1.67766006742116     
  5.894157449771200E-002   1.68396825142419     
  5.966655586403400E-002   1.69044370244437     
  6.040045450116100E-002   1.69709116431109     
  6.114338009152600E-002   1.70391553093397     
  6.189544366665100E-002   1.71092185170437     
  6.265675762375100E-002   1.71811533711500     
  6.342743574252301E-002   1.72550136460995     
  6.420759320215599E-002   1.73308548467344     
  6.499734659854300E-002   1.74087342716958     
  6.579681396170500E-002   1.74887110794420     
  6.660611477343401E-002   1.75708463570054     
  6.742536998514700E-002   1.76552031916205     
  6.825470203596400E-002   1.77418467453504     
  6.909423487100699E-002   1.78308443328547     
  6.994409395992000E-002   1.79222655024464     
  7.080440631562700E-002   1.80161821205846     
  7.167530051330900E-002   1.81126684599760     
  7.255690670962300E-002   1.82118012914443     
  7.344935666215199E-002   1.83136599797529     
  7.435278374909600E-002   1.84183265835659     
  7.526732298921000E-002   1.85258859597398     
  7.619311106197700E-002   1.86364258721642     
  7.713028632803900E-002   1.87500371053540     
  7.807898884987401E-002   1.88668135830329     
  7.903936041272799E-002   1.89868524919424     
  8.001154454580400E-002   1.91102544111297     
  8.099568654371800E-002   1.92371234469750     
  8.199193348820601E-002   1.93675673742469     
  8.300043427011000E-002   1.95016977834646     
  8.402133961163299E-002   1.96396302348810     
  8.505480208885600E-002   1.97814844194140     
  8.610097615454899E-002   1.99273843268514     
  8.716001816125001E-002   2.00774584216986     
  8.823208638463299E-002   2.02318398270371     
  8.931734104716400E-002   2.03906665167857     
  9.041594434204400E-002   2.05540815167834     
  9.152806045745100E-002   2.07222331151208     
  9.265385560107800E-002   2.08952750821812     
  9.379349802497100E-002   2.10733669008696     
  9.494715805067799E-002   2.12566740075288     
  9.611500809470200E-002   2.14453680440779     
  9.729722269426699E-002   2.16396271219242     
  9.849397853340600E-002   2.18396360982308     
  9.970545446936700E-002   2.20455868651549     
  0.100931831559340        2.22576786527010     
  0.102173293087520        2.24761183458592     
  0.103430024592500        2.27011208167417     
  0.104702213894980        2.29329092724689     
  0.105990051125890        2.31717156195459     
  0.107293728754740        2.34177808456311     
  0.108613441618420        2.36713554194605     
  0.109949386950330        2.39326997098848     
  0.111301764409820        2.42020844249717     
  0.112670776112060        2.44797910721162     
  0.114056626658240        2.47661124402403     
  0.115459523166140        2.50613531051550     
  0.116879675301080        2.53658299592190     
  0.118317295307280        2.56798727664755     
  0.119772598039560        2.60038247445458     
  0.121245800995450        2.63380431745558     
  0.122737124347690        2.66829000404667     
  0.124246790977170        2.70387826992165     
  0.125775026506190        2.74060945832117     
  0.127322059332210        2.77852559366477     
  0.128888120662000        2.81767045873179     
  0.130473444546140        2.85808967556195     
  0.132078267914060        2.89983079024303     
  0.133702830609400        2.94294336177779     
  0.135347375425900        2.98747905521102     
  0.137012148143640        3.03349173922143     
  0.138697397565800        3.08103758837535     
  0.140403375555860        3.13017519025727     
  0.142130337075200        3.18096565769774     
  0.143878540221230        3.23347274631884     
  0.145648246265950        3.28776297763441     
  0.147439719695020        3.34390576794109     
  0.149253228247270        3.40197356324928     
  0.151089042954710        3.46204198050331     
  0.152947438183050        3.52418995534804     
  0.154828691672700        3.58849989670544     
  0.156733084580280        3.65505784842651     
  0.158660901520610        3.72395365828969     
  0.160612430609320        3.79528115461106     
  0.162587963505810        3.86913833075174     
  0.164587795456930        3.94562753777732     
  0.166612225341050        4.02485568555430     
  0.168661555712750        4.10693445253823     
  0.170736092848020        4.19198050451699     
  0.172836146790050        4.28011572255450     
  0.174962031395560        4.37146744037382     
  0.177114064381730        4.46616869139704     
  0.179292567373630        4.56435846564757     
  0.181497865952320        4.66618197668225     
  0.183730289703530        4.77179093870422     
  0.185990172266890        4.88134385396923     
  0.188277851385770        4.99500631055182     
  0.190593668957820        5.11295129048698     
  0.192937971086000        5.23535948826188     
  0.195311108130350        5.36241963954166     
  0.197713434760360        5.49432885995832     
  0.200145310007910        5.63129299369824     
  0.202607097321010        5.77352697151039     
  0.205099164618060        5.92125517767179     
  0.207621884342860        6.07471182529010     
  0.210175633520280        6.23414133919623     
  0.212760793812570        6.39979874551215     
  0.215377751576470        6.57195006678538     
  0.218026897920860        6.75087272140059     
  0.220708628765290        6.93685592571368     
  0.223423344899100        7.13020109713559     
  0.226171452041360        7.33122225607768     
  0.228953360901470        7.54024642437953     
  0.231769487240550        7.75761401747406     
  0.234620251933610        7.98367922716985     
  0.237506081032400        8.21881039151472     
  0.240427405829100        8.46339034772523     
  0.243384662920790        8.71781676367467     
  0.246378294274720        8.98250244287543     
  0.249408747294300        9.25787559729881     
  0.252476474886020        9.54438008170404     
  0.255581935527120        9.84247558247319     
  0.258725593334100        10.1526377531729     
  0.261907918132110        10.4753582882550     
  0.265129385525130        10.8111449254499     
  0.268390476967090        11.1605213664657     
  0.271691679833790        11.5240271046486     
  0.275033487495740        11.9022171472109     
  0.278416399391940        12.2956616185555     
  0.281840921104460        12.7049452301188     
  0.285307564434050        13.1306666009505     
  0.288816847476590        13.5734374120958     
  0.292369294700550        14.0338813765884     
  0.295965437025360        14.5126330056689     
  0.299605811900780        15.0103361506008     
  0.303290963387160        15.5276422982859     
  0.307021442236820        16.0652085976980     
  0.310797805976330        16.6236955931244     
  0.314620618989840        17.2037646391943     
  0.318490452603420        17.8060749718524     
  0.322407885170440        18.4312804087616     
  0.326373502158030        19.0800256521664     
  0.330387896234580        19.7529421670674     
  0.334451667358260        20.4506436076845     
  0.338565422866770        21.1737207656585     
  0.342729777568030        21.9227360144433     
  0.346945353832120        22.6982172257133     
  0.351212781684250        23.5006511357116     
  0.355532698898970        24.3304761420992     
  0.359905751095430        25.1880745153650     
  0.364332591833900        26.0737640130750     
  0.368813882713460        26.9877888904878     
  0.373350293470830        27.9303103072793     
  0.377942502080520        28.9013961374266     
  0.382591194856110        29.9010101978937     
  0.387297066552840        30.9290009215366     
  0.392060820471440        31.9850895108740     
  0.396883168563240        33.0688576219736     
  0.401764831536570        34.1797346418084     
  0.406706538964470        35.3169846380336     
  0.411709029393730        36.4796930772404     
  0.416773050455280        37.6667534263091     
  0.421899358975880        38.8768537714598     
  0.427088721091280        40.1084636107893     
  0.432341912360700        41.3598209984595     
  0.437659717882740        42.6289202418243     
  0.443042932412700        43.9135003764977     
  0.448492360481370        45.2110346681667     
  0.454008816515290        46.5187214133940     
  0.459593124958430        47.8334763340833     
  0.465246120395420        49.1519268808904     
  0.470968647676280        50.4704087788270     
  0.476761562042700        51.7849651623668     
  0.482625729255830        53.0913486562182     
  0.488562025725670        54.3850267597867     
  0.494571338642100        55.6611908862401     
  0.500654566107400        56.9147693885034     
  0.506812617270520        58.1404448713785     
  0.513046412462950        59.3326760383206     
  0.519356883336240        60.4857242494975     
  0.525744973001280        61.5936848717270     
  0.532211636169190        62.6505233790741     
  0.538757839294070        63.6501160161113     
  0.545384560717390        64.5862946702507     
  0.552092790814210        65.4528954275098     
  0.558883532141230        66.2438101292945     
  0.565757799586570        66.9530401360040     
  0.572716620521480        67.5747514708964     
  0.579761034953890        68.1033305953014     
  0.586892095683830        68.5334402663218     
  0.594110868460740        68.8600752307665     
  0.601418432142810        69.0786178522254     
  0.608815878858160        69.1848940526323     
  0.616304314168120        69.1752300613209     
  0.623884857232390        69.0465103141529     
  0.631558640976340        68.7962364064855     
  0.639326812260350        68.4225863374811     
  0.647190532051150        67.9244725269619     
  0.655150975595380        67.3015964138944     
  0.663209332595210        66.5544970118550     
  0.671366807386130        65.6845906873948     
  0.679624619116980        64.6941996415519     
  0.687984001932120        63.5865670394831     
  0.696446205155880        62.3658573387528     
  0.705012493479300        61.0371410071622     
  0.713684147149090        59.6063634195660     
  0.722462462159030        58.0802982413333     
  0.731348750443580        56.4664860370655     
  0.740344340074040        54.7731591980749     
  0.749450575456950        53.0091545787513     
  0.758668817535070        51.1838154848891     
  0.768000443990750        49.3068848753899     
  0.777446849451840        47.3883918242006     
  0.787009445700100        45.4385334389528     
  0.796689661882210        43.4675545402534     
  0.806488944723360        41.4856274639119     
  0.816408758743460        39.5027343510997     
  0.826450586476000        37.5285542339939     
  0.836615928689660        35.5723571048403     
  0.846906304612540        33.6429069755245     
  0.857323252159270        31.7483756964699     
  0.867868328160830        29.8962690148537     
  0.878543108597210        28.0933660218071     
  0.889349188832960        26.3456727817757     
  0.900288183855600        24.6583905399693     
  0.911361728517020        23.0358985579501     
  0.922571477777780        21.4817512461784     
  0.933919106954450        19.9986888050827     
  0.945406311969990        18.5886605332880     
  0.957034809607220        17.2528593928061     
  0.968806337765390        15.9917663893665     
  0.980722655719900        14.8052031113324     
  0.992785544385260        13.6923906811142     
   1.00499680658120        12.6520133384289     
   1.01735826730210        11.6822848990044     
   1.02987177399000        10.7810164102989     
   1.04253919681000        9.94568345035338     
   1.05536242893080        9.17349167816788     
   1.06834338680670        8.46143943464592     
   1.08148401046440        7.80637640161438     
   1.09478626379310        7.20505754339701     
   1.10825213483770        6.65419177137190     
   1.12188363609620        6.15048497904777     
   1.13568280482020        5.69067728693626     
   1.14965170331950        5.27157450785182     
   1.16379241927030        4.89007399112019     
   1.17810706602740        4.54318512687097     
   1.19259778293950        4.22804488914028     
   1.20726673566970        3.94192887014064     
   1.22211611651840        3.68225831017534     
   1.23714814475160        3.44660366108174     
   1.25236506693200        3.23268523901583     
   1.26776915725530        3.03837152726743     
   1.28336271788950        2.86167568325906     
   1.29914807931960        2.70075078581926     
   1.31512760069520        2.55388432785556     
   1.33130367018370        2.41949241328193     
   1.34767870532700        2.29611405374696     
   1.36425515340250        2.18240588047112     
   1.38103549178940        2.07713749271193     
   1.39802222833840        1.97918756345655     
   1.41521790174700        1.88754072294366     
   1.43262508193840        1.80128514900076     
   1.45024637044630        1.71961071458549     
   1.46808440080280        1.64180747878581     
   1.48614183893260        1.56726425714827     
   1.50442138355150        1.49546697028918     
   1.52292576656920        1.42599644832462     
   1.54165775349800        1.35852536784744     
   1.56062014386600        1.29281402480976     
   1.57981577163560        1.22870470655267     
   1.59924750562670        1.16611452112127     
   1.61891824994590        1.10502666720328     
   1.63883094442020        1.04548027178485     
   1.65898856503660       0.987559067571832     
   1.67939412438660       0.931379308818263     
   1.70005067211650       0.877077414829305     
   1.72096129538350       0.824797873255984     
   1.74212911931680       0.774681926502420     
   1.76355730748440       0.726857508239691     
   1.78524906236640       0.681430808487358     
   1.80720762583350       0.638479720309879     
   1.82943627963130       0.598049262123611     
   1.85193834587070       0.560149070222568     
   1.87471718752500       0.524752804799619     
   1.89777620893150       0.491799318744528     
   1.92111885630140       0.461195374299311     
   1.94474861823390       0.432819677096546     
   1.96866902623820       0.406528006717945     
   1.99288365526090       0.382159245283505     
   2.01739612422060       0.359542121446052     
   2.04221009654850       0.338502472529804     
   2.06732928073600       0.318870758904347     
   2.09275743088910       0.300489426936341     
   2.11849834728900       0.283219517606267     
   2.14455587696070       0.266945622842624     
   2.17093391424730       0.251578167082907     
   2.19763640139260       0.237052221860848     
   2.22466732912970       0.223318569383365     
   2.25203073727800       0.210334325227870     
   2.27973071534650       0.198059208278472     
   2.30777140314530       0.186455270547671     
   2.33615699140390       0.175486720166776     
   2.36489172239820       0.165119762233190     
   2.39397989058370       0.155322477833342     
   2.42342584323790       0.146064706274666     
   2.45323398110970       0.137317936383359     
   2.48340875907740       0.129055205613872     
   2.51395468681400       0.121251006208247     
   2.54487632946180       0.113881197839639     
   2.57617830831420       0.106922926406607     
   2.60786530150650       0.100354548374704     
   2.63994204471500       9.415556023134466E-002
   2.67241333186500       8.830653272268517E-002
   2.70528401584690       8.278904940385634E-002
   2.73855900924190       7.758564928915515E-002
   2.77224328505550       7.267977328337874E-002
   2.80634187746170       6.805571398942223E-002
   2.84085988255450       6.369856878564284E-002
   2.87580245910990       5.959419585664719E-002
   2.91117482935700       5.572917298931796E-002
   2.94698227975810       5.209075893780325E-002
   2.98323016179910       4.866685717402663E-002
   3.01992389278920       4.544598181034151E-002
   3.05706895667050       4.241722564172951E-002
   3.09467090483760       3.957023009885068E-002
   3.13273535696710       3.689515696460895E-002
   3.17126800185780       3.438266179377943E-002
   3.21027459828060       3.202386888000613E-002
   3.24976097583950       2.981034766567784E-002
   3.28973303584230       2.773409051880943E-002
   3.33019675218310       2.578749177960293E-002
   3.37115817223500       2.396332799264113E-002
   3.41262341775350       2.225473924224388E-002
   3.45459868579190       2.065521150629413E-002
   3.49709024962710       1.915855998711979E-002
   3.54010445969750       1.775891334001181E-002
   3.58364774455180       1.645069873127232E-002
   3.62772661180980       1.522862767234536E-002
   3.67234764913500       1.408768259627991E-002
   3.71751752521940       1.302310410232046E-002
   3.76324299077960       1.203037883775443E-002
   3.80953087956620       1.110522798844921E-002
   3.85638810938480       1.024359630050991E-002
   3.90382168313030       9.441641631729329E-003
   3.95183868983280       8.695724991669262E-003
   4.00044630571770       8.002401038300940E-003
   4.04965179527810       7.358409002435140E-003
   4.09946251236000       6.760664013068358E-003
   4.14988590126200       6.206248804769342E-003
   4.20092949784750       5.692405783912237E-003
   4.25260093067100       5.216529442305961E-003
   4.30490792211830       4.776159094912608E-003
   4.35785828956040       4.368971927581781E-003
   4.41145994652190       3.992776330851616E-003
   4.46572090386420       3.645505526799312E-003
   4.52064927098170       3.325211463837523E-003
   4.57625325701480       3.030058970739139E-003
   4.63254117207610       2.758320162151304E-003
   4.68952142849260       2.508369081820836E-003
   4.74720254206300       2.278676580193266E-003
   4.80559313333040       2.067805414921370E-003
   4.86470192887040       1.874405564537428E-003
   4.92453776259550       1.697209755126801E-003
   4.98510957707540       1.535029181199469E-003
   5.04642642487340       1.386749418782374E-003
   5.10849746989940       1.251326525518009E-003
   5.17133198877920       1.127783315156617E-003
   5.23493937224110       1.015205805583396E-003
   5.29932912651970       9.127398262849558E-004
   5.36451087477590       8.195877826050280E-004
   5.43049435853560       7.350055670901080E-004
   5.49728943914560       6.582996150492095E-004
   5.56490609924710       5.888240934555281E-004
   5.63335444426790       5.259782193430133E-004
   5.70264470393240       4.692037010728719E-004
   5.77278723379070       4.179822952276979E-004
   5.84379251676630       3.718334772251169E-004
   5.91567116472260       3.303122171528179E-004
   5.98843392004870       2.930068569299783E-004
   6.06209165726530       2.595370861212236E-004
   6.13665538464960       2.295520095929760E-004
   6.21213624588080       2.027283048902665E-004
   6.28854552170510       1.787684657629689E-004
   6.36589463162210       1.573991285697992E-004
   6.44419513559110       1.383694783206081E-004
   6.52345873575880       1.214497315503664E-004
   6.60369727820870       1.064296945725284E-004
   6.68492275473060       9.311739391606091E-005
   6.76714730461380       8.133777679712131E-005
   6.85038321646060       7.093147946683005E-005
   6.93464293002300       6.175366223372329E-005
   7.01993903806230       5.367290844336641E-005
   7.10628428823050       4.657018553959685E-005
   7.19369158497570       4.033786661317181E-005
   7.28217399147090       3.487881020444570E-005
   7.37174473156600       3.010549696277996E-005
   7.46241719176430       2.593922063500212E-005
   7.55420492322300       2.230933167977194E-005
   7.64712164377860       1.915253157295033E-005
   7.74118123999710       1.641221569872894E-005
   7.83639776924910       1.403786279846059E-005
   7.93278546181080       1.198446883842579E-005
   8.03035872299110       1.021202336722615E-005
   8.12913213528390       8.685026108754983E-006
   8.22912046054790       7.372041854374046E-006
   8.33033864221260       6.245291481615290E-006
   8.43280180751180       5.280277052067056E-006
   8.53652526974420       4.455438954847314E-006
   8.64152453056210       3.751843183793422E-006
   8.74781528228800       3.152896668883821E-006
   8.85541341026010       2.644088853099027E-006
   8.96433499520630       2.212757607909772E-006
   9.07459631564740       1.847877783728982E-006
   9.18621385032980       1.539870612571760E-006
   9.29920428068890       1.280432370588814E-006
   9.41358449334140       1.062380744250871E-006
   9.52937158260950       8.795173796403096E-007
   9.64658285307560       7.265052533476206E-007
   9.76523582216840       5.987595435143445E-007
   9.88534822278110       4.923507421085827E-007
   10.0069380059210       4.039188739065124E-007
   10.1300233433940       3.305977386285570E-007
   10.2546226305180       2.699481825179955E-007
   10.3807544888730       2.198994699355245E-007
   10.5084377690860       1.786979124872530E-007
   10.6376915536460       1.448619741300923E-007
   10.7685351597560       1.171431414995109E-007
   10.9009881422210       9.449190915914908E-008
   11.0350702963700       7.602829174445511E-008
   11.1708016610160       6.101632829631789E-008
   11.3082025214460       4.884209957803906E-008
   11.4472934124600       3.899482658702704E-008
   11.5880951214330       3.105066325034450E-008
   11.7306286914270       2.465883754134679E-008
   11.8749154243310       1.952983434410259E-008
   12.0209768840510       1.542534807722594E-008
   12.1688348997240       1.214976415135455E-008
   12.3185115689910       9.542957506793687E-009
   12.4700292612900       7.474222108373398E-009
   12.6234106212040       5.837168964204929E-009
   12.7786785718440       4.545450820182544E-009
   12.9358563182780       3.529190179654099E-009
   13.0949673509930       2.732003880052681E-009
   13.2560354494100       2.108532232007587E-009
   13.4190846854380       1.622393403867629E-009
   13.5841394270690       1.244495091437196E-009
   13.7512243420220       9.516454156282119E-010
   13.9203644014280       7.254136593148085E-010
   14.0915848835660       5.511988627825040E-010
   14.2649113776340       4.174707938235675E-010
   14.4403697875790       3.151534280116475E-010
   14.6179863359660       2.371258204771683E-010
   14.7977875678980       1.778193494071064E-010
   14.9798003549840       1.328938226924204E-010
   15.1640518993500       9.897788811791422E-011
   15.3505697377120       7.346169533467863E-011
   15.5393817454860       5.433186386627587E-011
   15.7305161409550       4.004058618324015E-011
   15.9240014894890       2.940217391196611E-011
   16.1198667078100       2.151158563650870E-011
   16.3181410683160       1.568049939928423E-011
   16.5188542034560       1.138733527932692E-011
   16.7220361101580       8.238328051813999E-012
   16.9277171543130       5.937321352458276E-012
   17.1359280753110       4.262417744783533E-012
   17.3466999906380       3.047997907178406E-012
   17.5600644005230       2.170928207717132E-012
   17.7760531926490       1.540022533033991E-012
   17.9946986469190       1.088022575857713E-012
   18.2160334402760       7.655191793112004E-013
   18.4400906515910       5.363637492989364E-013
   18.6669037666060       3.742186958047573E-013
   18.8965066829350       2.599749615364067E-013
   19.1289337151350       1.798268336359925E-013
   19.3642195998310       1.238428806202407E-013
   19.6023995009090       8.490973503190569E-014
   19.8435090147700       5.795484775124904E-014
   20.0875841756520       3.937709451385702E-014
   20.3346614610130       2.663139257693163E-014
   20.5847777969830       1.792734805369901E-014
   20.8379705638860       1.201119359999096E-014
   21.0942776018220       8.009014943130663E-015
   21.3537372163240       5.314581623984639E-015
   21.6163881840850       3.509376830530184E-015
   21.8822697587490       2.305873390458997E-015
   22.1514216767820       1.507504793378031E-015
   22.4238841634060       9.805566063235993E-016
   22.6996979386160       6.345267924089145E-016
   22.9789042232610       4.084725255601938E-016
   23.2615447452070       2.615671820030147E-016
   23.5476617455730       1.666029763790390E-016
   23.8372979850440       1.055437674460144E-016
   24.1304967502600       6.649724424981998E-017
   24.4273018602880       4.166452684810962E-017
   24.7277576731700       2.595919326731221E-017
   25.0319090925490       1.608228254926816E-017
   25.3398015743880       9.906161964070007E-018
   25.6514811337530       6.066434884750883E-018
   25.9669943516980       3.693183623194781E-018
   26.2863883822240       2.191631763601435E-018
   26.6097109593250       1.319186856189285E-018
   26.9370104041250       7.891876390908551E-019
   27.2683356320960       4.691985220324477E-019
   27.6037361603700       2.772057068956349E-019
   27.9432621151430       1.627358459772323E-019
   28.2869642391590       9.492175366885978E-020
   28.6348938993010       5.500665907243797E-020
   28.9871030942620       3.166626663066594E-020
   29.3436444623220       1.810819665307916E-020
   29.7045712892080       1.028524177804519E-020
   30.0699375160660       5.802011072657394E-021
   30.4397977475130       3.250354111059623E-021
   30.8142072598080       1.808147083458458E-021
   31.1932220091030       9.987348423640452E-022
   31.5768986398150       5.476990237590148E-022
   31.9652944930850       2.981745210142893E-022
   32.3584676153500       1.611375997533866E-022
   32.7564767670190       8.643339291599130E-023
   33.1593814312530       4.601342580170455E-023
   33.5672418228570       2.430890739912128E-023
   33.9801188972790       1.274333780308282E-023
   34.3980743597150       6.628211399123230E-024
   34.8211706743400       3.420289782258106E-024
   35.2494710736340       1.750815261287185E-024
   35.6830395678400       8.889668293406640E-025
   36.1219409545240       4.476669227782119E-025
   36.5662408282650       2.235653710019830E-025
   37.0160055904520       1.107106627407003E-025
   37.4713024592150       5.435812971226161E-026
   37.9321994794630       2.645963710288373E-026
   38.3987655330610       1.276736265821492E-026
   38.8710703491170       6.106178134708345E-027
   39.3491845144110       2.894284031110739E-027
   39.8331794839390       1.359465133293102E-027
   40.3231275915910       6.327053159034393E-028
   40.8191020609680       2.917373286272622E-028
   41.3211770163180       1.332568775788322E-028
   41.8294274936180       6.028978709054708E-029
   42.3439294517900       2.701488272800135E-029
   42.8647597840470       1.198714419595094E-029
   43.3919963293910       5.266585160344594E-030
   43.9257178842420       2.290814887760646E-030
   44.4660042142180       9.863805031898568E-031
   45.0129360660530       4.203760522335855E-031
   45.5665951796660       1.773026301112534E-031
   46.1270643003750       7.399802520122082E-032
   46.6944271912700       3.055597449886309E-032
   47.2687686457230       1.248204721615866E-032
   47.8501745000650       5.043489351116455E-033
   48.4387316464160       2.015456247260008E-033
   49.0345280456670       7.964406727624522E-034
   49.6376527406290       3.111809375270084E-034
   50.2481958693380       1.201963891065527E-034
   50.8662486785310       4.589395675177681E-035
   51.4919035372770       0.000000000000000E+000
   52.1252539507860       0.000000000000000E+000
   52.7663945743800       0.000000000000000E+000
   53.4154212276450       0.000000000000000E+000
   54.0724309087450       0.000000000000000E+000
   54.7375218089230       0.000000000000000E+000
   55.4107933271720       0.000000000000000E+000
   56.0923460850970       0.000000000000000E+000
   56.7822819419430       0.000000000000000E+000
   57.4807040098290       0.000000000000000E+000
   58.1877166691500       0.000000000000000E+000
   58.9034255841810       0.000000000000000E+000
   59.6279377188660       0.000000000000000E+000
   60.3613613528080       0.000000000000000E+000
   61.1038060974480       0.000000000000000E+000
   61.8553829124460       0.000000000000000E+000
   62.6162041222690       0.000000000000000E+000
   63.3863834329730       0.000000000000000E+000
   64.1660359491990       0.000000000000000E+000
   64.9552781913740       0.000000000000000E+000
   65.7542281131280       0.000000000000000E+000
   66.5630051189190       0.000000000000000E+000
   67.3817300818820       0.000000000000000E+000
   68.2105253618890       0.000000000000000E+000
   69.0495148238400       0.000000000000000E+000
   69.8988238561740       0.000000000000000E+000
   70.7585793896050       0.000000000000000E+000
   71.6289099160970       0.000000000000000E+000
   72.5099455080650       0.000000000000000E+000
   73.4018178378140       0.000000000000000E+000
   74.3046601972190       0.000000000000000E+000
   75.2186075176450       0.000000000000000E+000
   76.1437963901120       0.000000000000000E+000
   77.0803650857100       0.000000000000000E+000
   78.0284535762650       0.000000000000000E+000
   78.9882035552530       0.000000000000000E+000
