  2.232143E-04  4.156285E-11  4.969127E-09
  2.259598E-04  4.311546E-11  5.128688E-09
  2.287391E-04  4.472607E-11  5.293368E-09
  2.315526E-04  4.639684E-11  5.463330E-09
  2.344007E-04  4.813003E-11  5.638945E-09
  2.372838E-04  4.992796E-11  5.820820E-09
  2.402024E-04  5.179306E-11  6.009049E-09
  2.431569E-04  5.372782E-11  6.203865E-09
  2.461478E-04  5.573487E-11  6.405486E-09
  2.491754E-04  5.781688E-11  6.614138E-09
  2.522402E-04  5.997668E-11  6.830055E-09
  2.553428E-04  6.221715E-11  7.053479E-09
  2.584835E-04  6.454132E-11  7.284662E-09
  2.616628E-04  6.695230E-11  7.523861E-09
  2.648813E-04  6.945336E-11  7.771347E-09
  2.681393E-04  7.204784E-11  8.027397E-09
  2.714375E-04  7.473924E-11  8.292300E-09
  2.747761E-04  7.753118E-11  8.566353E-09
  2.781559E-04  8.042741E-11  8.849864E-09
  2.815772E-04  8.343184E-11  9.143155E-09
  2.850406E-04  8.654849E-11  9.446553E-09
  2.885466E-04  8.978158E-11  9.760403E-09
  2.920957E-04  9.313543E-11  1.008506E-08
  2.956885E-04  9.661458E-11  1.042089E-08
  2.993255E-04  1.002237E-10  1.076826E-08
  3.030072E-04  1.039676E-10  1.112759E-08
  3.067342E-04  1.078514E-10  1.149926E-08
  3.105070E-04  1.118803E-10  1.188370E-08
  3.143262E-04  1.160596E-10  1.228135E-08
  3.181924E-04  1.203951E-10  1.269266E-08
  3.221062E-04  1.248926E-10  1.311809E-08
  3.260681E-04  1.295580E-10  1.355812E-08
  3.300787E-04  1.343978E-10  1.401327E-08
  3.341387E-04  1.394183E-10  1.448403E-08
  3.382486E-04  1.446264E-10  1.497096E-08
  3.424091E-04  1.500290E-10  1.547459E-08
  3.466207E-04  1.556334E-10  1.599551E-08
  3.508841E-04  1.614472E-10  1.653431E-08
  3.552000E-04  1.674782E-10  1.709161E-08
  3.595690E-04  1.737345E-10  1.766803E-08
  3.639917E-04  1.802245E-10  1.826424E-08
  3.684688E-04  1.869569E-10  1.888092E-08
  3.730009E-04  1.939408E-10  1.951876E-08
  3.775889E-04  2.011856E-10  2.017852E-08
  3.822332E-04  2.087011E-10  2.086092E-08
  3.869347E-04  2.164972E-10  2.156677E-08
  3.916940E-04  2.245847E-10  2.229687E-08
  3.965118E-04  2.329742E-10  2.305205E-08
  4.013889E-04  2.416771E-10  2.383318E-08
  4.063260E-04  2.507051E-10  2.464116E-08
  4.113238E-04  2.600704E-10  2.547691E-08
  4.163831E-04  2.697855E-10  2.634141E-08
  4.215046E-04  2.798636E-10  2.723564E-08
  4.266891E-04  2.903181E-10  2.816063E-08
  4.319374E-04  3.011631E-10  2.911745E-08
  4.372502E-04  3.124133E-10  3.010720E-08
  4.426284E-04  3.240837E-10  3.113103E-08
  4.480727E-04  3.361901E-10  3.219012E-08
  4.535840E-04  3.487488E-10  3.328568E-08
  4.591631E-04  3.617765E-10  3.441899E-08
  4.648108E-04  3.752910E-10  3.559137E-08
  4.705280E-04  3.893102E-10  3.680416E-08
  4.763155E-04  4.038532E-10  3.805877E-08
  4.821741E-04  4.189395E-10  3.935666E-08
  4.881049E-04  4.345892E-10  4.069934E-08
  4.941086E-04  4.508237E-10  4.208836E-08
  5.001861E-04  4.676645E-10  4.352533E-08
  5.063384E-04  4.851345E-10  4.501194E-08
  5.125664E-04  5.032570E-10  4.654990E-08
  5.188709E-04  5.220566E-10  4.814102E-08
  5.252530E-04  5.415584E-10  4.978714E-08
  5.317136E-04  5.617887E-10  5.149019E-08
  5.382537E-04  5.827747E-10  5.325214E-08
  5.448742E-04  6.045447E-10  5.507507E-08
  5.515762E-04  6.271280E-10  5.696110E-08
  5.583606E-04  6.505548E-10  5.891244E-08
  5.652284E-04  6.748568E-10  6.093137E-08
  5.721807E-04  7.000665E-10  6.302025E-08
  5.792185E-04  7.262181E-10  6.518154E-08
  5.863429E-04  7.533465E-10  6.741777E-08
  5.935550E-04  7.814883E-10  6.973157E-08
  6.008557E-04  8.106814E-10  7.212564E-08
  6.082462E-04  8.409650E-10  7.460281E-08
  6.157276E-04  8.723799E-10  7.716600E-08
  6.233011E-04  9.049683E-10  7.981821E-08
  6.309677E-04  9.387741E-10  8.256257E-08
  6.387286E-04  9.738427E-10  8.540232E-08
  6.465850E-04  1.010221E-09  8.834080E-08
  6.545379E-04  1.047959E-09  9.138149E-08
  6.625888E-04  1.087106E-09  9.452798E-08
  6.707386E-04  1.127716E-09  9.778398E-08
  6.789887E-04  1.169843E-09  1.011534E-07
  6.873402E-04  1.213543E-09  1.046401E-07
  6.957945E-04  1.258876E-09  1.082483E-07
  7.043528E-04  1.305902E-09  1.119823E-07
  7.130163E-04  1.354685E-09  1.158464E-07
  7.217864E-04  1.405290E-09  1.198454E-07
  7.306644E-04  1.457786E-09  1.239838E-07
  7.396516E-04  1.512243E-09  1.282668E-07
  7.487493E-04  1.568734E-09  1.326992E-07
  7.579589E-04  1.627335E-09  1.372865E-07
  7.672818E-04  1.688125E-09  1.420340E-07
  7.767194E-04  1.751187E-09  1.469475E-07
  7.862730E-04  1.816603E-09  1.520328E-07
  7.959442E-04  1.884464E-09  1.572960E-07
  8.057343E-04  1.954860E-09  1.627433E-07
  8.156448E-04  2.027885E-09  1.683812E-07
  8.256773E-04  2.103638E-09  1.742166E-07
  8.358331E-04  2.182221E-09  1.802563E-07
  8.461138E-04  2.263740E-09  1.865077E-07
  8.565210E-04  2.348304E-09  1.929782E-07
  8.670563E-04  2.436026E-09  1.996755E-07
  8.777210E-04  2.527026E-09  2.066077E-07
  8.885170E-04  2.621425E-09  2.137831E-07
  8.994458E-04  2.719350E-09  2.212104E-07
  9.105090E-04  2.820934E-09  2.288984E-07
  9.217082E-04  2.926312E-09  2.368565E-07
  9.330452E-04  3.035627E-09  2.450941E-07
  9.445217E-04  3.149025E-09  2.536212E-07
  9.561393E-04  3.266659E-09  2.624482E-07
  9.678998E-04  3.388688E-09  2.715855E-07
  9.798050E-04  3.515275E-09  2.810443E-07
  9.918566E-04  3.646591E-09  2.908359E-07
  1.004056E-03  3.782812E-09  3.009723E-07
  1.016406E-03  3.924122E-09  3.114655E-07
  1.028908E-03  4.070711E-09  3.223285E-07
  1.041564E-03  4.222776E-09  3.335741E-07
  1.054375E-03  4.380521E-09  3.452162E-07
  1.067344E-03  4.544159E-09  3.572688E-07
  1.080472E-03  4.713910E-09  3.697465E-07
  1.093762E-03  4.890001E-09  3.826644E-07
  1.107215E-03  5.072671E-09  3.960382E-07
  1.120834E-03  5.262165E-09  4.098842E-07
  1.134620E-03  5.458738E-09  4.242192E-07
  1.148576E-03  5.662653E-09  4.390606E-07
  1.162703E-03  5.874186E-09  4.544264E-07
  1.177005E-03  6.093621E-09  4.703354E-07
  1.191482E-03  6.321254E-09  4.868069E-07
  1.206137E-03  6.557389E-09  5.038610E-07
  1.220973E-03  6.802346E-09  5.215185E-07
  1.235991E-03  7.056453E-09  5.398010E-07
  1.251193E-03  7.320053E-09  5.587306E-07
  1.266583E-03  7.593500E-09  5.783306E-07
  1.282162E-03  7.877161E-09  5.986248E-07
  1.297932E-03  8.171419E-09  6.196382E-07
  1.313897E-03  8.476669E-09  6.413963E-07
  1.330058E-03  8.793323E-09  6.639259E-07
  1.346418E-03  9.121805E-09  6.872544E-07
  1.362979E-03  9.462557E-09  7.114104E-07
  1.379743E-03  9.816039E-09  7.364236E-07
  1.396714E-03  1.018273E-08  7.623246E-07
  1.413894E-03  1.056311E-08  7.891451E-07
  1.431285E-03  1.095770E-08  8.169181E-07
  1.448889E-03  1.136704E-08  8.456777E-07
  1.466711E-03  1.179166E-08  8.754592E-07
  1.484751E-03  1.223215E-08  9.062991E-07
  1.503014E-03  1.268910E-08  9.382355E-07
  1.521501E-03  1.316311E-08  9.713075E-07
  1.540215E-03  1.365483E-08  1.005556E-06
  1.559160E-03  1.416492E-08  1.041023E-06
  1.578338E-03  1.469406E-08  1.077752E-06
  1.597751E-03  1.524297E-08  1.115788E-06
  1.617403E-03  1.581238E-08  1.155179E-06
  1.637297E-03  1.640307E-08  1.195972E-06
  1.657436E-03  1.701582E-08  1.238219E-06
  1.677823E-03  1.765146E-08  1.281971E-06
  1.698460E-03  1.831085E-08  1.327283E-06
  1.719351E-03  1.899487E-08  1.374209E-06
  1.740499E-03  1.970444E-08  1.422809E-06
  1.761907E-03  2.044052E-08  1.473142E-06
  1.783579E-03  2.120409E-08  1.525271E-06
  1.805517E-03  2.199619E-08  1.579259E-06
  1.827724E-03  2.281788E-08  1.635175E-06
  1.850205E-03  2.367026E-08  1.693086E-06
  1.872963E-03  2.455449E-08  1.753065E-06
  1.896000E-03  2.547174E-08  1.815186E-06
  1.919321E-03  2.642326E-08  1.879526E-06
  1.942929E-03  2.741033E-08  1.946164E-06
  1.966827E-03  2.843427E-08  2.015184E-06
  1.991019E-03  2.949646E-08  2.086670E-06
  2.015508E-03  3.059833E-08  2.160712E-06
  2.040299E-03  3.174136E-08  2.237402E-06
  2.065395E-03  3.292709E-08  2.316833E-06
  2.090799E-03  3.415712E-08  2.399106E-06
  2.116516E-03  3.543309E-08  2.484323E-06
  2.142549E-03  3.675673E-08  2.572588E-06
  2.168903E-03  3.812982E-08  2.664012E-06
  2.195580E-03  3.955420E-08  2.758709E-06
  2.222586E-03  4.103178E-08  2.856795E-06
  2.249923E-03  4.256457E-08  2.958394E-06
  2.277598E-03  4.415461E-08  3.063631E-06
  2.305612E-03  4.580406E-08  3.172638E-06
  2.333971E-03  4.751512E-08  3.285549E-06
  2.362679E-03  4.929010E-08  3.402506E-06
  2.391740E-03  5.113138E-08  3.523654E-06
  2.421158E-03  5.304145E-08  3.649144E-06
  2.450938E-03  5.502287E-08  3.779133E-06
  2.481085E-03  5.707832E-08  3.913781E-06
  2.511602E-03  5.921054E-08  4.053257E-06
  2.542495E-03  6.142242E-08  4.197734E-06
  2.573768E-03  6.371692E-08  4.347394E-06
  2.605425E-03  6.609714E-08  4.502421E-06
  2.637472E-03  6.856628E-08  4.663009E-06
  2.669913E-03  7.112766E-08  4.829360E-06
  2.702753E-03  7.378472E-08  5.001679E-06
  2.735997E-03  7.654103E-08  5.180182E-06
  2.769649E-03  7.940032E-08  5.365091E-06
  2.803716E-03  8.236641E-08  5.556638E-06
  2.838202E-03  8.544331E-08  5.755061E-06
  2.873112E-03  8.863516E-08  5.960607E-06
  2.908451E-03  9.194624E-08  6.173533E-06
  2.944225E-03  9.538101E-08  6.394105E-06
  2.980439E-03  9.894409E-08  6.622598E-06
  3.017098E-03  1.026403E-07  6.859297E-06
  3.054208E-03  1.064745E-07  7.104497E-06
  3.091775E-03  1.104520E-07  7.358505E-06
  3.129804E-03  1.145781E-07  7.621638E-06
  3.168301E-03  1.188583E-07  7.894223E-06
  3.207271E-03  1.232985E-07  8.176602E-06
  3.246720E-03  1.279045E-07  8.469126E-06
  3.286655E-03  1.326825E-07  8.772161E-06
  3.327081E-03  1.376391E-07  9.086085E-06
  3.368004E-03  1.427808E-07  9.411290E-06
  3.409430E-03  1.481146E-07  9.748181E-06
  3.451366E-03  1.536476E-07  1.009718E-05
  3.493818E-03  1.593873E-07  1.045872E-05
  3.536792E-03  1.653415E-07  1.083326E-05
  3.580294E-03  1.715181E-07  1.122126E-05
  3.624332E-03  1.779254E-07  1.162320E-05
  3.668911E-03  1.845721E-07  1.203959E-05
  3.714039E-03  1.914671E-07  1.247095E-05
  3.759722E-03  1.986197E-07  1.291781E-05
  3.805966E-03  2.060394E-07  1.338073E-05
  3.852780E-03  2.137364E-07  1.386030E-05
  3.900169E-03  2.217209E-07  1.435710E-05
  3.948141E-03  2.300036E-07  1.487176E-05
  3.996703E-03  2.385958E-07  1.540492E-05
  4.045863E-03  2.475090E-07  1.595724E-05
  4.095627E-03  2.567551E-07  1.652942E-05
  4.146003E-03  2.663467E-07  1.712216E-05
  4.196999E-03  2.762966E-07  1.773621E-05
  4.248622E-03  2.866182E-07  1.837233E-05
  4.300880E-03  2.973253E-07  1.903131E-05
  4.353781E-03  3.084325E-07  1.971397E-05
  4.407332E-03  3.199546E-07  2.042116E-05
  4.461542E-03  3.319072E-07  2.115377E-05
  4.516419E-03  3.443062E-07  2.191271E-05
  4.571971E-03  3.571685E-07  2.269891E-05
  4.628206E-03  3.705113E-07  2.351336E-05
  4.685133E-03  3.843525E-07  2.435708E-05
  4.742761E-03  3.987109E-07  2.523110E-05
  4.801096E-03  4.136056E-07  2.613652E-05
  4.860150E-03  4.290568E-07  2.707446E-05
  4.919930E-03  4.450852E-07  2.804610E-05
  4.980445E-03  4.617124E-07  2.905262E-05
  5.041704E-03  4.789607E-07  3.009529E-05
  5.103717E-03  4.968535E-07  3.117540E-05
  5.166493E-03  5.154146E-07  3.229429E-05
  5.230041E-03  5.346692E-07  3.345335E-05
  5.294370E-03  5.546432E-07  3.465401E-05
  5.359491E-03  5.753633E-07  3.589776E-05
  5.425413E-03  5.968575E-07  3.718615E-05
  5.492146E-03  6.191547E-07  3.852077E-05
  5.559699E-03  6.422849E-07  3.990327E-05
  5.628083E-03  6.662793E-07  4.133537E-05
  5.697309E-03  6.911700E-07  4.281883E-05
  5.767386E-03  7.169907E-07  4.435550E-05
  5.838324E-03  7.437760E-07  4.594726E-05
  5.910136E-03  7.715620E-07  4.759609E-05
  5.982830E-03  8.003860E-07  4.930403E-05
  6.056419E-03  8.302869E-07  5.107318E-05
  6.130913E-03  8.613049E-07  5.290572E-05
  6.206323E-03  8.934817E-07  5.480392E-05
  6.282661E-03  9.268607E-07  5.677012E-05
  6.359938E-03  9.614867E-07  5.880673E-05
  6.438165E-03  9.974063E-07  6.091627E-05
  6.517355E-03  1.034668E-06  6.310134E-05
  6.597518E-03  1.073322E-06  6.536461E-05
  6.678668E-03  1.113419E-06  6.770888E-05
  6.760815E-03  1.155015E-06  7.013702E-05
  6.843973E-03  1.198165E-06  7.265201E-05
  6.928154E-03  1.242927E-06  7.525695E-05
  7.013370E-03  1.289362E-06  7.795502E-05
  7.099635E-03  1.337531E-06  8.074954E-05
  7.186960E-03  1.387500E-06  8.364392E-05
  7.275360E-03  1.439336E-06  8.664172E-05
  7.364847E-03  1.493108E-06  8.974659E-05
  7.455435E-03  1.548890E-06  9.296234E-05
  7.547136E-03  1.606756E-06  9.629288E-05
  7.639966E-03  1.666783E-06  9.974230E-05
  7.733938E-03  1.729054E-06  1.033148E-04
  7.829065E-03  1.793651E-06  1.070147E-04
  7.925363E-03  1.860661E-06  1.108466E-04
  8.022845E-03  1.930175E-06  1.148151E-04
  8.121526E-03  2.002287E-06  1.189250E-04
  8.221420E-03  2.077093E-06  1.231813E-04
  8.322544E-03  2.154693E-06  1.275892E-04
  8.424911E-03  2.235194E-06  1.321541E-04
  8.528538E-03  2.318701E-06  1.368814E-04
  8.633439E-03  2.405330E-06  1.417770E-04
  8.739630E-03  2.495194E-06  1.468467E-04
  8.847127E-03  2.588417E-06  1.520967E-04
  8.955947E-03  2.685123E-06  1.575332E-04
  9.066105E-03  2.785442E-06  1.631629E-04
  9.177618E-03  2.889510E-06  1.689926E-04
  9.290503E-03  2.997466E-06  1.750293E-04
  9.404776E-03  3.109456E-06  1.812803E-04
  9.520455E-03  3.225631E-06  1.877530E-04
  9.637556E-03  3.346146E-06  1.944552E-04
  9.756098E-03  3.471165E-06  2.013951E-04
  9.876098E-03  3.600855E-06  2.085808E-04
  9.997574E-03  3.735391E-06  2.160211E-04
  1.012054E-02  3.874955E-06  2.237248E-04
  1.024503E-02  4.019734E-06  2.317012E-04
  1.037104E-02  4.169922E-06  2.399597E-04
  1.049860E-02  4.325723E-06  2.485102E-04
  1.062774E-02  4.487346E-06  2.573629E-04
  1.075846E-02  4.655008E-06  2.665284E-04
  1.089079E-02  4.828936E-06  2.760175E-04
  1.102474E-02  5.009364E-06  2.858415E-04
  1.116035E-02  5.196534E-06  2.960121E-04
  1.129762E-02  5.390698E-06  3.065412E-04
  1.143658E-02  5.592118E-06  3.174414E-04
  1.157725E-02  5.801066E-06  3.287256E-04
  1.171965E-02  6.017822E-06  3.404070E-04
  1.186380E-02  6.242678E-06  3.524995E-04
  1.200973E-02  6.475938E-06  3.650172E-04
  1.215745E-02  6.717916E-06  3.779749E-04
  1.230699E-02  6.968936E-06  3.913877E-04
  1.245836E-02  7.229338E-06  4.052716E-04
  1.261160E-02  7.499472E-06  4.196425E-04
  1.276672E-02  7.779702E-06  4.345175E-04
  1.292375E-02  8.070406E-06  4.499138E-04
  1.308271E-02  8.371974E-06  4.658495E-04
  1.324363E-02  8.684814E-06  4.823430E-04
  1.340653E-02  9.009346E-06  4.994135E-04
  1.357143E-02  9.346009E-06  5.170809E-04
  1.373836E-02  9.695254E-06  5.353656E-04
  1.390734E-02  1.005755E-05  5.542888E-04
  1.407840E-02  1.043340E-05  5.738724E-04
  1.425156E-02  1.082329E-05  5.941389E-04
  1.442686E-02  1.122775E-05  6.151117E-04
  1.460431E-02  1.164733E-05  6.368149E-04
  1.478394E-02  1.208260E-05  6.592734E-04
  1.496578E-02  1.253414E-05  6.825130E-04
  1.514986E-02  1.300255E-05  7.065603E-04
  1.533621E-02  1.348848E-05  7.314427E-04
  1.552484E-02  1.399257E-05  7.571886E-04
  1.571580E-02  1.451551E-05  7.838273E-04
  1.590910E-02  1.505800E-05  8.113891E-04
  1.610478E-02  1.562076E-05  8.399052E-04
  1.630287E-02  1.620457E-05  8.694078E-04
  1.650340E-02  1.681021E-05  8.999305E-04
  1.670639E-02  1.743848E-05  9.315075E-04
  1.691188E-02  1.809025E-05  9.641744E-04
  1.711989E-02  1.876639E-05  9.979679E-04
  1.733047E-02  1.946781E-05  1.032926E-03
  1.754363E-02  2.019545E-05  1.069087E-03
  1.775942E-02  2.095030E-05  1.106493E-03
  1.797786E-02  2.173338E-05  1.145184E-03
  1.819899E-02  2.254574E-05  1.185204E-03
  1.842284E-02  2.338848E-05  1.226597E-03
  1.864944E-02  2.426273E-05  1.269409E-03
  1.887883E-02  2.516968E-05  1.313687E-03
  1.911103E-02  2.611054E-05  1.359480E-03
  1.934610E-02  2.708660E-05  1.406838E-03
  1.958406E-02  2.809915E-05  1.455814E-03
  1.982494E-02  2.914958E-05  1.506461E-03
  2.006879E-02  3.023929E-05  1.558834E-03
  2.031563E-02  3.136977E-05  1.612991E-03
  2.056552E-02  3.254253E-05  1.668989E-03
  2.081847E-02  3.375915E-05  1.726891E-03
  2.107454E-02  3.502129E-05  1.786758E-03
  2.133376E-02  3.633064E-05  1.848656E-03
  2.159616E-02  3.768898E-05  1.912650E-03
  2.186179E-02  3.909813E-05  1.978809E-03
  2.213069E-02  4.056000E-05  2.047205E-03
  2.240290E-02  4.207656E-05  2.117911E-03
  2.267846E-02  4.364987E-05  2.191001E-03
  2.295740E-02  4.528205E-05  2.266553E-03
  2.323978E-02  4.697530E-05  2.344648E-03
  2.352563E-02  4.873191E-05  2.425367E-03
  2.381499E-02  5.055425E-05  2.508797E-03
  2.410792E-02  5.244480E-05  2.595024E-03
  2.440445E-02  5.440609E-05  2.684138E-03
  2.470462E-02  5.644079E-05  2.776233E-03
  2.500849E-02  5.855165E-05  2.871405E-03
  2.531609E-02  6.074152E-05  2.969752E-03
  2.562748E-02  6.301336E-05  3.071377E-03
  2.594270E-02  6.537024E-05  3.176383E-03
  2.626179E-02  6.781535E-05  3.284880E-03
  2.658481E-02  7.035200E-05  3.396977E-03
  2.691181E-02  7.298363E-05  3.512790E-03
  2.724282E-02  7.571379E-05  3.632436E-03
  2.757791E-02  7.854618E-05  3.756038E-03
  2.791712E-02  8.148462E-05  3.883719E-03
  2.826050E-02  8.453311E-05  4.015609E-03
  2.860810E-02  8.769577E-05  4.151839E-03
  2.895998E-02  9.097688E-05  4.292548E-03
  2.931619E-02  9.438089E-05  4.437873E-03
  2.967678E-02  9.791240E-05  4.587961E-03
  3.004180E-02  1.015762E-04  4.742960E-03
  3.041131E-02  1.053773E-04  4.903022E-03
  3.078537E-02  1.093207E-04  5.068304E-03
  3.116403E-02  1.134120E-04  5.238969E-03
  3.154735E-02  1.176565E-04  5.415183E-03
  3.193538E-02  1.220601E-04  5.597117E-03
  3.232819E-02  1.266287E-04  5.784946E-03
  3.272583E-02  1.313685E-04  5.978853E-03
  3.312835E-02  1.362860E-04  6.179022E-03
  3.353583E-02  1.413879E-04  6.385645E-03
  3.394832E-02  1.466810E-04  6.598919E-03
  3.436589E-02  1.521725E-04  6.819045E-03
  3.478859E-02  1.578700E-04  7.046232E-03
  3.521649E-02  1.637811E-04  7.280692E-03
  3.564965E-02  1.699138E-04  7.522644E-03
  3.608814E-02  1.762766E-04  7.772314E-03
  3.653203E-02  1.828781E-04  8.029933E-03
  3.698137E-02  1.897271E-04  8.295739E-03
  3.743624E-02  1.968332E-04  8.569974E-03
  3.789671E-02  2.042058E-04  8.852890E-03
  3.836284E-02  2.118551E-04  9.144744E-03
  3.883470E-02  2.197915E-04  9.445799E-03
  3.931237E-02  2.280257E-04  9.756327E-03
  3.979591E-02  2.365690E-04  1.007660E-02
  4.028540E-02  2.454330E-04  1.040692E-02
  4.078091E-02  2.546298E-04  1.074756E-02
  4.128251E-02  2.641720E-04  1.109883E-02
  4.179029E-02  2.740725E-04  1.146103E-02
  4.230431E-02  2.843448E-04  1.183449E-02
  4.282465E-02  2.950030E-04  1.221952E-02
  4.335139E-02  3.060616E-04  1.261646E-02
  4.388462E-02  3.175357E-04  1.302564E-02
  4.442440E-02  3.294410E-04  1.344742E-02
  4.497082E-02  3.417937E-04  1.388216E-02
  4.552396E-02  3.546107E-04  1.433021E-02
  4.608390E-02  3.679096E-04  1.479195E-02
  4.665073E-02  3.817084E-04  1.526777E-02
  4.722454E-02  3.960262E-04  1.575807E-02
  4.780540E-02  4.108825E-04  1.626323E-02
  4.839341E-02  4.262976E-04  1.678368E-02
  4.898865E-02  4.422927E-04  1.731984E-02
  4.959121E-02  4.588897E-04  1.787214E-02
  5.020118E-02  4.761113E-04  1.844101E-02
  5.081865E-02  4.939811E-04  1.902692E-02
  5.144372E-02  5.125237E-04  1.963032E-02
  5.207648E-02  5.317646E-04  2.025169E-02
  5.271702E-02  5.517300E-04  2.089151E-02
  5.336544E-02  5.724476E-04  2.155027E-02
  5.402183E-02  5.939457E-04  2.222848E-02
  5.468630E-02  6.162540E-04  2.292666E-02
  5.535894E-02  6.394031E-04  2.364532E-02
  5.603986E-02  6.634248E-04  2.438501E-02
  5.672915E-02  6.883524E-04  2.514628E-02
  5.742692E-02  7.142201E-04  2.592969E-02
  5.813327E-02  7.410636E-04  2.673581E-02
  5.884831E-02  7.689200E-04  2.756523E-02
  5.957214E-02  7.978277E-04  2.841854E-02
  6.030488E-02  8.278267E-04  2.929635E-02
  6.104663E-02  8.589584E-04  3.019928E-02
  6.179750E-02  8.912658E-04  3.112796E-02
  6.255761E-02  9.247938E-04  3.208305E-02
  6.332707E-02  9.595887E-04  3.306518E-02
  6.410600E-02  9.956987E-04  3.407504E-02
  6.489450E-02  1.033174E-03  3.511330E-02
  6.569270E-02  1.072066E-03  3.618066E-02
  6.650072E-02  1.112430E-03  3.727783E-02
  6.731868E-02  1.154321E-03  3.840552E-02
  6.814670E-02  1.197798E-03  3.956447E-02
  6.898490E-02  1.242921E-03  4.075542E-02
  6.983342E-02  1.289752E-03  4.197913E-02
  7.069237E-02  1.338358E-03  4.323637E-02
  7.156189E-02  1.388806E-03  4.452791E-02
  7.244210E-02  1.441167E-03  4.585456E-02
  7.333314E-02  1.495513E-03  4.721712E-02
  7.423513E-02  1.551921E-03  4.861642E-02
  7.514822E-02  1.610469E-03  5.005327E-02
  7.607255E-02  1.671241E-03  5.152853E-02
  7.700824E-02  1.734320E-03  5.304306E-02
  7.795544E-02  1.799795E-03  5.459772E-02
  7.891429E-02  1.867759E-03  5.619338E-02
  7.988494E-02  1.938307E-03  5.783096E-02
  8.086752E-02  2.011538E-03  5.951133E-02
  8.186219E-02  2.087556E-03  6.123543E-02
  8.286910E-02  2.166468E-03  6.300418E-02
  8.388839E-02  2.248384E-03  6.481851E-02
  8.492022E-02  2.333422E-03  6.667936E-02
  8.596474E-02  2.421701E-03  6.858770E-02
  8.702210E-02  2.513347E-03  7.054449E-02
  8.809247E-02  2.608489E-03  7.255071E-02
  8.917601E-02  2.707262E-03  7.460734E-02
  9.027288E-02  2.809808E-03  7.671537E-02
  9.138323E-02  2.916271E-03  7.887581E-02
  9.250725E-02  3.026804E-03  8.108966E-02
  9.364509E-02  3.141564E-03  8.335793E-02
  9.479692E-02  3.260716E-03  8.568165E-02
  9.596292E-02  3.384429E-03  8.806185E-02
  9.714327E-02  3.512882E-03  9.049956E-02
  9.833813E-02  3.646258E-03  9.299581E-02
  9.954769E-02  3.784748E-03  9.555164E-02
  1.007721E-01  3.928553E-03  9.816810E-02
  1.020116E-01  4.077879E-03  1.008462E-01
  1.032664E-01  4.232941E-03  1.035871E-01
  1.045365E-01  4.393964E-03  1.063917E-01
  1.058223E-01  4.561180E-03  1.092611E-01
  1.071240E-01  4.734832E-03  1.121964E-01
  1.084416E-01  4.915172E-03  1.151987E-01
  1.097754E-01  5.102461E-03  1.182688E-01
  1.111256E-01  5.296973E-03  1.214079E-01
  1.124925E-01  5.498991E-03  1.246171E-01
  1.138762E-01  5.708810E-03  1.278973E-01
  1.152768E-01  5.926736E-03  1.312496E-01
  1.166947E-01  6.153090E-03  1.346749E-01
  1.181301E-01  6.388203E-03  1.381744E-01
  1.195831E-01  6.632421E-03  1.417489E-01
  1.210539E-01  6.886103E-03  1.453995E-01
  1.225429E-01  7.149624E-03  1.491271E-01
  1.240502E-01  7.423372E-03  1.529327E-01
  1.255760E-01  7.707754E-03  1.568173E-01
  1.271206E-01  8.003191E-03  1.607817E-01
  1.286842E-01  8.310122E-03  1.648268E-01
  1.302670E-01  8.629003E-03  1.689537E-01
  1.318693E-01  8.960311E-03  1.731630E-01
  1.334913E-01  9.304539E-03  1.774557E-01
  1.351332E-01  9.662204E-03  1.818326E-01
  1.367953E-01  1.003384E-02  1.862944E-01
  1.384779E-01  1.042001E-02  1.908420E-01
  1.401812E-01  1.082129E-02  1.954761E-01
  1.419054E-01  1.123828E-02  2.001974E-01
  1.436509E-01  1.167163E-02  2.050066E-01
  1.454178E-01  1.212197E-02  2.099043E-01
  1.472064E-01  1.259001E-02  2.148911E-01
  1.490171E-01  1.307644E-02  2.199676E-01
  1.508500E-01  1.358201E-02  2.251344E-01
  1.527054E-01  1.410748E-02  2.303919E-01
  1.545837E-01  1.465367E-02  2.357406E-01
  1.564851E-01  1.522141E-02  2.411808E-01
  1.584098E-01  1.581157E-02  2.467130E-01
  1.603583E-01  1.642506E-02  2.523374E-01
  1.623307E-01  1.706282E-02  2.580543E-01
  1.643274E-01  1.772583E-02  2.638639E-01
  1.663486E-01  1.841513E-02  2.697663E-01
  1.683947E-01  1.913177E-02  2.757617E-01
  1.704659E-01  1.987688E-02  2.818501E-01
  1.725627E-01  2.065160E-02  2.880314E-01
  1.746852E-01  2.145715E-02  2.943055E-01
  1.768338E-01  2.229478E-02  3.006724E-01
  1.790089E-01  2.316580E-02  3.071317E-01
  1.812107E-01  2.407158E-02  3.136832E-01
  1.834396E-01  2.501353E-02  3.203264E-01
  1.856959E-01  2.599313E-02  3.270611E-01
  1.879799E-01  2.701192E-02  3.338866E-01
  1.902921E-01  2.807151E-02  3.408023E-01
  1.926327E-01  2.917356E-02  3.478077E-01
  1.950021E-01  3.031982E-02  3.549018E-01
  1.974006E-01  3.151209E-02  3.620839E-01
  1.998286E-01  3.275227E-02  3.693531E-01
  2.022865E-01  3.404231E-02  3.767084E-01
  2.047746E-01  3.538426E-02  3.841485E-01
  2.072934E-01  3.678025E-02  3.916725E-01
  2.098431E-01  3.823250E-02  3.992789E-01
  2.124241E-01  3.974330E-02  4.069663E-01
  2.150370E-01  4.131506E-02  4.147334E-01
  2.176819E-01  4.295028E-02  4.225785E-01
  2.203594E-01  4.465156E-02  4.304999E-01
  2.230698E-01  4.642159E-02  4.384960E-01
  2.258136E-01  4.826320E-02  4.465647E-01
  2.285911E-01  5.017929E-02  4.547042E-01
  2.314028E-01  5.217293E-02  4.629123E-01
  2.342490E-01  5.424725E-02  4.711869E-01
  2.371303E-01  5.640555E-02  4.795256E-01
  2.400470E-01  5.865125E-02  4.879262E-01
  2.429995E-01  6.098789E-02  4.963860E-01
  2.459884E-01  6.341914E-02  5.049026E-01
  2.490141E-01  6.594884E-02  5.134731E-01
  2.520770E-01  6.858095E-02  5.220948E-01
  2.551775E-01  7.131960E-02  5.307647E-01
  2.583162E-01  7.416904E-02  5.394798E-01
  2.614935E-01  7.713372E-02  5.482369E-01
  2.647099E-01  8.021822E-02  5.570330E-01
  2.679658E-01  8.342729E-02  5.658645E-01
  2.712618E-01  8.676586E-02  5.747281E-01
  2.745983E-01  9.023903E-02  5.836202E-01
  2.779759E-01  9.385206E-02  5.925371E-01
  2.813950E-01  9.761041E-02  6.014752E-01
  2.848561E-01  1.015197E-01  6.104306E-01
  2.883598E-01  1.055858E-01  6.193994E-01
  2.919067E-01  1.098146E-01  6.283775E-01
  2.954971E-01  1.142123E-01  6.373609E-01
  2.991317E-01  1.187854E-01  6.463453E-01
  3.028111E-01  1.235403E-01  6.553265E-01
  3.065356E-01  1.284839E-01  6.643002E-01
  3.103060E-01  1.336230E-01  6.732619E-01
  3.141228E-01  1.389648E-01  6.822071E-01
  3.179865E-01  1.445165E-01  6.911313E-01
  3.218977E-01  1.502856E-01  7.000300E-01
  3.258571E-01  1.562798E-01  7.088984E-01
  3.298651E-01  1.625069E-01  7.177318E-01
  3.339225E-01  1.689747E-01  7.265256E-01
  3.380297E-01  1.756914E-01  7.352750E-01
  3.421875E-01  1.826653E-01  7.439751E-01
  3.463964E-01  1.899046E-01  7.526212E-01
  3.506570E-01  1.974178E-01  7.612084E-01
  3.549701E-01  2.052134E-01  7.697319E-01
  3.593363E-01  2.133001E-01  7.781867E-01
  3.637561E-01  2.216864E-01  7.865679E-01
  3.682303E-01  2.303810E-01  7.948705E-01
  3.727595E-01  2.393925E-01  8.030895E-01
  3.773445E-01  2.487295E-01  8.112199E-01
  3.819858E-01  2.584006E-01  8.192565E-01
  3.866842E-01  2.684140E-01  8.271941E-01
  3.914404E-01  2.787780E-01  8.350273E-01
  3.962552E-01  2.895005E-01  8.427508E-01
  4.011291E-01  3.005895E-01  8.503591E-01
  4.060630E-01  3.120522E-01  8.578466E-01
  4.110576E-01  3.238958E-01  8.652075E-01
  4.161136E-01  3.361268E-01  8.724362E-01
  4.212318E-01  3.487514E-01  8.795267E-01
  4.264129E-01  3.617752E-01  8.864733E-01
  4.316578E-01  3.752030E-01  8.932701E-01
  4.369672E-01  3.890390E-01  8.999113E-01
  4.423419E-01  4.032866E-01  9.063909E-01
  4.477827E-01  4.179482E-01  9.127034E-01
  4.532904E-01  4.330253E-01  9.188432E-01
  4.588659E-01  4.485182E-01  9.248046E-01
  4.645099E-01  4.644259E-01  9.305824E-01
  4.702234E-01  4.807465E-01  9.361713E-01
  4.760072E-01  4.974762E-01  9.415663E-01
  4.818621E-01  5.146100E-01  9.467624E-01
  4.877890E-01  5.321412E-01  9.517549E-01
  4.937888E-01  5.500611E-01  9.565392E-01
  4.998624E-01  5.683596E-01  9.611109E-01
  5.060107E-01  5.870242E-01  9.654658E-01
  5.122346E-01  6.060406E-01  9.695999E-01
  5.185351E-01  6.253920E-01  9.735092E-01
  5.249131E-01  6.450598E-01  9.771901E-01
  5.313695E-01  6.650226E-01  9.806392E-01
  5.379053E-01  6.852566E-01  9.838531E-01
  5.445216E-01  7.057357E-01  9.868288E-01
  5.512192E-01  7.264310E-01  9.895635E-01
  5.579992E-01  7.473111E-01  9.920545E-01
  5.648626E-01  7.683417E-01  9.942994E-01
  5.718104E-01  7.894860E-01  9.962960E-01
  5.788437E-01  8.107045E-01  9.980425E-01
  5.859634E-01  8.319550E-01  9.995370E-01
  5.931708E-01  8.531928E-01  1.000778E+00
  6.004668E-01  8.743703E-01  1.001765E+00
  6.078525E-01  8.954377E-01  1.002495E+00
  6.153291E-01  9.163426E-01  1.002970E+00
  6.228977E-01  9.370304E-01  1.003188E+00
  6.305593E-01  9.574440E-01  1.003149E+00
  6.383152E-01  9.775246E-01  1.002852E+00
  6.461665E-01  9.972109E-01  1.002299E+00
  6.541143E-01  1.016440E+00  1.001490E+00
  6.621599E-01  1.035148E+00  1.000425E+00
  6.703045E-01  1.053269E+00  9.991051E-01
  6.785492E-01  1.070735E+00  9.975321E-01
  6.868954E-01  1.087479E+00  9.957071E-01
  6.953442E-01  1.103434E+00  9.936318E-01
  7.038969E-01  1.118531E+00  9.913081E-01
  7.125549E-01  1.132705E+00  9.887380E-01
  7.213193E-01  1.145888E+00  9.859237E-01
  7.301915E-01  1.158018E+00  9.828679E-01
  7.391729E-01  1.169033E+00  9.795731E-01
  7.482647E-01  1.178876E+00  9.760422E-01
  7.574683E-01  1.187492E+00  9.722783E-01
  7.667852E-01  1.194833E+00  9.682846E-01
  7.762167E-01  1.200852E+00  9.640645E-01
  7.857641E-01  1.205512E+00  9.596214E-01
  7.954290E-01  1.208780E+00  9.549592E-01
  8.052128E-01  1.210628E+00  9.500816E-01
  8.151169E-01  1.211038E+00  9.449926E-01
  8.251429E-01  1.209998E+00  9.396963E-01
  8.352921E-01  1.207503E+00  9.341970E-01
  8.455662E-01  1.203558E+00  9.284989E-01
  8.559667E-01  1.198173E+00  9.226066E-01
  8.664951E-01  1.191369E+00  9.165245E-01
  8.771530E-01  1.183175E+00  9.102574E-01
  8.879419E-01  1.173626E+00  9.038099E-01
  8.988636E-01  1.162766E+00  8.971868E-01
  9.099196E-01  1.150650E+00  8.903932E-01
  9.211117E-01  1.137334E+00  8.834338E-01
  9.324413E-01  1.122887E+00  8.763137E-01
  9.439104E-01  1.107382E+00  8.690381E-01
  9.555205E-01  1.090896E+00  8.616119E-01
  9.672734E-01  1.073516E+00  8.540404E-01
  9.791708E-01  1.055329E+00  8.463289E-01
  9.912146E-01  1.036428E+00  8.384824E-01
  1.003407E+00  1.016910E+00  8.305063E-01
  1.015748E+00  9.968713E-01  8.224058E-01
  1.028242E+00  9.764123E-01  8.141863E-01
  1.040890E+00  9.556324E-01  8.058531E-01
  1.053692E+00  9.346313E-01  7.974114E-01
  1.066653E+00  9.135071E-01  7.888666E-01
  1.079773E+00  8.923563E-01  7.802240E-01
  1.093054E+00  8.712723E-01  7.714889E-01
  1.106499E+00  8.503454E-01  7.626665E-01
  1.120108E+00  8.296617E-01  7.537621E-01
  1.133886E+00  8.093026E-01  7.447811E-01
  1.147833E+00  7.893444E-01  7.357284E-01
  1.161951E+00  7.698574E-01  7.266095E-01
  1.176243E+00  7.509063E-01  7.174293E-01
  1.190711E+00  7.325492E-01  7.081930E-01
  1.205356E+00  7.148375E-01  6.989057E-01
  1.220182E+00  6.978158E-01  6.895724E-01
  1.235191E+00  6.815218E-01  6.801980E-01
  1.250383E+00  6.659860E-01  6.707874E-01
  1.265763E+00  6.512317E-01  6.613454E-01
  1.281332E+00  6.372754E-01  6.518770E-01
  1.297092E+00  6.241262E-01  6.423867E-01
  1.313047E+00  6.117862E-01  6.328792E-01
  1.329197E+00  6.002509E-01  6.233592E-01
  1.345546E+00  5.895086E-01  6.138311E-01
  1.362096E+00  5.795410E-01  6.042993E-01
  1.378850E+00  5.703231E-01  5.947683E-01
  1.395810E+00  5.618232E-01  5.852423E-01
  1.412979E+00  5.540031E-01  5.757256E-01
  1.430358E+00  5.468175E-01  5.662221E-01
  1.447952E+00  5.402147E-01  5.567361E-01
  1.465761E+00  5.341361E-01  5.472714E-01
  1.483790E+00  5.285170E-01  5.378320E-01
  1.502041E+00  5.232866E-01  5.284215E-01
  1.520516E+00  5.183689E-01  5.190438E-01
  1.539218E+00  5.136840E-01  5.097023E-01
  1.558151E+00  5.091492E-01  5.004007E-01
  1.577316E+00  5.046802E-01  4.911423E-01
  1.596717E+00  5.001929E-01  4.819305E-01
  1.616357E+00  4.956050E-01  4.727685E-01
  1.636238E+00  4.908373E-01  4.636594E-01
  1.656363E+00  4.858156E-01  4.546062E-01
  1.676737E+00  4.804722E-01  4.456119E-01
  1.697361E+00  4.747478E-01  4.366792E-01
  1.718238E+00  4.685927E-01  4.278110E-01
  1.739372E+00  4.619687E-01  4.190097E-01
  1.760767E+00  4.548503E-01  4.102780E-01
  1.782424E+00  4.472255E-01  4.016181E-01
  1.804348E+00  4.390967E-01  3.930325E-01
  1.826541E+00  4.304808E-01  3.845233E-01
  1.849008E+00  4.214086E-01  3.760925E-01
  1.871751E+00  4.119241E-01  3.677422E-01
  1.894773E+00  4.020828E-01  3.594743E-01
  1.918079E+00  3.919503E-01  3.512906E-01
  1.941671E+00  3.815992E-01  3.431927E-01
  1.965554E+00  3.711074E-01  3.351822E-01
  1.989730E+00  3.605550E-01  3.272608E-01
  2.014204E+00  3.500216E-01  3.194299E-01
  2.038979E+00  3.395835E-01  3.116907E-01
  2.064058E+00  3.293112E-01  3.040447E-01
  2.089446E+00  3.192671E-01  2.964931E-01
  2.115146E+00  3.095033E-01  2.890369E-01
  2.141162E+00  3.000600E-01  2.816773E-01
  2.167499E+00  2.909643E-01  2.744153E-01
  2.194159E+00  2.822297E-01  2.672519E-01
  2.221147E+00  2.738559E-01  2.601880E-01
  2.248467E+00  2.658295E-01  2.532245E-01
  2.276123E+00  2.581260E-01  2.463621E-01
  2.304120E+00  2.507119E-01  2.396016E-01
  2.332460E+00  2.435483E-01  2.329437E-01
  2.361150E+00  2.365946E-01  2.263890E-01
  2.390192E+00  2.298133E-01  2.199382E-01
  2.419591E+00  2.231736E-01  2.135918E-01
  2.449352E+00  2.166550E-01  2.073502E-01
  2.479479E+00  2.102484E-01  2.012141E-01
  2.509977E+00  2.039518E-01  1.951838E-01
  2.540849E+00  1.977655E-01  1.892596E-01
  2.572102E+00  1.916899E-01  1.834419E-01
  2.603739E+00  1.857253E-01  1.777309E-01
  2.635765E+00  1.798719E-01  1.721270E-01
  2.668185E+00  1.741302E-01  1.666302E-01
  2.701003E+00  1.685002E-01  1.612407E-01
  2.734226E+00  1.629820E-01  1.559586E-01
  2.767857E+00  1.575759E-01  1.507840E-01
  2.801901E+00  1.522817E-01  1.457168E-01
  2.836365E+00  1.470996E-01  1.407570E-01
  2.871252E+00  1.420293E-01  1.359044E-01
  2.906568E+00  1.370709E-01  1.311590E-01
  2.942319E+00  1.322239E-01  1.265204E-01
  2.978510E+00  1.274883E-01  1.219885E-01
  3.015145E+00  1.228637E-01  1.175629E-01
  3.052232E+00  1.183497E-01  1.132432E-01
  3.089774E+00  1.139459E-01  1.090291E-01
  3.127778E+00  1.096518E-01  1.049199E-01
  3.166250E+00  1.054668E-01  1.009152E-01
  3.205195E+00  1.013902E-01  9.701431E-02
  3.244619E+00  9.742147E-02  9.321661E-02
  3.284528E+00  9.355973E-02  8.952133E-02
  3.324927E+00  8.980417E-02  8.592768E-02
  3.365824E+00  8.615391E-02  8.243481E-02
  3.407224E+00  8.260797E-02  7.904177E-02
  3.449132E+00  7.916532E-02  7.574760E-02
  3.491557E+00  7.582488E-02  7.255122E-02
  3.534503E+00  7.258548E-02  6.945155E-02
  3.577977E+00  6.944589E-02  6.644739E-02
  3.621986E+00  6.640483E-02  6.353753E-02
  3.666537E+00  6.346096E-02  6.072067E-02
  3.711635E+00  6.061288E-02  5.799546E-02
  3.757288E+00  5.785911E-02  5.536052E-02
  3.803503E+00  5.519815E-02  5.281440E-02
  3.850286E+00  5.262845E-02  5.035559E-02
  3.897645E+00  5.014838E-02  4.798257E-02
  3.945586E+00  4.775629E-02  4.569374E-02
  3.994116E+00  4.545051E-02  4.348750E-02
  4.043244E+00  4.322929E-02  4.136218E-02
  4.092976E+00  4.109089E-02  3.931611E-02
  4.143319E+00  3.903350E-02  3.734756E-02
  4.194282E+00  3.705533E-02  3.545482E-02
  4.245872E+00  3.515453E-02  3.363612E-02
  4.298096E+00  3.332926E-02  3.188969E-02
  4.350963E+00  3.157766E-02  3.021376E-02
  4.404480E+00  2.989786E-02  2.860652E-02
  4.458655E+00  2.828797E-02  2.706619E-02
  4.513496E+00  2.674613E-02  2.559097E-02
  4.569012E+00  2.527046E-02  2.417906E-02
  4.625211E+00  2.385907E-02  2.282867E-02
  4.682101E+00  2.251012E-02  2.153801E-02
  4.739691E+00  2.122173E-02  2.030530E-02
  4.797989E+00  1.999208E-02  1.912879E-02
  4.857004E+00  1.881932E-02  1.800672E-02
  4.916745E+00  1.770165E-02  1.693735E-02
  4.977221E+00  1.663728E-02  1.591898E-02
  5.038441E+00  1.562443E-02  1.494991E-02
  5.100414E+00  1.466135E-02  1.402845E-02
  5.163149E+00  1.374632E-02  1.315297E-02
  5.226656E+00  1.287763E-02  1.232182E-02
  5.290944E+00  1.205360E-02  1.153340E-02
  5.356022E+00  1.127260E-02  1.078615E-02
  5.421901E+00  1.053299E-02  1.007849E-02
  5.488591E+00  9.833179E-03  9.408922E-03
  5.556101E+00  9.171611E-03  8.775936E-03
  5.624441E+00  8.546748E-03  8.178067E-03
  5.693621E+00  7.957088E-03  7.613878E-03
  5.763653E+00  7.401161E-03  7.081961E-03
  5.834546E+00  6.877526E-03  6.580941E-03
  5.906311E+00  6.384778E-03  6.109471E-03
  5.978958E+00  5.921543E-03  5.666237E-03
  6.052499E+00  5.486481E-03  5.249958E-03
  6.126945E+00  5.078287E-03  4.859385E-03
  6.202307E+00  4.695689E-03  4.493301E-03
  6.278595E+00  4.337452E-03  4.150523E-03
  6.355822E+00  4.002372E-03  3.829903E-03
  6.433998E+00  3.689286E-03  3.530326E-03
  6.513136E+00  3.397063E-03  3.250709E-03
  6.593248E+00  3.124610E-03  2.990008E-03
  6.674345E+00  2.870867E-03  2.747209E-03
  6.756439E+00  2.634814E-03  2.521335E-03
  6.839544E+00  2.415466E-03  2.311445E-03
  6.923670E+00  2.211873E-03  2.116629E-03
  7.008831E+00  2.023122E-03  1.936015E-03
  7.095040E+00  1.848336E-03  1.768762E-03
  7.182309E+00  1.686673E-03  1.614066E-03
  7.270651E+00  1.537327E-03  1.471155E-03
  7.360080E+00  1.399527E-03  1.339292E-03
  7.450609E+00  1.272535E-03  1.217771E-03
  7.542252E+00  1.155649E-03  1.105920E-03
  7.635021E+00  1.048200E-03  1.003099E-03
  7.728932E+00  9.495504E-04  9.086975E-04
  7.823998E+00  8.590955E-04  8.221375E-04
  7.920233E+00  7.762619E-04  7.428703E-04
  8.017652E+00  7.005067E-04  6.703763E-04
  8.116269E+00  6.313165E-04  6.041644E-04
  8.216099E+00  5.682068E-04  5.437710E-04
  8.317157E+00  5.107210E-04  4.887592E-04
  8.419458E+00  4.584294E-04  4.387178E-04
  8.523018E+00  4.109281E-04  3.932604E-04
  8.627851E+00  3.678387E-04  3.520248E-04
  8.733973E+00  3.288062E-04  3.146715E-04
  8.841401E+00  2.934993E-04  2.808833E-04
  8.950150E+00  2.616081E-04  2.503638E-04
  9.060237E+00  2.328443E-04  2.228370E-04
  9.171678E+00  2.069392E-04  1.980460E-04
  9.284490E+00  1.836435E-04  1.757520E-04
  9.398689E+00  1.627259E-04  1.557338E-04
  9.514293E+00  1.439721E-04  1.377862E-04
  9.631319E+00  1.271841E-04  1.217200E-04
  9.749784E+00  1.121793E-04  1.073601E-04
  9.869706E+00  9.878929E-05  9.454563E-05
  9.991104E+00  8.685931E-05  8.312838E-05
  1.011399E+01  7.624724E-05  7.297236E-05
  1.023840E+01  6.682283E-05  6.395294E-05
  1.036433E+01  5.846693E-05  5.595608E-05
  1.049181E+01  5.107072E-05  4.887764E-05
  1.062086E+01  4.453497E-05  4.262269E-05
  1.075150E+01  3.876943E-05  3.710482E-05
  1.088374E+01  3.369206E-05  3.224556E-05
  1.101761E+01  2.922852E-05  2.797374E-05
  1.115313E+01  2.531152E-05  2.422496E-05
  1.129031E+01  2.188025E-05  2.094105E-05
  1.142918E+01  1.887990E-05  1.806955E-05
  1.156976E+01  1.626114E-05  1.556324E-05
  1.171207E+01  1.397966E-05  1.337971E-05
  1.185613E+01  1.199573E-05  1.148096E-05
  1.200196E+01  1.027380E-05  9.832958E-06
  1.214958E+01  8.782141E-06  8.405330E-06
  1.229902E+01  7.492452E-06  7.170999E-06
  1.245030E+01  6.379571E-06  6.105884E-06
  1.260344E+01  5.421164E-06  5.188610E-06
  1.275846E+01  4.597446E-06  4.400242E-06
  1.291539E+01  3.890924E-06  3.724038E-06
  1.307425E+01  3.286172E-06  3.145235E-06
  1.323506E+01  2.769606E-06  2.650833E-06
  1.339785E+01  2.329295E-06  2.229413E-06
  1.356264E+01  1.954785E-06  1.870969E-06
  1.372947E+01  1.636927E-06  1.566747E-06
  1.389834E+01  1.367742E-06  1.309108E-06
  1.406929E+01  1.140281E-06  1.091404E-06
  1.424234E+01  9.485060E-07  9.078543E-07
  1.441752E+01  7.871851E-07  7.534527E-07
  1.459486E+01  6.517934E-07  6.238681E-07
  1.477437E+01  5.384270E-07  5.153645E-07
  1.495610E+01  4.437261E-07  4.247261E-07
  1.514006E+01  3.648056E-07  3.491920E-07
  1.532628E+01  2.991944E-07  2.863972E-07
  1.551479E+01  2.447811E-07  2.343210E-07
  1.570563E+01  1.997659E-07  2.412707E-07
  1.589880E+01  1.626187E-07  1.350906E-07
  1.609436E+01  1.320418E-07  2.232476E-05
  1.629232E+01  1.069377E-07  1.939071E-05
  1.649272E+01  8.638029E-08  1.681108E-05
  1.669558E+01  6.959026E-08  1.454733E-05
  1.690093E+01  5.591369E-08  1.256455E-05
  1.710881E+01  4.480321E-08  1.083124E-05
  1.731925E+01  3.580195E-08  9.318970E-06
  1.753228E+01  2.852962E-08  8.002194E-06
  1.774793E+01  2.267055E-08  6.857958E-06
  1.796622E+01  1.796344E-08  5.865706E-06
  1.818721E+01  1.419264E-08  5.007058E-06
  1.841091E+01  1.118065E-08  4.265637E-06
  1.863737E+01  8.781833E-09  0.000000E+00
  1.886661E+01  6.877045E-09  0.000000E+00
  1.909867E+01  5.369086E-09  0.000000E+00
  1.933358E+01  4.178923E-09  0.000000E+00
  1.957138E+01  3.242484E-09  0.000000E+00
  1.981211E+01  2.507979E-09  0.000000E+00
  2.005580E+01  1.933685E-09  0.000000E+00
  2.030249E+01  1.486093E-09  0.000000E+00
  2.055221E+01  1.138379E-09  0.000000E+00
  2.080500E+01  8.691431E-10  0.000000E+00
  2.106090E+01  6.613646E-10  0.000000E+00
  2.131995E+01  5.015541E-10  0.000000E+00
  2.158218E+01  3.790561E-10  0.000000E+00
  2.184764E+01  2.854825E-10  0.000000E+00
  2.211637E+01  2.142531E-10  0.000000E+00
  2.238840E+01  1.602238E-10  0.000000E+00
  2.266378E+01  1.193879E-10  0.000000E+00
  2.294254E+01  8.863539E-11  0.000000E+00
  2.322474E+01  6.556137E-11  0.000000E+00
  2.351040E+01  4.831287E-11  0.000000E+00
  2.379958E+01  3.546757E-11  0.000000E+00
  2.409231E+01  2.593781E-11  0.000000E+00
  2.438865E+01  1.889503E-11  0.000000E+00
  2.468863E+01  1.371051E-11  0.000000E+00
  2.499230E+01  9.909000E-12  0.000000E+00
  2.529971E+01  7.132714E-12  0.000000E+00
  2.561089E+01  5.113365E-12  0.000000E+00
  2.592591E+01  3.650596E-12  0.000000E+00
  2.624479E+01  2.595395E-12  0.000000E+00
  2.656761E+01  1.837397E-12  0.000000E+00
  2.689439E+01  1.295209E-12  0.000000E+00
  2.722519E+01  9.090568E-13  0.000000E+00
  2.756006E+01  6.352327E-13  0.000000E+00
  2.789905E+01  4.419184E-13  0.000000E+00
  2.824220E+01  3.060522E-13  0.000000E+00
  2.858958E+01  2.109938E-13  0.000000E+00
  2.894124E+01  1.447925E-13  0.000000E+00
  2.929721E+01  0.000000E+00  0.000000E+00
  2.965757E+01  0.000000E+00  0.000000E+00
  3.002236E+01  0.000000E+00  0.000000E+00
  3.039163E+01  0.000000E+00  0.000000E+00
  3.076545E+01  0.000000E+00  0.000000E+00
  3.114386E+01  0.000000E+00  0.000000E+00
  3.152693E+01  0.000000E+00  0.000000E+00
  3.191471E+01  0.000000E+00  0.000000E+00
  3.230727E+01  0.000000E+00  0.000000E+00
  3.270465E+01  0.000000E+00  0.000000E+00
  3.310691E+01  0.000000E+00  0.000000E+00
  3.351413E+01  0.000000E+00  0.000000E+00
  3.392635E+01  0.000000E+00  0.000000E+00
  3.434365E+01  0.000000E+00  0.000000E+00
  3.476607E+01  0.000000E+00  0.000000E+00
  3.519369E+01  0.000000E+00  0.000000E+00
  3.562658E+01  0.000000E+00  0.000000E+00
  3.606478E+01  0.000000E+00  0.000000E+00
  3.650838E+01  0.000000E+00  0.000000E+00
  3.695743E+01  0.000000E+00  0.000000E+00
  3.741201E+01  0.000000E+00  0.000000E+00
  3.787218E+01  0.000000E+00  0.000000E+00
  3.833801E+01  0.000000E+00  0.000000E+00
  3.880956E+01  0.000000E+00  0.000000E+00
  3.928692E+01  0.000000E+00  0.000000E+00
  3.977015E+01  0.000000E+00  0.000000E+00
  4.025932E+01  0.000000E+00  0.000000E+00
  4.075451E+01  0.000000E+00  0.000000E+00
  4.125579E+01  0.000000E+00  0.000000E+00
  4.176324E+01  0.000000E+00  0.000000E+00
  4.227693E+01  0.000000E+00  0.000000E+00
  4.279693E+01  0.000000E+00  0.000000E+00
  4.332334E+01  0.000000E+00  0.000000E+00
  4.385621E+01  0.000000E+00  0.000000E+00
  4.439564E+01  0.000000E+00  0.000000E+00
  4.494171E+01  0.000000E+00  0.000000E+00
  4.549449E+01  0.000000E+00  0.000000E+00
  4.605408E+01  0.000000E+00  0.000000E+00
  4.662054E+01  0.000000E+00  0.000000E+00
  4.719397E+01  0.000000E+00  0.000000E+00
  4.777446E+01  0.000000E+00  0.000000E+00
  4.836209E+01  0.000000E+00  0.000000E+00
  4.895694E+01  0.000000E+00  0.000000E+00
  4.955911E+01  0.000000E+00  0.000000E+00
  5.016869E+01  0.000000E+00  0.000000E+00
  5.078576E+01  0.000000E+00  0.000000E+00
  5.141043E+01  0.000000E+00  0.000000E+00
  5.204277E+01  0.000000E+00  0.000000E+00
  5.268290E+01  0.000000E+00  0.000000E+00
  5.333090E+01  0.000000E+00  0.000000E+00
  5.398687E+01  0.000000E+00  0.000000E+00
  5.465091E+01  0.000000E+00  0.000000E+00
  5.532311E+01  0.000000E+00  0.000000E+00
  5.600359E+01  0.000000E+00  0.000000E+00
  5.669243E+01  0.000000E+00  0.000000E+00
  5.738975E+01  0.000000E+00  0.000000E+00
  5.809564E+01  0.000000E+00  0.000000E+00
  5.881022E+01  0.000000E+00  0.000000E+00
  5.953359E+01  0.000000E+00  0.000000E+00
  6.026585E+01  0.000000E+00  0.000000E+00
  6.100712E+01  0.000000E+00  0.000000E+00
  6.175751E+01  0.000000E+00  0.000000E+00
  6.251712E+01  0.000000E+00  0.000000E+00
  6.328608E+01  0.000000E+00  0.000000E+00
  6.406450E+01  0.000000E+00  0.000000E+00
  6.485250E+01  0.000000E+00  0.000000E+00
  6.565018E+01  0.000000E+00  0.000000E+00
  6.645768E+01  0.000000E+00  0.000000E+00
  6.727511E+01  0.000000E+00  0.000000E+00
  6.810259E+01  0.000000E+00  0.000000E+00
  6.894026E+01  0.000000E+00  0.000000E+00
  6.978822E+01  0.000000E+00  0.000000E+00
  7.064662E+01  0.000000E+00  0.000000E+00
  7.151557E+01  0.000000E+00  0.000000E+00
  7.239521E+01  0.000000E+00  0.000000E+00
  7.328567E+01  0.000000E+00  0.000000E+00
  7.418709E+01  0.000000E+00  0.000000E+00
  7.509959E+01  0.000000E+00  0.000000E+00
  7.602331E+01  0.000000E+00  0.000000E+00
  7.695840E+01  0.000000E+00  0.000000E+00
  7.790499E+01  0.000000E+00  0.000000E+00
  7.886322E+01  0.000000E+00  0.000000E+00
  7.983324E+01  0.000000E+00  0.000000E+00
