  4.807692E-04  3.289900E-08  4.545117E-06
  4.866827E-04  3.371329E-08  4.638147E-06
  4.926689E-04  3.454774E-08  4.733076E-06
  4.987287E-04  3.540284E-08  4.829943E-06
  5.048631E-04  3.627911E-08  4.928960E-06
  5.110729E-04  3.717706E-08  5.030535E-06
  5.173591E-04  3.809724E-08  5.134630E-06
  5.237226E-04  3.904020E-08  5.241322E-06
  5.301644E-04  4.000649E-08  5.350669E-06
  5.366854E-04  4.099671E-08  5.462731E-06
  5.432867E-04  4.201143E-08  5.577569E-06
  5.499691E-04  4.305126E-08  5.695247E-06
  5.567337E-04  4.411684E-08  5.815830E-06
  5.635815E-04  4.520879E-08  5.939382E-06
  5.705136E-04  4.632776E-08  6.065974E-06
  5.775309E-04  4.747443E-08  6.195673E-06
  5.846345E-04  4.864949E-08  6.328552E-06
  5.918255E-04  4.985363E-08  6.464683E-06
  5.991050E-04  5.108757E-08  6.604141E-06
  6.064740E-04  5.235205E-08  6.747003E-06
  6.139336E-04  5.364783E-08  6.893348E-06
  6.214850E-04  5.497568E-08  7.043256E-06
  6.291292E-04  5.633640E-08  7.196810E-06
  6.368675E-04  5.773080E-08  7.354094E-06
  6.447010E-04  5.915971E-08  7.515195E-06
  6.526308E-04  6.062399E-08  7.680201E-06
  6.606582E-04  6.212451E-08  7.849205E-06
  6.687843E-04  6.366218E-08  8.022298E-06
  6.770103E-04  6.523790E-08  8.199576E-06
  6.853376E-04  6.685262E-08  8.381137E-06
  6.937672E-04  6.850731E-08  8.567082E-06
  7.023005E-04  7.020295E-08  8.757513E-06
  7.109388E-04  7.194056E-08  8.952535E-06
  7.196834E-04  7.372118E-08  9.152255E-06
  7.285355E-04  7.554588E-08  9.356785E-06
  7.374965E-04  7.741574E-08  9.566238E-06
  7.465677E-04  7.933188E-08  9.780728E-06
  7.557505E-04  8.129544E-08  1.000038E-05
  7.650462E-04  8.330761E-08  1.022530E-05
  7.744563E-04  8.536958E-08  1.045563E-05
  7.839821E-04  8.748259E-08  1.069149E-05
  7.936251E-04  8.964789E-08  1.093301E-05
  8.033867E-04  9.186679E-08  1.118032E-05
  8.132683E-04  9.414061E-08  1.143357E-05
  8.232715E-04  9.647071E-08  1.169289E-05
  8.333977E-04  9.885849E-08  1.195842E-05
  8.436485E-04  1.013054E-07  1.223032E-05
  8.540254E-04  1.038128E-07  1.250874E-05
  8.645299E-04  1.063823E-07  1.279382E-05
  8.751636E-04  1.090154E-07  1.308573E-05
  8.859282E-04  1.117137E-07  1.338463E-05
  8.968251E-04  1.144787E-07  1.369069E-05
  9.078560E-04  1.173122E-07  1.400407E-05
  9.190227E-04  1.202158E-07  1.432495E-05
  9.303266E-04  1.231913E-07  1.465351E-05
  9.417697E-04  1.262405E-07  1.498994E-05
  9.533534E-04  1.293651E-07  1.533441E-05
  9.650797E-04  1.325671E-07  1.568712E-05
  9.769501E-04  1.358483E-07  1.604828E-05
  9.889666E-04  1.392107E-07  1.641807E-05
  1.001131E-03  1.426563E-07  1.679670E-05
  1.013445E-03  1.461872E-07  1.718440E-05
  1.025910E-03  1.498056E-07  1.758136E-05
  1.038529E-03  1.535134E-07  1.798782E-05
  1.051303E-03  1.573131E-07  1.840400E-05
  1.064234E-03  1.612068E-07  1.883014E-05
  1.077324E-03  1.651969E-07  1.926647E-05
  1.090575E-03  1.692857E-07  1.971323E-05
  1.103989E-03  1.734758E-07  2.017068E-05
  1.117568E-03  1.777695E-07  2.063907E-05
  1.131314E-03  1.821695E-07  2.111866E-05
  1.145229E-03  1.866784E-07  2.160972E-05
  1.159316E-03  1.912990E-07  2.211254E-05
  1.173575E-03  1.960339E-07  2.262737E-05
  1.188010E-03  2.008860E-07  2.315453E-05
  1.202623E-03  2.058581E-07  2.369430E-05
  1.217415E-03  2.109534E-07  2.424698E-05
  1.232389E-03  2.161748E-07  2.481288E-05
  1.247548E-03  2.215254E-07  2.539233E-05
  1.262892E-03  2.270084E-07  2.598564E-05
  1.278426E-03  2.326271E-07  2.659315E-05
  1.294151E-03  2.383850E-07  2.721521E-05
  1.310069E-03  2.442853E-07  2.785214E-05
  1.326183E-03  2.503317E-07  2.850433E-05
  1.342495E-03  2.565277E-07  2.917213E-05
  1.359007E-03  2.628771E-07  2.985592E-05
  1.375723E-03  2.693836E-07  3.055607E-05
  1.392645E-03  2.760512E-07  3.127300E-05
  1.409774E-03  2.828838E-07  3.200709E-05
  1.427114E-03  2.898856E-07  3.275876E-05
  1.444668E-03  2.970606E-07  3.352843E-05
  1.462437E-03  3.044132E-07  3.431654E-05
  1.480425E-03  3.119478E-07  3.512353E-05
  1.498634E-03  3.196689E-07  3.594986E-05
  1.517068E-03  3.275812E-07  3.679598E-05
  1.535728E-03  3.356892E-07  3.766237E-05
  1.554617E-03  3.439979E-07  3.854953E-05
  1.573739E-03  3.525123E-07  3.945795E-05
  1.593096E-03  3.612374E-07  4.038814E-05
  1.612691E-03  3.701785E-07  4.134062E-05
  1.632527E-03  3.793409E-07  4.231594E-05
  1.652607E-03  3.887301E-07  4.331464E-05
  1.672934E-03  3.983516E-07  4.433729E-05
  1.693511E-03  4.082113E-07  4.538445E-05
  1.714341E-03  4.183151E-07  4.645673E-05
  1.735428E-03  4.286689E-07  4.755472E-05
  1.756773E-03  4.392790E-07  4.867905E-05
  1.778382E-03  4.501517E-07  4.983034E-05
  1.800256E-03  4.612935E-07  5.100925E-05
  1.822399E-03  4.727111E-07  5.221644E-05
  1.844815E-03  4.844113E-07  5.345259E-05
  1.867506E-03  4.964011E-07  5.471840E-05
  1.890476E-03  5.086877E-07  5.601459E-05
  1.913729E-03  5.212783E-07  5.734187E-05
  1.937268E-03  5.341806E-07  5.870101E-05
  1.961096E-03  5.474023E-07  6.009277E-05
  1.985218E-03  5.609512E-07  6.151793E-05
  2.009636E-03  5.748354E-07  6.297729E-05
  2.034354E-03  5.890633E-07  6.447169E-05
  2.059377E-03  6.036433E-07  6.600196E-05
  2.084707E-03  6.185843E-07  6.756896E-05
  2.110349E-03  6.338950E-07  6.917359E-05
  2.136306E-03  6.495847E-07  7.081674E-05
  2.162583E-03  6.656627E-07  7.249934E-05
  2.189183E-03  6.821387E-07  7.422234E-05
  2.216110E-03  6.990225E-07  7.598671E-05
  2.243368E-03  7.163241E-07  7.779346E-05
  2.270961E-03  7.340541E-07  7.964359E-05
  2.298894E-03  7.522228E-07  8.153815E-05
  2.327171E-03  7.708412E-07  8.347820E-05
  2.355795E-03  7.899205E-07  8.546485E-05
  2.384771E-03  8.094720E-07  8.749922E-05
  2.414104E-03  8.295075E-07  8.958244E-05
  2.443797E-03  8.500388E-07  9.171570E-05
  2.473856E-03  8.710783E-07  9.390019E-05
  2.504284E-03  8.926385E-07  9.613716E-05
  2.535087E-03  9.147324E-07  9.842785E-05
  2.566269E-03  9.373732E-07  1.007736E-04
  2.597834E-03  9.605743E-07  1.031756E-04
  2.629787E-03  9.843497E-07  1.056354E-04
  2.662133E-03  1.008714E-06  1.081542E-04
  2.694878E-03  1.033680E-06  1.107335E-04
  2.728025E-03  1.059265E-06  1.133748E-04
  2.761579E-03  1.085483E-06  1.160795E-04
  2.795547E-03  1.112350E-06  1.188492E-04
  2.829932E-03  1.139882E-06  1.216854E-04
  2.864740E-03  1.168096E-06  1.245898E-04
  2.899977E-03  1.197008E-06  1.275638E-04
  2.935646E-03  1.226635E-06  1.306094E-04
  2.971755E-03  1.256996E-06  1.337280E-04
  3.008307E-03  1.288108E-06  1.369215E-04
  3.045309E-03  1.319990E-06  1.401918E-04
  3.082767E-03  1.352661E-06  1.435405E-04
  3.120685E-03  1.386141E-06  1.469697E-04
  3.159069E-03  1.420450E-06  1.504812E-04
  3.197926E-03  1.455608E-06  1.540770E-04
  3.237260E-03  1.491636E-06  1.577592E-04
  3.277079E-03  1.528556E-06  1.615297E-04
  3.317387E-03  1.566389E-06  1.653908E-04
  3.358190E-03  1.605159E-06  1.693445E-04
  3.399496E-03  1.644889E-06  1.733931E-04
  3.441310E-03  1.685602E-06  1.775389E-04
  3.483638E-03  1.727322E-06  1.817842E-04
  3.526487E-03  1.770076E-06  1.861314E-04
  3.569863E-03  1.813887E-06  1.905828E-04
  3.613772E-03  1.858783E-06  1.951411E-04
  3.658221E-03  1.904790E-06  1.998087E-04
  3.703217E-03  1.951936E-06  2.045883E-04
  3.748767E-03  2.000248E-06  2.094825E-04
  3.794877E-03  2.049757E-06  2.144941E-04
  3.841554E-03  2.100491E-06  2.196259E-04
  3.888805E-03  2.152480E-06  2.248807E-04
  3.936637E-03  2.205756E-06  2.302615E-04
  3.985058E-03  2.260351E-06  2.357713E-04
  4.034074E-03  2.316298E-06  2.414132E-04
  4.083693E-03  2.373629E-06  2.471902E-04
  4.133923E-03  2.432379E-06  2.531057E-04
  4.184770E-03  2.492583E-06  2.591629E-04
  4.236243E-03  2.554277E-06  2.653652E-04
  4.288348E-03  2.617498E-06  2.717161E-04
  4.341095E-03  2.682284E-06  2.782191E-04
  4.394491E-03  2.748673E-06  2.848778E-04
  4.448543E-03  2.816706E-06  2.916959E-04
  4.503260E-03  2.886423E-06  2.986772E-04
  4.558650E-03  2.957865E-06  3.058255E-04
  4.614721E-03  3.031075E-06  3.131449E-04
  4.671482E-03  3.106097E-06  3.206395E-04
  4.728942E-03  3.182977E-06  3.283133E-04
  4.787108E-03  3.261759E-06  3.361706E-04
  4.845989E-03  3.342491E-06  3.442158E-04
  4.905595E-03  3.425221E-06  3.524533E-04
  4.965934E-03  3.509999E-06  3.608877E-04
  5.027015E-03  3.596875E-06  3.695237E-04
  5.088847E-03  3.685901E-06  3.783660E-04
  5.151440E-03  3.777131E-06  3.874194E-04
  5.214802E-03  3.870619E-06  3.966891E-04
  5.278944E-03  3.966421E-06  4.061801E-04
  5.343875E-03  4.064593E-06  4.158976E-04
  5.409605E-03  4.165196E-06  4.258471E-04
  5.476143E-03  4.268289E-06  4.360339E-04
  5.543500E-03  4.373933E-06  4.464637E-04
  5.611685E-03  4.482192E-06  4.571422E-04
  5.680709E-03  4.593131E-06  4.680752E-04
  5.750581E-03  4.706815E-06  4.792689E-04
  5.821313E-03  4.823314E-06  4.907292E-04
  5.892916E-03  4.942695E-06  5.024626E-04
  5.965398E-03  5.065032E-06  5.144753E-04
  6.038773E-03  5.190396E-06  5.267741E-04
  6.113050E-03  5.318863E-06  5.393655E-04
  6.188240E-03  5.450510E-06  5.522566E-04
  6.264356E-03  5.585415E-06  5.654543E-04
  6.341407E-03  5.723658E-06  5.789658E-04
  6.419406E-03  5.865324E-06  5.927984E-04
  6.498365E-03  6.010496E-06  6.069598E-04
  6.578295E-03  6.159261E-06  6.214576E-04
  6.659208E-03  6.311708E-06  6.362997E-04
  6.741116E-03  6.467928E-06  6.514942E-04
  6.824032E-03  6.628014E-06  6.670492E-04
  6.907968E-03  6.792063E-06  6.829733E-04
  6.992936E-03  6.960172E-06  6.992749E-04
  7.078949E-03  7.132442E-06  7.159631E-04
  7.166020E-03  7.308975E-06  7.330467E-04
  7.254162E-03  7.489878E-06  7.505350E-04
  7.343388E-03  7.675258E-06  7.684374E-04
  7.433712E-03  7.865227E-06  7.867635E-04
  7.525146E-03  8.059897E-06  8.055233E-04
  7.617706E-03  8.259385E-06  8.247267E-04
  7.711404E-03  8.463810E-06  8.443842E-04
  7.806254E-03  8.673296E-06  8.645062E-04
  7.902271E-03  8.887965E-06  8.851035E-04
  7.999469E-03  9.107948E-06  9.061872E-04
  8.097862E-03  9.333376E-06  9.277685E-04
  8.197466E-03  9.564383E-06  9.498588E-04
  8.298295E-03  9.801107E-06  9.724701E-04
  8.400364E-03  1.004369E-05  9.956144E-04
  8.503688E-03  1.029228E-05  1.019304E-03
  8.608283E-03  1.054702E-05  1.043551E-03
  8.714165E-03  1.080806E-05  1.068369E-03
  8.821350E-03  1.107557E-05  1.093771E-03
  8.929852E-03  1.134969E-05  1.119770E-03
  9.039689E-03  1.163060E-05  1.146380E-03
  9.150878E-03  1.191846E-05  1.173615E-03
  9.263433E-03  1.221345E-05  1.201490E-03
  9.377374E-03  1.251574E-05  1.230018E-03
  9.492715E-03  1.282551E-05  1.259216E-03
  9.609476E-03  1.314295E-05  1.289098E-03
  9.727672E-03  1.346824E-05  1.319680E-03
  9.847323E-03  1.380158E-05  1.350978E-03
  9.968445E-03  1.414317E-05  1.383008E-03
  1.009106E-02  1.449322E-05  1.415788E-03
  1.021518E-02  1.485193E-05  1.449333E-03
  1.034082E-02  1.521952E-05  1.483663E-03
  1.046802E-02  1.559621E-05  1.518793E-03
  1.059677E-02  1.598222E-05  1.554743E-03
  1.072711E-02  1.637778E-05  1.591532E-03
  1.085906E-02  1.678313E-05  1.629177E-03
  1.099262E-02  1.719851E-05  1.667699E-03
  1.112783E-02  1.762418E-05  1.707118E-03
  1.126470E-02  1.806038E-05  1.747453E-03
  1.140326E-02  1.850737E-05  1.788726E-03
  1.154352E-02  1.896543E-05  1.830957E-03
  1.168550E-02  1.943482E-05  1.874168E-03
  1.182924E-02  1.991583E-05  1.918382E-03
  1.197474E-02  2.040875E-05  1.963620E-03
  1.212203E-02  2.091386E-05  2.009906E-03
  1.227113E-02  2.143147E-05  2.057263E-03
  1.242206E-02  2.196190E-05  2.105715E-03
  1.257485E-02  2.250545E-05  2.155286E-03
  1.272952E-02  2.306245E-05  2.206002E-03
  1.288610E-02  2.363324E-05  2.257888E-03
  1.304460E-02  2.421815E-05  2.310971E-03
  1.320504E-02  2.481754E-05  2.365276E-03
  1.336747E-02  2.543176E-05  2.420831E-03
  1.353189E-02  2.606118E-05  2.477663E-03
  1.369833E-02  2.670618E-05  2.535802E-03
  1.386682E-02  2.736714E-05  2.595275E-03
  1.403738E-02  2.804446E-05  2.656113E-03
  1.421004E-02  2.873854E-05  2.718345E-03
  1.438482E-02  2.944980E-05  2.782002E-03
  1.456176E-02  3.017866E-05  2.847115E-03
  1.474087E-02  3.092555E-05  2.913717E-03
  1.492218E-02  3.169093E-05  2.981840E-03
  1.510572E-02  3.247525E-05  3.051517E-03
  1.529152E-02  3.327898E-05  3.122782E-03
  1.547961E-02  3.410260E-05  3.195670E-03
  1.567001E-02  3.494660E-05  3.270217E-03
  1.586275E-02  3.581148E-05  3.346457E-03
  1.605786E-02  3.669777E-05  3.424429E-03
  1.625537E-02  3.760599E-05  3.504169E-03
  1.645531E-02  3.853669E-05  3.585716E-03
  1.665771E-02  3.949041E-05  3.669109E-03
  1.686260E-02  4.046774E-05  3.754388E-03
  1.707001E-02  4.146925E-05  3.841593E-03
  1.727997E-02  4.249554E-05  3.930765E-03
  1.749252E-02  4.354723E-05  4.021947E-03
  1.770767E-02  4.462495E-05  4.115182E-03
  1.792548E-02  4.572933E-05  4.210513E-03
  1.814596E-02  4.686104E-05  4.307986E-03
  1.836916E-02  4.802075E-05  4.407645E-03
  1.859510E-02  4.920916E-05  4.509538E-03
  1.882382E-02  5.042698E-05  4.613711E-03
  1.905535E-02  5.167493E-05  4.720213E-03
  1.928973E-02  5.295376E-05  4.829093E-03
  1.952700E-02  5.426423E-05  4.940401E-03
  1.976718E-02  5.560713E-05  5.054187E-03
  2.001031E-02  5.698326E-05  5.170505E-03
  2.025644E-02  5.839344E-05  5.289406E-03
  2.050560E-02  5.983850E-05  5.410945E-03
  2.075781E-02  6.131933E-05  5.535176E-03
  2.101314E-02  6.283679E-05  5.662156E-03
  2.127160E-02  6.439180E-05  5.791941E-03
  2.153324E-02  6.598528E-05  5.924590E-03
  2.179810E-02  6.761819E-05  6.060161E-03
  2.206621E-02  6.929150E-05  6.198715E-03
  2.233763E-02  7.100621E-05  6.340312E-03
  2.261238E-02  7.276334E-05  6.485015E-03
  2.289051E-02  7.456395E-05  6.632888E-03
  2.317207E-02  7.640910E-05  6.783994E-03
  2.345708E-02  7.829991E-05  6.938400E-03
  2.374560E-02  8.023749E-05  7.096171E-03
  2.403767E-02  8.222301E-05  7.257377E-03
  2.433334E-02  8.425765E-05  7.422086E-03
  2.463264E-02  8.634263E-05  7.590369E-03
  2.493562E-02  8.847919E-05  7.762297E-03
  2.524233E-02  9.066860E-05  7.937942E-03
  2.555281E-02  9.291217E-05  8.117379E-03
  2.586711E-02  9.521125E-05  8.300682E-03
  2.618527E-02  9.756720E-05  8.487929E-03
  2.650735E-02  9.998143E-05  8.679196E-03
  2.683339E-02  1.024554E-04  8.874564E-03
  2.716344E-02  1.049905E-04  9.074111E-03
  2.749755E-02  1.075884E-04  9.277919E-03
  2.783577E-02  1.102505E-04  9.486072E-03
  2.817815E-02  1.129785E-04  9.698653E-03
  2.852475E-02  1.157739E-04  9.915749E-03
  2.887560E-02  1.186385E-04  1.013744E-02
  2.923077E-02  1.215740E-04  1.036383E-02
  2.959031E-02  1.245820E-04  1.059499E-02
  2.995427E-02  1.276645E-04  1.083102E-02
  3.032271E-02  1.308232E-04  1.107202E-02
  3.069568E-02  1.340600E-04  1.131806E-02
  3.107323E-02  1.373769E-04  1.156926E-02
  3.145543E-02  1.407758E-04  1.182571E-02
  3.184233E-02  1.442587E-04  1.208749E-02
  3.223400E-02  1.478278E-04  1.235472E-02
  3.263047E-02  1.514852E-04  1.262750E-02
  3.303183E-02  1.552330E-04  1.290592E-02
  3.343812E-02  1.590735E-04  1.319009E-02
  3.384941E-02  1.630089E-04  1.348011E-02
  3.426576E-02  1.670417E-04  1.377609E-02
  3.468723E-02  1.711742E-04  1.407814E-02
  3.511388E-02  1.754089E-04  1.438636E-02
  3.554578E-02  1.797483E-04  1.470088E-02
  3.598299E-02  1.841949E-04  1.502179E-02
  3.642558E-02  1.887516E-04  1.534921E-02
  3.687362E-02  1.934209E-04  1.568326E-02
  3.732716E-02  1.982056E-04  1.602405E-02
  3.778629E-02  2.031086E-04  1.637170E-02
  3.825106E-02  2.081329E-04  1.672633E-02
  3.872155E-02  2.132813E-04  1.708806E-02
  3.919782E-02  2.185570E-04  1.745700E-02
  3.967995E-02  2.239632E-04  1.783329E-02
  4.016802E-02  2.295029E-04  1.821705E-02
  4.066208E-02  2.351797E-04  1.860840E-02
  4.116223E-02  2.409967E-04  1.900747E-02
  4.166852E-02  2.469575E-04  1.941439E-02
  4.218105E-02  2.530656E-04  1.982928E-02
  4.269987E-02  2.593248E-04  2.025228E-02
  4.322508E-02  2.657385E-04  2.068352E-02
  4.375675E-02  2.723109E-04  2.112313E-02
  4.429496E-02  2.790456E-04  2.157124E-02
  4.483979E-02  2.859467E-04  2.202800E-02
  4.539132E-02  2.930184E-04  2.249353E-02
  4.594963E-02  3.002648E-04  2.296798E-02
  4.651481E-02  3.076903E-04  2.345148E-02
  4.708694E-02  3.152992E-04  2.394418E-02
  4.766611E-02  3.230962E-04  2.444621E-02
  4.825240E-02  3.310857E-04  2.495771E-02
  4.884591E-02  3.392727E-04  2.547883E-02
  4.944671E-02  3.476618E-04  2.600971E-02
  5.005491E-02  3.562582E-04  2.655050E-02
  5.067058E-02  3.650670E-04  2.710133E-02
  5.129383E-02  3.740933E-04  2.766235E-02
  5.192475E-02  3.833426E-04  2.823372E-02
  5.256342E-02  3.928202E-04  2.881557E-02
  5.320995E-02  4.025320E-04  2.940805E-02
  5.386443E-02  4.124835E-04  3.001132E-02
  5.452697E-02  4.226808E-04  3.062551E-02
  5.519765E-02  4.331299E-04  3.125078E-02
  5.587658E-02  4.438370E-04  3.188727E-02
  5.656386E-02  4.548084E-04  3.253514E-02
  5.725960E-02  4.660506E-04  3.319452E-02
  5.796389E-02  4.775704E-04  3.386558E-02
  5.867684E-02  4.893745E-04  3.454846E-02
  5.939857E-02  5.014700E-04  3.524330E-02
  6.012917E-02  5.138640E-04  3.595025E-02
  6.086876E-02  5.265638E-04  3.666947E-02
  6.161745E-02  5.395770E-04  3.740109E-02
  6.237534E-02  5.529114E-04  3.814527E-02
  6.314256E-02  5.665747E-04  3.890215E-02
  6.391921E-02  5.805751E-04  3.967188E-02
  6.470542E-02  5.949210E-04  4.045459E-02
  6.550129E-02  6.096206E-04  4.125044E-02
  6.630696E-02  6.246829E-04  4.205956E-02
  6.712254E-02  6.401166E-04  4.288209E-02
  6.794814E-02  6.559309E-04  4.371817E-02
  6.878390E-02  6.721352E-04  4.456795E-02
  6.962995E-02  6.887390E-04  4.543155E-02
  7.048639E-02  7.057521E-04  4.630911E-02
  7.135338E-02  7.231847E-04  4.720076E-02
  7.223102E-02  7.410469E-04  4.810663E-02
  7.311947E-02  7.593494E-04  4.902684E-02
  7.401884E-02  7.781029E-04  4.996153E-02
  7.492927E-02  7.973186E-04  5.091081E-02
  7.585090E-02  8.170076E-04  5.187480E-02
  7.678386E-02  8.371818E-04  5.285362E-02
  7.772830E-02  8.578529E-04  5.384737E-02
  7.868436E-02  8.790331E-04  5.485618E-02
  7.965218E-02  9.007349E-04  5.588014E-02
  8.063190E-02  9.229711E-04  5.691935E-02
  8.162367E-02  9.457547E-04  5.797392E-02
  8.262765E-02  9.690993E-04  5.904394E-02
  8.364397E-02  9.930184E-04  6.012949E-02
  8.467279E-02  1.017526E-03  6.123065E-02
  8.571426E-02  1.042637E-03  6.234752E-02
  8.676855E-02  1.068366E-03  6.348016E-02
  8.783580E-02  1.094727E-03  6.462864E-02
  8.891618E-02  1.121738E-03  6.579302E-02
  9.000985E-02  1.149412E-03  6.697336E-02
  9.111697E-02  1.177767E-03  6.816971E-02
  9.223771E-02  1.206819E-03  6.938212E-02
  9.337223E-02  1.236585E-03  7.061062E-02
  9.452071E-02  1.267082E-03  7.185525E-02
  9.568332E-02  1.298329E-03  7.311602E-02
  9.686022E-02  1.330344E-03  7.439296E-02
  9.805160E-02  1.363145E-03  7.568607E-02
  9.925764E-02  1.396752E-03  7.699536E-02
  1.004785E-01  1.431183E-03  7.832081E-02
  1.017144E-01  1.466460E-03  7.966240E-02
  1.029655E-01  1.502603E-03  8.102012E-02
  1.042320E-01  1.539633E-03  8.239393E-02
  1.055140E-01  1.577572E-03  8.378378E-02
  1.068118E-01  1.616441E-03  8.518962E-02
  1.081256E-01  1.656263E-03  8.661139E-02
  1.094556E-01  1.697062E-03  8.804901E-02
  1.108019E-01  1.738860E-03  8.950239E-02
  1.121647E-01  1.781683E-03  9.097144E-02
  1.135444E-01  1.825556E-03  9.245605E-02
  1.149409E-01  1.870503E-03  9.395610E-02
  1.163547E-01  1.916550E-03  9.547146E-02
  1.177859E-01  1.963725E-03  9.700199E-02
  1.192347E-01  2.012055E-03  9.854752E-02
  1.207012E-01  2.061567E-03  1.001079E-01
  1.221859E-01  2.112291E-03  1.016829E-01
  1.236887E-01  2.164255E-03  1.032724E-01
  1.252101E-01  2.217489E-03  1.048761E-01
  1.267502E-01  2.272025E-03  1.064939E-01
  1.283092E-01  2.327893E-03  1.081254E-01
  1.298874E-01  2.385125E-03  1.097704E-01
  1.314851E-01  2.443756E-03  1.114287E-01
  1.331023E-01  2.503817E-03  1.131000E-01
  1.347395E-01  2.565344E-03  1.147839E-01
  1.363968E-01  2.628372E-03  1.164802E-01
  1.380745E-01  2.692937E-03  1.181884E-01
  1.397728E-01  2.759076E-03  1.199083E-01
  1.414920E-01  2.826827E-03  1.216395E-01
  1.432323E-01  2.896228E-03  1.233816E-01
  1.449941E-01  2.967319E-03  1.251342E-01
  1.467775E-01  3.040140E-03  1.268968E-01
  1.485829E-01  3.114734E-03  1.286691E-01
  1.504104E-01  3.191141E-03  1.304505E-01
  1.522605E-01  3.269406E-03  1.322406E-01
  1.541333E-01  3.349573E-03  1.340388E-01
  1.560291E-01  3.431687E-03  1.358447E-01
  1.579483E-01  3.515795E-03  1.376578E-01
  1.598911E-01  3.601944E-03  1.394774E-01
  1.618577E-01  3.690183E-03  1.413029E-01
  1.638486E-01  3.780562E-03  1.431338E-01
  1.658639E-01  3.873131E-03  1.449695E-01
  1.679040E-01  3.967942E-03  1.468093E-01
  1.699692E-01  4.065048E-03  1.486526E-01
  1.720599E-01  4.164505E-03  1.504986E-01
  1.741762E-01  4.266367E-03  1.523467E-01
  1.763186E-01  4.370691E-03  1.541962E-01
  1.784873E-01  4.477536E-03  1.560462E-01
  1.806827E-01  4.586961E-03  1.578961E-01
  1.829051E-01  4.699026E-03  1.597450E-01
  1.851548E-01  4.813795E-03  1.615922E-01
  1.874322E-01  4.931330E-03  1.634367E-01
  1.897376E-01  5.051697E-03  1.652778E-01
  1.920714E-01  5.174962E-03  1.671147E-01
  1.944339E-01  5.301193E-03  1.689463E-01
  1.968254E-01  5.430460E-03  1.707717E-01
  1.992464E-01  5.562833E-03  1.725902E-01
  2.016971E-01  5.698386E-03  1.744006E-01
  2.041780E-01  5.837191E-03  1.762020E-01
  2.066894E-01  5.979327E-03  1.779934E-01
  2.092316E-01  6.124868E-03  1.797739E-01
  2.118052E-01  6.273897E-03  1.815422E-01
  2.144104E-01  6.426492E-03  1.832975E-01
  2.170477E-01  6.582737E-03  1.850385E-01
  2.197173E-01  6.742716E-03  1.867642E-01
  2.224199E-01  6.906517E-03  1.884734E-01
  2.251556E-01  7.074227E-03  1.901649E-01
  2.279250E-01  7.245936E-03  1.918377E-01
  2.307285E-01  7.421738E-03  1.934904E-01
  2.335665E-01  7.601726E-03  1.951218E-01
  2.364393E-01  7.785996E-03  1.967307E-01
  2.393475E-01  7.974648E-03  1.983158E-01
  2.422915E-01  8.167781E-03  1.998757E-01
  2.452717E-01  8.365499E-03  2.014092E-01
  2.482886E-01  8.567906E-03  2.029148E-01
  2.513425E-01  8.775111E-03  2.043912E-01
  2.544340E-01  8.987222E-03  2.058370E-01
  2.575636E-01  9.204352E-03  2.072506E-01
  2.607316E-01  9.426615E-03  2.086308E-01
  2.639386E-01  9.654128E-03  2.099760E-01
  2.671850E-01  9.887011E-03  2.112847E-01
  2.704714E-01  1.012539E-02  2.125554E-01
  2.737982E-01  1.036938E-02  2.137866E-01
  2.771659E-01  1.061911E-02  2.149767E-01
  2.805751E-01  1.087472E-02  2.161242E-01
  2.840261E-01  1.113634E-02  2.172275E-01
  2.875197E-01  1.140411E-02  2.182851E-01
  2.910561E-01  1.167815E-02  2.192953E-01
  2.946361E-01  1.195862E-02  2.202566E-01
  2.982602E-01  1.224566E-02  2.211673E-01
  3.019288E-01  1.253943E-02  2.220259E-01
  3.056425E-01  1.284006E-02  2.228307E-01
  3.094019E-01  1.314772E-02  2.235801E-01
  3.132075E-01  1.346256E-02  2.242725E-01
  3.170600E-01  1.378476E-02  2.249063E-01
  3.209598E-01  1.411446E-02  2.254798E-01
  3.249076E-01  1.445186E-02  2.259915E-01
  3.289040E-01  1.479710E-02  2.264397E-01
  3.329495E-01  1.515039E-02  2.268228E-01
  3.370448E-01  1.551189E-02  2.271392E-01
  3.411904E-01  1.588180E-02  2.273873E-01
  3.453871E-01  1.626030E-02  2.275655E-01
  3.496353E-01  1.664760E-02  2.276723E-01
  3.539359E-01  1.704388E-02  2.277060E-01
  3.582893E-01  1.744937E-02  2.276652E-01
  3.626962E-01  1.786425E-02  2.275482E-01
  3.671574E-01  1.828876E-02  2.273535E-01
  3.716734E-01  1.872311E-02  2.270797E-01
  3.762450E-01  1.916753E-02  2.267252E-01
  3.808728E-01  1.962226E-02  2.262885E-01
  3.855576E-01  2.008752E-02  2.257683E-01
  3.902999E-01  2.056357E-02  2.251631E-01
  3.951006E-01  2.105065E-02  2.244714E-01
  3.999603E-01  2.154903E-02  2.236919E-01
  4.048799E-01  2.205897E-02  2.228233E-01
  4.098599E-01  2.258074E-02  2.218642E-01
  4.149012E-01  2.311463E-02  2.208133E-01
  4.200044E-01  2.366093E-02  2.196694E-01
  4.251705E-01  2.421992E-02  2.184312E-01
  4.304001E-01  2.479192E-02  2.170975E-01
  4.356940E-01  2.537725E-02  2.156672E-01
  4.410530E-01  2.597622E-02  2.141391E-01
  4.464780E-01  2.658919E-02  2.125122E-01
  4.519697E-01  2.721648E-02  2.107854E-01
  4.575289E-01  2.785846E-02  2.089577E-01
  4.631565E-01  2.851551E-02  2.070280E-01
  4.688533E-01  2.918799E-02  2.049956E-01
  4.746202E-01  2.987632E-02  2.028595E-01
  4.804581E-01  3.058089E-02  2.006189E-01
  4.863677E-01  3.130212E-02  1.982729E-01
  4.923500E-01  3.204047E-02  1.958208E-01
  4.984059E-01  3.279638E-02  1.932620E-01
  5.045363E-01  3.357031E-02  1.905958E-01
  5.107421E-01  3.436277E-02  1.878215E-01
  5.170242E-01  3.517425E-02  1.849386E-01
  5.233836E-01  3.600528E-02  1.819467E-01
  5.298213E-01  3.685641E-02  1.788453E-01
  5.363381E-01  3.772821E-02  1.756340E-01
  5.429350E-01  3.862125E-02  1.723124E-01
  5.496131E-01  3.953617E-02  1.688803E-01
  5.563734E-01  4.047358E-02  1.653375E-01
  5.632168E-01  4.143417E-02  1.616838E-01
  5.701443E-01  4.241861E-02  1.579190E-01
  5.771571E-01  4.342763E-02  1.540432E-01
  5.842561E-01  4.446197E-02  1.500564E-01
  5.914425E-01  4.552243E-02  1.459585E-01
  5.987172E-01  4.660980E-02  1.417499E-01
  6.060814E-01  4.772495E-02  1.374306E-01
  6.135362E-01  4.886875E-02  1.330009E-01
  6.210827E-01  5.004214E-02  1.284612E-01
  6.287221E-01  5.124607E-02  1.238117E-01
  6.364553E-01  5.248155E-02  1.190531E-01
  6.442837E-01  5.374963E-02  1.141858E-01
  6.522084E-01  5.505142E-02  1.092104E-01
  6.602306E-01  5.638805E-02  1.041275E-01
  6.683514E-01  5.776073E-02  9.893790E-02
  6.765721E-01  5.917071E-02  9.364234E-02
  6.848940E-01  6.061930E-02  8.824170E-02
  6.933182E-01  6.210787E-02  8.273689E-02
  7.018460E-01  6.363785E-02  7.712891E-02
  7.104787E-01  6.521074E-02  7.141883E-02
  7.192176E-01  6.682810E-02  6.560778E-02
  7.280640E-01  6.849158E-02  5.969695E-02
  7.370192E-01  7.020288E-02  5.368764E-02
  7.460845E-01  7.196381E-02  4.758116E-02
  7.552613E-01  7.377624E-02  4.137895E-02
  7.645510E-01  7.564214E-02  3.508249E-02
  7.739550E-01  7.756355E-02  2.869331E-02
  7.834747E-01  7.954263E-02  2.221306E-02
  7.931114E-01  8.158161E-02  1.564341E-02
  8.028667E-01  8.368285E-02  8.986132E-03
  8.127419E-01  8.584880E-02  2.243050E-03
  8.227387E-01  8.808201E-02 -4.583938E-03
  8.328583E-01  9.038514E-02 -1.149287E-02
  8.431025E-01  9.276097E-02 -1.848171E-02
  8.534727E-01  9.521240E-02 -2.554837E-02
  8.639704E-01  9.774242E-02 -3.269069E-02
  8.745972E-01  1.003541E-01 -3.990643E-02
  8.853548E-01  1.030508E-01 -4.719331E-02
  8.962446E-01  1.058358E-01 -5.454897E-02
  9.072684E-01  1.087124E-01 -6.197099E-02
  9.184278E-01  1.116844E-01 -6.945691E-02
  9.297245E-01  1.147552E-01 -7.700417E-02
  9.411601E-01  1.179287E-01 -8.461019E-02
  9.527364E-01  1.212088E-01 -9.227229E-02
  9.644550E-01  1.245992E-01 -9.998777E-02
  9.763178E-01  1.281040E-01 -1.077538E-01
  9.883265E-01  1.317273E-01 -1.155677E-01
  1.000483E+00  1.354730E-01 -1.234264E-01
  1.012789E+00  1.393455E-01 -1.313270E-01
  1.025246E+00  1.433487E-01 -1.392666E-01
  1.037857E+00  1.474868E-01 -1.472420E-01
  1.050622E+00  1.517640E-01 -1.552502E-01
  1.063545E+00  1.561844E-01 -1.632880E-01
  1.076627E+00  1.607519E-01 -1.713521E-01
  1.089869E+00  1.654706E-01 -1.794393E-01
  1.103275E+00  1.703443E-01 -1.875462E-01
  1.116845E+00  1.753767E-01 -1.956696E-01
  1.130582E+00  1.805712E-01 -2.038059E-01
  1.144488E+00  1.859312E-01 -2.119517E-01
  1.158565E+00  1.914596E-01 -2.201035E-01
  1.172816E+00  1.971592E-01 -2.282577E-01
  1.187241E+00  2.030323E-01 -2.364108E-01
  1.201844E+00  2.090809E-01 -2.445592E-01
  1.216627E+00  2.153065E-01 -2.526993E-01
  1.231592E+00  2.217099E-01 -2.608275E-01
  1.246740E+00  2.282915E-01 -2.689402E-01
  1.262075E+00  2.350511E-01 -2.770337E-01
  1.277599E+00  2.419876E-01 -2.851047E-01
  1.293313E+00  2.490993E-01 -2.931495E-01
  1.309221E+00  2.563836E-01 -3.011649E-01
  1.325324E+00  2.638368E-01 -3.091474E-01
  1.341626E+00  2.714547E-01 -3.170939E-01
  1.358128E+00  2.792316E-01 -3.250012E-01
  1.374833E+00  2.871610E-01 -3.328663E-01
  1.391743E+00  2.952353E-01 -3.406863E-01
  1.408862E+00  3.034459E-01 -3.484582E-01
  1.426191E+00  3.117826E-01 -3.561794E-01
  1.443733E+00  3.202347E-01 -3.638468E-01
  1.461491E+00  3.287899E-01 -3.714576E-01
  1.479467E+00  3.374350E-01 -3.790086E-01
  1.497664E+00  3.461556E-01 -3.864966E-01
  1.516086E+00  3.549365E-01 -3.939180E-01
  1.534734E+00  3.637614E-01 -4.012690E-01
  1.553611E+00  3.726132E-01 -4.085453E-01
  1.572720E+00  3.814740E-01 -4.157425E-01
  1.592065E+00  3.903253E-01 -4.228557E-01
  1.611647E+00  3.991480E-01 -4.298799E-01
  1.631470E+00  4.079225E-01 -4.368097E-01
  1.651537E+00  4.166290E-01 -4.436397E-01
  1.671851E+00  4.252475E-01 -4.503643E-01
  1.692415E+00  4.337581E-01 -4.569779E-01
  1.713232E+00  4.421408E-01 -4.634747E-01
  1.734305E+00  4.503762E-01 -4.698492E-01
  1.755636E+00  4.584455E-01 -4.760957E-01
  1.777231E+00  4.663304E-01 -4.822087E-01
  1.799091E+00  4.740138E-01 -4.881827E-01
  1.821220E+00  4.814799E-01 -4.940124E-01
  1.843621E+00  4.887142E-01 -4.996924E-01
  1.866297E+00  4.957042E-01 -5.052176E-01
  1.889253E+00  5.024392E-01 -5.105828E-01
  1.912490E+00  5.089107E-01 -5.157830E-01
  1.936014E+00  5.151124E-01 -5.208134E-01
  1.959827E+00  5.210403E-01 -5.256692E-01
  1.983933E+00  5.266930E-01 -5.303456E-01
  2.008335E+00  5.320709E-01 -5.348382E-01
  2.033038E+00  5.371767E-01 -5.391425E-01
  2.058044E+00  5.420148E-01 -5.432542E-01
  2.083358E+00  5.465906E-01 -5.471691E-01
  2.108983E+00  5.509107E-01 -5.508832E-01
  2.134924E+00  5.549818E-01 -5.543926E-01
  2.161183E+00  5.588101E-01 -5.576937E-01
  2.187766E+00  5.624013E-01 -5.607829E-01
  2.214675E+00  5.657593E-01 -5.636568E-01
  2.241916E+00  5.688863E-01 -5.663123E-01
  2.269492E+00  5.717827E-01 -5.687464E-01
  2.297406E+00  5.744468E-01 -5.709563E-01
  2.325664E+00  5.768761E-01 -5.729394E-01
  2.354270E+00  5.790679E-01 -5.746935E-01
  2.383228E+00  5.810195E-01 -5.762163E-01
  2.412541E+00  5.827289E-01 -5.775060E-01
  2.442216E+00  5.841940E-01 -5.785609E-01
  2.472255E+00  5.854130E-01 -5.793797E-01
  2.502663E+00  5.863844E-01 -5.799610E-01
  2.533446E+00  5.871072E-01 -5.803042E-01
  2.564608E+00  5.875802E-01 -5.804084E-01
  2.596152E+00  5.878028E-01 -5.802733E-01
  2.628085E+00  5.877747E-01 -5.798988E-01
  2.660410E+00  5.874957E-01 -5.792851E-01
  2.693133E+00  5.869660E-01 -5.784325E-01
  2.726259E+00  5.861862E-01 -5.773418E-01
  2.759792E+00  5.851571E-01 -5.760141E-01
  2.793737E+00  5.838796E-01 -5.744505E-01
  2.828100E+00  5.823552E-01 -5.726526E-01
  2.862886E+00  5.805856E-01 -5.706223E-01
  2.898100E+00  5.785728E-01 -5.683617E-01
  2.933746E+00  5.763191E-01 -5.658732E-01
  2.969831E+00  5.738271E-01 -5.631596E-01
  3.006360E+00  5.710997E-01 -5.602238E-01
  3.043338E+00  5.681400E-01 -5.570691E-01
  3.080771E+00  5.649517E-01 -5.536990E-01
  3.118665E+00  5.615384E-01 -5.501174E-01
  3.157025E+00  5.579043E-01 -5.463283E-01
  3.195856E+00  5.540537E-01 -5.423360E-01
  3.235165E+00  5.499911E-01 -5.381451E-01
  3.274958E+00  5.457216E-01 -5.337605E-01
  3.315239E+00  5.412502E-01 -5.291872E-01
  3.356017E+00  5.365823E-01 -5.244304E-01
  3.397296E+00  5.317235E-01 -5.194956E-01
  3.439083E+00  5.266796E-01 -5.143885E-01
  3.481383E+00  5.214566E-01 -5.091148E-01
  3.524204E+00  5.160607E-01 -5.036807E-01
  3.567552E+00  5.104982E-01 -4.980922E-01
  3.611433E+00  5.047757E-01 -4.923556E-01
  3.655854E+00  4.988998E-01 -4.864772E-01
  3.700821E+00  4.928773E-01 -4.804636E-01
  3.746341E+00  4.867150E-01 -4.743213E-01
  3.792421E+00  4.804198E-01 -4.680569E-01
  3.839068E+00  4.739987E-01 -4.616770E-01
  3.886288E+00  4.674587E-01 -4.551884E-01
  3.934089E+00  4.608070E-01 -4.485977E-01
  3.982479E+00  4.540504E-01 -4.419116E-01
  4.031463E+00  4.471962E-01 -4.351368E-01
  4.081050E+00  4.402513E-01 -4.282800E-01
  4.131247E+00  4.332227E-01 -4.213478E-01
  4.182061E+00  4.261173E-01 -4.143466E-01
  4.233501E+00  4.189420E-01 -4.072830E-01
  4.285573E+00  4.117036E-01 -4.001634E-01
  4.338285E+00  4.044089E-01 -3.929941E-01
  4.391646E+00  3.970644E-01 -3.857814E-01
  4.445664E+00  3.896767E-01 -3.785314E-01
  4.500345E+00  3.822523E-01 -3.712501E-01
  4.555699E+00  3.747973E-01 -3.639436E-01
  4.611735E+00  3.673181E-01 -3.566176E-01
  4.668459E+00  3.598207E-01 -3.492779E-01
  4.725881E+00  3.523111E-01 -3.419301E-01
  4.784009E+00  3.447951E-01 -3.345798E-01
  4.842853E+00  3.372786E-01 -3.272323E-01
  4.902420E+00  3.297670E-01 -3.198930E-01
  4.962719E+00  3.222660E-01 -3.125671E-01
  5.023761E+00  3.147809E-01 -3.052596E-01
  5.085553E+00  3.073169E-01 -2.979756E-01
  5.148105E+00  2.998793E-01 -2.907199E-01
  5.211427E+00  2.924731E-01 -2.834973E-01
  5.275528E+00  2.851032E-01 -2.763126E-01
  5.340417E+00  2.777744E-01 -2.691702E-01
  5.406104E+00  2.704915E-01 -2.620748E-01
  5.472599E+00  2.632591E-01 -2.550306E-01
  5.539912E+00  2.560817E-01 -2.480420E-01
  5.608053E+00  2.489637E-01 -2.411133E-01
  5.677032E+00  2.419094E-01 -2.342483E-01
  5.746859E+00  2.349230E-01 -2.274513E-01
  5.817546E+00  2.280086E-01 -2.207260E-01
  5.889101E+00  2.211700E-01 -2.140763E-01
  5.961537E+00  2.144113E-01 -2.075057E-01
  6.034864E+00  2.077360E-01 -2.010180E-01
  6.109093E+00  2.011478E-01 -1.946164E-01
  6.184235E+00  1.946503E-01 -1.883044E-01
  6.260301E+00  1.882466E-01 -1.820851E-01
  6.337303E+00  1.819402E-01 -1.759617E-01
  6.415252E+00  1.757339E-01 -1.699369E-01
  6.494159E+00  1.696308E-01 -1.640137E-01
  6.574037E+00  1.636337E-01 -1.581946E-01
  6.654898E+00  1.577451E-01 -1.524821E-01
  6.736753E+00  1.519676E-01 -1.468787E-01
  6.819615E+00  1.463034E-01 -1.413863E-01
  6.903497E+00  1.407546E-01 -1.360071E-01
  6.988410E+00  1.353232E-01 -1.307428E-01
  7.074367E+00  1.300110E-01 -1.255952E-01
  7.161382E+00  1.248195E-01 -1.205656E-01
  7.249467E+00  1.197502E-01 -1.156554E-01
  7.338635E+00  1.148042E-01 -1.108656E-01
  7.428900E+00  1.099826E-01 -1.061973E-01
  7.520276E+00  1.052862E-01 -1.016511E-01
  7.612775E+00  1.007156E-01 -9.722752E-02
  7.706412E+00  9.627118E-02 -9.292701E-02
  7.801201E+00  9.195330E-02 -8.874970E-02
  7.897156E+00  8.776196E-02 -8.469558E-02
  7.994291E+00  8.369702E-02 -8.076446E-02
  8.092621E+00  7.975815E-02 -7.695594E-02
  8.192160E+00  7.594484E-02 -7.326949E-02
  8.292924E+00  7.225640E-02 -6.970437E-02
  8.394927E+00  6.869196E-02 -6.625970E-02
  8.498184E+00  6.525050E-02 -6.293441E-02
  8.602712E+00  6.193080E-02 -5.972731E-02
  8.708525E+00  5.873152E-02 -5.663702E-02
  8.815640E+00  5.565115E-02 -5.366205E-02
  8.924073E+00  5.268804E-02 -5.080076E-02
  9.033839E+00  4.984042E-02 -4.805138E-02
  9.144955E+00  4.710636E-02 -4.541202E-02
  9.257438E+00  4.448385E-02 -4.288069E-02
  9.371304E+00  4.197074E-02 -4.045527E-02
  9.486571E+00  3.956479E-02 -3.813357E-02
  9.603256E+00  3.726367E-02 -3.591331E-02
  9.721376E+00  3.506497E-02 -3.379211E-02
  9.840949E+00  3.296618E-02 -3.176753E-02
  9.961993E+00  3.096475E-02 -2.983709E-02
  1.008453E+01  2.905806E-02 -2.799823E-02
  1.020856E+01  2.724346E-02 -2.624835E-02
  1.033413E+01  2.551822E-02 -2.458482E-02
  1.046124E+01  2.387963E-02 -2.300498E-02
  1.058991E+01  2.232491E-02 -2.150615E-02
  1.072017E+01  2.085129E-02 -2.008562E-02
  1.085203E+01  1.945599E-02 -1.874070E-02
  1.098551E+01  1.813622E-02 -1.746870E-02
  1.112063E+01  1.688921E-02 -1.626690E-02
  1.125741E+01  1.571219E-02 -1.513265E-02
  1.139588E+01  1.460241E-02 -1.406327E-02
  1.153605E+01  1.355717E-02 -1.305613E-02
  1.167794E+01  1.257376E-02 -1.210865E-02
  1.182158E+01  1.164955E-02 -1.121825E-02
  1.196699E+01  1.078191E-02 -1.038241E-02
  1.211418E+01  9.968297E-03 -9.598648E-03
  1.226318E+01  9.206190E-03 -8.864545E-03
  1.241402E+01  8.493133E-03 -8.177725E-03
  1.256671E+01  7.826725E-03 -7.535869E-03
  1.272128E+01  7.204627E-03 -6.936717E-03
  1.287776E+01  6.624563E-03 -6.378073E-03
  1.303615E+01  6.084322E-03 -5.857803E-03
  1.319650E+01  5.581760E-03 -5.373837E-03
  1.335881E+01  5.114804E-03 -4.924176E-03
  1.352313E+01  4.681448E-03 -4.506887E-03
  1.368946E+01  4.279761E-03 -4.120104E-03
  1.385784E+01  3.907881E-03 -3.762033E-03
  1.402829E+01  3.564019E-03 -3.430950E-03
  1.420084E+01  3.246459E-03 -3.125199E-03
  1.437551E+01  2.953556E-03 -2.843196E-03
  1.455233E+01  2.683738E-03 -2.583425E-03
  1.473132E+01  2.435501E-03 -2.344437E-03
  1.491252E+01  2.207415E-03 -2.124855E-03
  1.509594E+01  1.998117E-03 -1.923363E-03
  1.528162E+01  1.806312E-03 -1.738716E-03
  1.546959E+01  1.630772E-03 -1.569729E-03
  1.565986E+01  1.470332E-03 -1.415282E-03
  1.585248E+01  1.323894E-03 -1.274316E-03
  1.604747E+01  1.190419E-03 -1.145830E-03
  1.624485E+01  1.068927E-03 -1.028881E-03
  1.644466E+01  9.584985E-04 -9.225833E-04
  1.664693E+01  8.582675E-04 -8.261028E-04
  1.685169E+01  7.674229E-04 -7.386582E-04
  1.705896E+01  6.852048E-04 -6.595181E-04
  1.726879E+01  6.109029E-04 -5.879986E-04
  1.748120E+01  5.438545E-04 -5.234616E-04
  1.769621E+01  4.834421E-04 -4.653123E-04
  1.791388E+01  4.290912E-04 -4.129980E-04
  1.813422E+01  3.802686E-04 -3.660051E-04
  1.835727E+01  3.364798E-04 -3.238577E-04
  1.858306E+01  2.972673E-04 -2.861153E-04
  1.881163E+01  2.622086E-04 -2.523711E-04
  1.904302E+01  2.309139E-04 -2.222498E-04
  1.927725E+01  2.030243E-04 -1.954062E-04
  1.951436E+01  1.782101E-04 -1.715227E-04
  1.975438E+01  1.561688E-04 -1.503083E-04
  1.999736E+01  1.366235E-04 -1.314962E-04
  2.024333E+01  1.193209E-04 -1.148428E-04
  2.049232E+01  1.040301E-04 -1.001256E-04
  2.074438E+01  9.054059E-05 -8.714231E-05
  2.099953E+01  7.866118E-05 -7.570868E-05
  2.125783E+01  6.821831E-05 -6.565771E-05
  2.151930E+01  5.905483E-05 -5.683813E-05
  2.178399E+01  5.102867E-05 -4.911320E-05
  2.205193E+01  4.401164E-05 -4.235954E-05
  2.232317E+01  3.788833E-05 -3.646607E-05
  2.259774E+01  3.255503E-05 -3.133295E-05
  2.287570E+01  2.791871E-05 -2.687065E-05
  2.315707E+01  2.389608E-05 -2.299903E-05
  2.344190E+01  2.041276E-05 -1.964647E-05
  2.373024E+01  1.740244E-05 -1.674915E-05
  2.402212E+01  1.480611E-05 -1.425029E-05
  2.431759E+01  1.257140E-05 -1.209947E-05
  2.461670E+01  1.065190E-05 -1.025202E-05
  2.491948E+01  9.006576E-06 -8.668464E-06
  2.522599E+01  7.599246E-06 -7.313967E-06
  2.553627E+01  6.398056E-06 -6.157871E-06
  2.585037E+01  5.375019E-06 -5.173240E-06
  2.616833E+01  4.505626E-06 -4.336486E-06
  2.649020E+01  3.768448E-06 -3.626983E-06
  2.681603E+01  3.144781E-06 -3.026729E-06
  2.714586E+01  2.618345E-06 -2.520056E-06
  2.747976E+01  2.175000E-06 -2.093354E-06
  2.781776E+01  1.802501E-06 -1.734838E-06
  2.815992E+01  1.490262E-06 -1.434321E-06
  2.850628E+01  1.229159E-06 -1.183020E-06
  2.885691E+01  1.011344E-06 -9.733811E-07
  2.921185E+01  8.300836E-07 -7.989252E-07
  2.957116E+01  6.796165E-07 -6.541064E-07
  2.993488E+01  5.550239E-07 -5.341907E-07
  3.030308E+01  4.521177E-07 -4.351473E-07
  3.067581E+01  3.673412E-07 -3.535531E-07
  3.105312E+01  2.976818E-07 -2.865085E-07
  3.143507E+01  2.405943E-07 -2.315638E-07
  3.182173E+01  1.939342E-07 -1.866551E-07
  3.221313E+01  1.558997E-07 -1.500483E-07
  3.260935E+01  1.249808E-07 -1.202899E-07
  3.301045E+01  9.991567E-08 -9.616560E-08
  3.341648E+01  7.965286E-08 -7.666334E-08
  3.382750E+01  6.331861E-08 -6.094218E-08
  3.424358E+01  5.018898E-08 -4.830534E-08
  3.466477E+01  3.966586E-08 -3.817718E-08
  3.509115E+01  3.125655E-08 -3.008349E-08
  3.552277E+01  2.455642E-08 -2.363483E-08
  3.595970E+01  1.923414E-08 -1.851230E-08
  3.640201E+01  1.501924E-08 -1.445559E-08
  3.684975E+01  1.169161E-08 -1.125285E-08
  3.730300E+01  9.072664E-09 -8.732189E-09
  3.776183E+01  7.017990E-09 -6.754626E-09
  3.822630E+01  5.411168E-09 -5.208105E-09
  3.869648E+01  4.158648E-09 -4.002591E-09
  3.917245E+01  3.185509E-09 -3.065971E-09
  3.965427E+01  2.431942E-09 -2.340683E-09
  4.014202E+01  1.850364E-09 -1.780930E-09
  4.063577E+01  1.403049E-09 -1.350401E-09
  4.113559E+01  1.060185E-09 -1.020403E-09
  4.164155E+01  7.982977E-10 -7.683434E-10
  4.215375E+01  5.989682E-10 -5.764936E-10
  4.267224E+01  4.477950E-10 -4.309930E-10
  4.319711E+01  3.335584E-10 -3.210429E-10
  4.372843E+01  2.475495E-10 -2.382613E-10
  4.426629E+01  1.830333E-10 -1.761659E-10
  4.481076E+01  1.348205E-10 -1.297621E-10
  4.536194E+01  9.892796E-11 -9.521632E-11
  4.591989E+01  7.231012E-11 -6.959718E-11
  4.648470E+01  5.264718E-11 -5.067199E-11
  4.705647E+01  3.817913E-11 -3.674678E-11
  4.763526E+01  2.757596E-11 -2.654142E-11
  4.822117E+01  1.983660E-11 -1.909242E-11
  4.881429E+01  1.421065E-11 -1.367754E-11
  4.941471E+01  1.013791E-11 -9.757597E-12
  5.002251E+01  7.201926E-12 -6.931758E-12
  5.063779E+01  5.094384E-12 -4.903280E-12
  5.126063E+01  3.588017E-12 -3.453423E-12
  5.189114E+01  2.516018E-12 -2.421640E-12
  5.252940E+01  1.756492E-12 -1.690605E-12
  5.317551E+01  1.220753E-12 -1.174963E-12
  5.382957E+01  8.445670E-13 -8.128882E-13
  5.449167E+01  5.816223E-13 -5.598068E-13
  5.516192E+01  3.986794E-13 -3.837261E-13
  5.584041E+01  2.719927E-13 -2.617913E-13
  5.652725E+01  1.846784E-13 -1.777521E-13
  5.722253E+01  1.247885E-13 -1.201088E-13
  5.792637E+01  8.390882E-14 -8.076257E-14
  5.863887E+01  5.614222E-14 -5.403763E-14
  5.936012E+01  3.737622E-14 -3.597629E-14
  6.009025E+01  2.475757E-14 -4.829953E-15
  6.082936E+01  0.000000E+00 -3.105500E-15
  6.157757E+01  0.000000E+00 -9.140817E-11
  6.233497E+01  0.000000E+00 -6.488937E-11
  6.310169E+01  0.000000E+00 -4.585592E-11
  6.387784E+01  0.000000E+00 -3.225716E-11
  6.466354E+01  0.000000E+00 -2.258610E-11
  6.545890E+01  0.000000E+00 -1.574040E-11
  6.626404E+01  0.000000E+00 -1.091754E-11
  6.707909E+01  0.000000E+00 -7.536027E-12
  6.790416E+01  0.000000E+00 -5.176581E-12
  6.873939E+01  0.000000E+00 -3.538348E-12
  6.958488E+01  0.000000E+00 -2.406515E-12
  7.044077E+01  0.000000E+00 -1.628474E-12
  7.130720E+01  0.000000E+00 -1.096356E-12
  7.218427E+01  0.000000E+00 -7.343029E-13
  7.307214E+01  0.000000E+00 -4.892495E-13
  7.397093E+01  0.000000E+00 -3.242654E-13
  7.488077E+01  0.000000E+00 -2.137953E-13
  7.580180E+01  0.000000E+00  0.000000E+00
  7.673417E+01  0.000000E+00  0.000000E+00
  7.767800E+01  0.000000E+00  0.000000E+00
  7.863344E+01  0.000000E+00  0.000000E+00
