  4.807692E-04 -2.176106E+00
  4.866827E-04 -2.176106E+00
  4.926689E-04 -2.176106E+00
  4.987287E-04 -2.176106E+00
  5.048631E-04 -2.176106E+00
  5.110729E-04 -2.176106E+00
  5.173591E-04 -2.176106E+00
  5.237226E-04 -2.176106E+00
  5.301644E-04 -2.176106E+00
  5.366854E-04 -2.176106E+00
  5.432867E-04 -2.176106E+00
  5.499691E-04 -2.176106E+00
  5.567337E-04 -2.176106E+00
  5.635815E-04 -2.176106E+00
  5.705136E-04 -2.176106E+00
  5.775309E-04 -2.176106E+00
  5.846345E-04 -2.176106E+00
  5.918255E-04 -2.176106E+00
  5.991050E-04 -2.176106E+00
  6.064740E-04 -2.176106E+00
  6.139336E-04 -2.176106E+00
  6.214850E-04 -2.176106E+00
  6.291292E-04 -2.176106E+00
  6.368675E-04 -2.176106E+00
  6.447010E-04 -2.176106E+00
  6.526308E-04 -2.176106E+00
  6.606582E-04 -2.176106E+00
  6.687843E-04 -2.176106E+00
  6.770103E-04 -2.176106E+00
  6.853376E-04 -2.176106E+00
  6.937672E-04 -2.176106E+00
  7.023005E-04 -2.176106E+00
  7.109388E-04 -2.176106E+00
  7.196834E-04 -2.176106E+00
  7.285355E-04 -2.176106E+00
  7.374965E-04 -2.176106E+00
  7.465677E-04 -2.176106E+00
  7.557505E-04 -2.176106E+00
  7.650462E-04 -2.176106E+00
  7.744563E-04 -2.176106E+00
  7.839821E-04 -2.176106E+00
  7.936251E-04 -2.176106E+00
  8.033867E-04 -2.176106E+00
  8.132683E-04 -2.176106E+00
  8.232715E-04 -2.176106E+00
  8.333977E-04 -2.176106E+00
  8.436485E-04 -2.176106E+00
  8.540254E-04 -2.176106E+00
  8.645299E-04 -2.176106E+00
  8.751636E-04 -2.176106E+00
  8.859282E-04 -2.176106E+00
  8.968251E-04 -2.176106E+00
  9.078560E-04 -2.176106E+00
  9.190227E-04 -2.176106E+00
  9.303266E-04 -2.176106E+00
  9.417697E-04 -2.176106E+00
  9.533534E-04 -2.176106E+00
  9.650797E-04 -2.176106E+00
  9.769501E-04 -2.176107E+00
  9.889666E-04 -2.176107E+00
  1.001131E-03 -2.176107E+00
  1.013445E-03 -2.176107E+00
  1.025910E-03 -2.176107E+00
  1.038529E-03 -2.176107E+00
  1.051303E-03 -2.176107E+00
  1.064234E-03 -2.176107E+00
  1.077324E-03 -2.176107E+00
  1.090575E-03 -2.176107E+00
  1.103989E-03 -2.176107E+00
  1.117568E-03 -2.176107E+00
  1.131314E-03 -2.176107E+00
  1.145229E-03 -2.176107E+00
  1.159316E-03 -2.176107E+00
  1.173575E-03 -2.176107E+00
  1.188010E-03 -2.176107E+00
  1.202623E-03 -2.176107E+00
  1.217415E-03 -2.176107E+00
  1.232389E-03 -2.176107E+00
  1.247548E-03 -2.176107E+00
  1.262892E-03 -2.176107E+00
  1.278426E-03 -2.176107E+00
  1.294151E-03 -2.176107E+00
  1.310069E-03 -2.176107E+00
  1.326183E-03 -2.176107E+00
  1.342495E-03 -2.176107E+00
  1.359007E-03 -2.176107E+00
  1.375723E-03 -2.176107E+00
  1.392645E-03 -2.176107E+00
  1.409774E-03 -2.176107E+00
  1.427114E-03 -2.176107E+00
  1.444668E-03 -2.176107E+00
  1.462437E-03 -2.176107E+00
  1.480425E-03 -2.176107E+00
  1.498634E-03 -2.176107E+00
  1.517068E-03 -2.176107E+00
  1.535728E-03 -2.176107E+00
  1.554617E-03 -2.176107E+00
  1.573739E-03 -2.176107E+00
  1.593096E-03 -2.176107E+00
  1.612691E-03 -2.176107E+00
  1.632527E-03 -2.176107E+00
  1.652607E-03 -2.176107E+00
  1.672934E-03 -2.176107E+00
  1.693511E-03 -2.176108E+00
  1.714341E-03 -2.176108E+00
  1.735428E-03 -2.176108E+00
  1.756773E-03 -2.176108E+00
  1.778382E-03 -2.176108E+00
  1.800256E-03 -2.176108E+00
  1.822399E-03 -2.176108E+00
  1.844815E-03 -2.176108E+00
  1.867506E-03 -2.176108E+00
  1.890476E-03 -2.176108E+00
  1.913729E-03 -2.176108E+00
  1.937268E-03 -2.176108E+00
  1.961096E-03 -2.176108E+00
  1.985218E-03 -2.176108E+00
  2.009636E-03 -2.176108E+00
  2.034354E-03 -2.176108E+00
  2.059377E-03 -2.176108E+00
  2.084707E-03 -2.176108E+00
  2.110349E-03 -2.176108E+00
  2.136306E-03 -2.176108E+00
  2.162583E-03 -2.176108E+00
  2.189183E-03 -2.176108E+00
  2.216110E-03 -2.176109E+00
  2.243368E-03 -2.176109E+00
  2.270961E-03 -2.176109E+00
  2.298894E-03 -2.176109E+00
  2.327171E-03 -2.176109E+00
  2.355795E-03 -2.176109E+00
  2.384771E-03 -2.176109E+00
  2.414104E-03 -2.176109E+00
  2.443797E-03 -2.176109E+00
  2.473856E-03 -2.176109E+00
  2.504284E-03 -2.176109E+00
  2.535087E-03 -2.176109E+00
  2.566269E-03 -2.176109E+00
  2.597834E-03 -2.176109E+00
  2.629787E-03 -2.176109E+00
  2.662133E-03 -2.176109E+00
  2.694878E-03 -2.176110E+00
  2.728025E-03 -2.176110E+00
  2.761579E-03 -2.176110E+00
  2.795547E-03 -2.176110E+00
  2.829932E-03 -2.176110E+00
  2.864740E-03 -2.176110E+00
  2.899977E-03 -2.176110E+00
  2.935646E-03 -2.176110E+00
  2.971755E-03 -2.176110E+00
  3.008307E-03 -2.176110E+00
  3.045309E-03 -2.176110E+00
  3.082767E-03 -2.176110E+00
  3.120685E-03 -2.176111E+00
  3.159069E-03 -2.176111E+00
  3.197926E-03 -2.176111E+00
  3.237260E-03 -2.176111E+00
  3.277079E-03 -2.176111E+00
  3.317387E-03 -2.176111E+00
  3.358190E-03 -2.176111E+00
  3.399496E-03 -2.176111E+00
  3.441310E-03 -2.176111E+00
  3.483638E-03 -2.176112E+00
  3.526487E-03 -2.176112E+00
  3.569863E-03 -2.176112E+00
  3.613772E-03 -2.176112E+00
  3.658221E-03 -2.176112E+00
  3.703217E-03 -2.176112E+00
  3.748767E-03 -2.176112E+00
  3.794877E-03 -2.176112E+00
  3.841554E-03 -2.176113E+00
  3.888805E-03 -2.176113E+00
  3.936637E-03 -2.176113E+00
  3.985058E-03 -2.176113E+00
  4.034074E-03 -2.176113E+00
  4.083693E-03 -2.176113E+00
  4.133923E-03 -2.176113E+00
  4.184770E-03 -2.176114E+00
  4.236243E-03 -2.176114E+00
  4.288348E-03 -2.176114E+00
  4.341095E-03 -2.176114E+00
  4.394491E-03 -2.176114E+00
  4.448543E-03 -2.176114E+00
  4.503260E-03 -2.176114E+00
  4.558650E-03 -2.176115E+00
  4.614721E-03 -2.176115E+00
  4.671482E-03 -2.176115E+00
  4.728942E-03 -2.176115E+00
  4.787108E-03 -2.176115E+00
  4.845989E-03 -2.176116E+00
  4.905595E-03 -2.176116E+00
  4.965934E-03 -2.176116E+00
  5.027015E-03 -2.176116E+00
  5.088847E-03 -2.176116E+00
  5.151440E-03 -2.176116E+00
  5.214802E-03 -2.176117E+00
  5.278944E-03 -2.176117E+00
  5.343875E-03 -2.176117E+00
  5.409605E-03 -2.176117E+00
  5.476143E-03 -2.176117E+00
  5.543500E-03 -2.176118E+00
  5.611685E-03 -2.176118E+00
  5.680709E-03 -2.176118E+00
  5.750581E-03 -2.176118E+00
  5.821313E-03 -2.176119E+00
  5.892916E-03 -2.176119E+00
  5.965398E-03 -2.176119E+00
  6.038773E-03 -2.176119E+00
  6.113050E-03 -2.176119E+00
  6.188240E-03 -2.176120E+00
  6.264356E-03 -2.176120E+00
  6.341407E-03 -2.176120E+00
  6.419406E-03 -2.176120E+00
  6.498365E-03 -2.176121E+00
  6.578295E-03 -2.176121E+00
  6.659208E-03 -2.176121E+00
  6.741116E-03 -2.176121E+00
  6.824032E-03 -2.176122E+00
  6.907968E-03 -2.176122E+00
  6.992936E-03 -2.176122E+00
  7.078949E-03 -2.176122E+00
  7.166020E-03 -2.176123E+00
  7.254162E-03 -2.176123E+00
  7.343388E-03 -2.176123E+00
  7.433712E-03 -2.176123E+00
  7.525146E-03 -2.176124E+00
  7.617706E-03 -2.176124E+00
  7.711404E-03 -2.176124E+00
  7.806254E-03 -2.176124E+00
  7.902271E-03 -2.176124E+00
  7.999469E-03 -2.176125E+00
  8.097862E-03 -2.176125E+00
  8.197466E-03 -2.176125E+00
  8.298295E-03 -2.176125E+00
  8.400364E-03 -2.176126E+00
  8.503688E-03 -2.176126E+00
  8.608283E-03 -2.176126E+00
  8.714165E-03 -2.176126E+00
  8.821350E-03 -2.176127E+00
  8.929852E-03 -2.176127E+00
  9.039689E-03 -2.176127E+00
  9.150878E-03 -2.176127E+00
  9.263433E-03 -2.176127E+00
  9.377374E-03 -2.176127E+00
  9.492715E-03 -2.176128E+00
  9.609476E-03 -2.176128E+00
  9.727672E-03 -2.176128E+00
  9.847323E-03 -2.176128E+00
  9.968445E-03 -2.176128E+00
  1.009106E-02 -2.176128E+00
  1.021518E-02 -2.176128E+00
  1.034082E-02 -2.176129E+00
  1.046802E-02 -2.176129E+00
  1.059677E-02 -2.176129E+00
  1.072711E-02 -2.176129E+00
  1.085906E-02 -2.176129E+00
  1.099262E-02 -2.176129E+00
  1.112783E-02 -2.176129E+00
  1.126470E-02 -2.176129E+00
  1.140326E-02 -2.176129E+00
  1.154352E-02 -2.176128E+00
  1.168550E-02 -2.176128E+00
  1.182924E-02 -2.176128E+00
  1.197474E-02 -2.176128E+00
  1.212203E-02 -2.176128E+00
  1.227113E-02 -2.176128E+00
  1.242206E-02 -2.176127E+00
  1.257485E-02 -2.176127E+00
  1.272952E-02 -2.176127E+00
  1.288610E-02 -2.176126E+00
  1.304460E-02 -2.176126E+00
  1.320504E-02 -2.176125E+00
  1.336747E-02 -2.176125E+00
  1.353189E-02 -2.176124E+00
  1.369833E-02 -2.176124E+00
  1.386682E-02 -2.176123E+00
  1.403738E-02 -2.176122E+00
  1.421004E-02 -2.176122E+00
  1.438482E-02 -2.176121E+00
  1.456176E-02 -2.176120E+00
  1.474087E-02 -2.176119E+00
  1.492218E-02 -2.176118E+00
  1.510572E-02 -2.176117E+00
  1.529152E-02 -2.176115E+00
  1.547961E-02 -2.176114E+00
  1.567001E-02 -2.176113E+00
  1.586275E-02 -2.176111E+00
  1.605786E-02 -2.176110E+00
  1.625537E-02 -2.176108E+00
  1.645531E-02 -2.176106E+00
  1.665771E-02 -2.176104E+00
  1.686260E-02 -2.176102E+00
  1.707001E-02 -2.176100E+00
  1.727997E-02 -2.176098E+00
  1.749252E-02 -2.176096E+00
  1.770767E-02 -2.176093E+00
  1.792548E-02 -2.176090E+00
  1.814596E-02 -2.176088E+00
  1.836916E-02 -2.176085E+00
  1.859510E-02 -2.176081E+00
  1.882382E-02 -2.176078E+00
  1.905535E-02 -2.176075E+00
  1.928973E-02 -2.176071E+00
  1.952700E-02 -2.176067E+00
  1.976718E-02 -2.176063E+00
  2.001031E-02 -2.176059E+00
  2.025644E-02 -2.176054E+00
  2.050560E-02 -2.176049E+00
  2.075781E-02 -2.176044E+00
  2.101314E-02 -2.176039E+00
  2.127160E-02 -2.176033E+00
  2.153324E-02 -2.176028E+00
  2.179810E-02 -2.176021E+00
  2.206621E-02 -2.176015E+00
  2.233763E-02 -2.176008E+00
  2.261238E-02 -2.176001E+00
  2.289051E-02 -2.175994E+00
  2.317207E-02 -2.175986E+00
  2.345708E-02 -2.175978E+00
  2.374560E-02 -2.175969E+00
  2.403767E-02 -2.175960E+00
  2.433334E-02 -2.175951E+00
  2.463264E-02 -2.175941E+00
  2.493562E-02 -2.175931E+00
  2.524233E-02 -2.175920E+00
  2.555281E-02 -2.175909E+00
  2.586711E-02 -2.175897E+00
  2.618527E-02 -2.175885E+00
  2.650735E-02 -2.175872E+00
  2.683339E-02 -2.175859E+00
  2.716344E-02 -2.175845E+00
  2.749755E-02 -2.175830E+00
  2.783577E-02 -2.175815E+00
  2.817815E-02 -2.175799E+00
  2.852475E-02 -2.175782E+00
  2.887560E-02 -2.175765E+00
  2.923077E-02 -2.175746E+00
  2.959031E-02 -2.175727E+00
  2.995427E-02 -2.175708E+00
  3.032271E-02 -2.175687E+00
  3.069568E-02 -2.175665E+00
  3.107323E-02 -2.175643E+00
  3.145543E-02 -2.175619E+00
  3.184233E-02 -2.175594E+00
  3.223400E-02 -2.175569E+00
  3.263047E-02 -2.175542E+00
  3.303183E-02 -2.175514E+00
  3.343812E-02 -2.175485E+00
  3.384941E-02 -2.175455E+00
  3.426576E-02 -2.175423E+00
  3.468723E-02 -2.175390E+00
  3.511388E-02 -2.175356E+00
  3.554578E-02 -2.175320E+00
  3.598299E-02 -2.175283E+00
  3.642558E-02 -2.175244E+00
  3.687362E-02 -2.175204E+00
  3.732716E-02 -2.175162E+00
  3.778629E-02 -2.175118E+00
  3.825106E-02 -2.175072E+00
  3.872155E-02 -2.175025E+00
  3.919782E-02 -2.174975E+00
  3.967995E-02 -2.174924E+00
  4.016802E-02 -2.174870E+00
  4.066208E-02 -2.174814E+00
  4.116223E-02 -2.174756E+00
  4.166852E-02 -2.174696E+00
  4.218105E-02 -2.174633E+00
  4.269987E-02 -2.174567E+00
  4.322508E-02 -2.174499E+00
  4.375675E-02 -2.174429E+00
  4.429496E-02 -2.174355E+00
  4.483979E-02 -2.174278E+00
  4.539132E-02 -2.174198E+00
  4.594963E-02 -2.174116E+00
  4.651481E-02 -2.174029E+00
  4.708694E-02 -2.173940E+00
  4.766611E-02 -2.173846E+00
  4.825240E-02 -2.173750E+00
  4.884591E-02 -2.173649E+00
  4.944671E-02 -2.173544E+00
  5.005491E-02 -2.173435E+00
  5.067058E-02 -2.173322E+00
  5.129383E-02 -2.173204E+00
  5.192475E-02 -2.173082E+00
  5.256342E-02 -2.172955E+00
  5.320995E-02 -2.172823E+00
  5.386443E-02 -2.172686E+00
  5.452697E-02 -2.172544E+00
  5.519765E-02 -2.172396E+00
  5.587658E-02 -2.172242E+00
  5.656386E-02 -2.172083E+00
  5.725960E-02 -2.171917E+00
  5.796389E-02 -2.171745E+00
  5.867684E-02 -2.171566E+00
  5.939857E-02 -2.171380E+00
  6.012917E-02 -2.171187E+00
  6.086876E-02 -2.170987E+00
  6.161745E-02 -2.170779E+00
  6.237534E-02 -2.170563E+00
  6.314256E-02 -2.170339E+00
  6.391921E-02 -2.170107E+00
  6.470542E-02 -2.169865E+00
  6.550129E-02 -2.169615E+00
  6.630696E-02 -2.169355E+00
  6.712254E-02 -2.169085E+00
  6.794814E-02 -2.168805E+00
  6.878390E-02 -2.168514E+00
  6.962995E-02 -2.168213E+00
  7.048639E-02 -2.167900E+00
  7.135338E-02 -2.167575E+00
  7.223102E-02 -2.167238E+00
  7.311947E-02 -2.166889E+00
  7.401884E-02 -2.166526E+00
  7.492927E-02 -2.166150E+00
  7.585090E-02 -2.165761E+00
  7.678386E-02 -2.165356E+00
  7.772830E-02 -2.164937E+00
  7.868436E-02 -2.164502E+00
  7.965218E-02 -2.164051E+00
  8.063190E-02 -2.163583E+00
  8.162367E-02 -2.163098E+00
  8.262765E-02 -2.162595E+00
  8.364397E-02 -2.162074E+00
  8.467279E-02 -2.161533E+00
  8.571426E-02 -2.160973E+00
  8.676855E-02 -2.160393E+00
  8.783580E-02 -2.159791E+00
  8.891618E-02 -2.159167E+00
  9.000985E-02 -2.158520E+00
  9.111697E-02 -2.157850E+00
  9.223771E-02 -2.157156E+00
  9.337223E-02 -2.156436E+00
  9.452071E-02 -2.155691E+00
  9.568332E-02 -2.154918E+00
  9.686022E-02 -2.154118E+00
  9.805160E-02 -2.153289E+00
  9.925764E-02 -2.152430E+00
  1.004785E-01 -2.151540E+00
  1.017144E-01 -2.150618E+00
  1.029655E-01 -2.149664E+00
  1.042320E-01 -2.148675E+00
  1.055140E-01 -2.147651E+00
  1.068118E-01 -2.146591E+00
  1.081256E-01 -2.145492E+00
  1.094556E-01 -2.144355E+00
  1.108019E-01 -2.143178E+00
  1.121647E-01 -2.141959E+00
  1.135444E-01 -2.140697E+00
  1.149409E-01 -2.139391E+00
  1.163547E-01 -2.138039E+00
  1.177859E-01 -2.136639E+00
  1.192347E-01 -2.135190E+00
  1.207012E-01 -2.133691E+00
  1.221859E-01 -2.132139E+00
  1.236887E-01 -2.130533E+00
  1.252101E-01 -2.128871E+00
  1.267502E-01 -2.127152E+00
  1.283092E-01 -2.125373E+00
  1.298874E-01 -2.123532E+00
  1.314851E-01 -2.121628E+00
  1.331023E-01 -2.119658E+00
  1.347395E-01 -2.117621E+00
  1.363968E-01 -2.115513E+00
  1.380745E-01 -2.113334E+00
  1.397728E-01 -2.111080E+00
  1.414920E-01 -2.108749E+00
  1.432323E-01 -2.106338E+00
  1.449941E-01 -2.103846E+00
  1.467775E-01 -2.101269E+00
  1.485829E-01 -2.098605E+00
  1.504104E-01 -2.095851E+00
  1.522605E-01 -2.093005E+00
  1.541333E-01 -2.090063E+00
  1.560291E-01 -2.087022E+00
  1.579483E-01 -2.083879E+00
  1.598911E-01 -2.080632E+00
  1.618577E-01 -2.077276E+00
  1.638486E-01 -2.073809E+00
  1.658639E-01 -2.070227E+00
  1.679040E-01 -2.066527E+00
  1.699692E-01 -2.062705E+00
  1.720599E-01 -2.058757E+00
  1.741762E-01 -2.054680E+00
  1.763186E-01 -2.050469E+00
  1.784873E-01 -2.046121E+00
  1.806827E-01 -2.041632E+00
  1.829051E-01 -2.036997E+00
  1.851548E-01 -2.032213E+00
  1.874322E-01 -2.027274E+00
  1.897376E-01 -2.022176E+00
  1.920714E-01 -2.016915E+00
  1.944339E-01 -2.011486E+00
  1.968254E-01 -2.005885E+00
  1.992464E-01 -2.000105E+00
  2.016971E-01 -1.994143E+00
  2.041780E-01 -1.987993E+00
  2.066894E-01 -1.981649E+00
  2.092316E-01 -1.975108E+00
  2.118052E-01 -1.968362E+00
  2.144104E-01 -1.961407E+00
  2.170477E-01 -1.954237E+00
  2.197173E-01 -1.946846E+00
  2.224199E-01 -1.939228E+00
  2.251556E-01 -1.931377E+00
  2.279250E-01 -1.923288E+00
  2.307285E-01 -1.914953E+00
  2.335665E-01 -1.906367E+00
  2.364393E-01 -1.897524E+00
  2.393475E-01 -1.888416E+00
  2.422915E-01 -1.879037E+00
  2.452717E-01 -1.869381E+00
  2.482886E-01 -1.859441E+00
  2.513425E-01 -1.849210E+00
  2.544340E-01 -1.838681E+00
  2.575636E-01 -1.827847E+00
  2.607316E-01 -1.816702E+00
  2.639386E-01 -1.805237E+00
  2.671850E-01 -1.793447E+00
  2.704714E-01 -1.781323E+00
  2.737982E-01 -1.768859E+00
  2.771659E-01 -1.756047E+00
  2.805751E-01 -1.742880E+00
  2.840261E-01 -1.729352E+00
  2.875197E-01 -1.715454E+00
  2.910561E-01 -1.701179E+00
  2.946361E-01 -1.686520E+00
  2.982602E-01 -1.671471E+00
  3.019288E-01 -1.656023E+00
  3.056425E-01 -1.640170E+00
  3.094019E-01 -1.623905E+00
  3.132075E-01 -1.607221E+00
  3.170600E-01 -1.590111E+00
  3.209598E-01 -1.572569E+00
  3.249076E-01 -1.554588E+00
  3.289040E-01 -1.536162E+00
  3.329495E-01 -1.517284E+00
  3.370448E-01 -1.497949E+00
  3.411904E-01 -1.478152E+00
  3.453871E-01 -1.457886E+00
  3.496353E-01 -1.437147E+00
  3.539359E-01 -1.415929E+00
  3.582893E-01 -1.394229E+00
  3.626962E-01 -1.372043E+00
  3.671574E-01 -1.349366E+00
  3.716734E-01 -1.326195E+00
  3.762450E-01 -1.302528E+00
  3.808728E-01 -1.278362E+00
  3.855576E-01 -1.253696E+00
  3.902999E-01 -1.228528E+00
  3.951006E-01 -1.202858E+00
  3.999603E-01 -1.176686E+00
  4.048799E-01 -1.150013E+00
  4.098599E-01 -1.122840E+00
  4.149012E-01 -1.095169E+00
  4.200044E-01 -1.067005E+00
  4.251705E-01 -1.038350E+00
  4.304001E-01 -1.009210E+00
  4.356940E-01 -9.795904E-01
  4.410530E-01 -9.494987E-01
  4.464780E-01 -9.189427E-01
  4.519697E-01 -8.879315E-01
  4.575289E-01 -8.564753E-01
  4.631565E-01 -8.245856E-01
  4.688533E-01 -7.922753E-01
  4.746202E-01 -7.595582E-01
  4.804581E-01 -7.264497E-01
  4.863677E-01 -6.929663E-01
  4.923500E-01 -6.591261E-01
  4.984059E-01 -6.249483E-01
  5.045363E-01 -5.904536E-01
  5.107421E-01 -5.556640E-01
  5.170242E-01 -5.206028E-01
  5.233836E-01 -4.852945E-01
  5.298213E-01 -4.497648E-01
  5.363381E-01 -4.140405E-01
  5.429350E-01 -3.781496E-01
  5.496131E-01 -3.421208E-01
  5.563734E-01 -3.059838E-01
  5.632168E-01 -2.697686E-01
  5.701443E-01 -2.335060E-01
  5.771571E-01 -1.972270E-01
  5.842561E-01 -1.609628E-01
  5.914425E-01 -1.247445E-01
  5.987172E-01 -8.860299E-02
  6.060814E-01 -5.256879E-02
  6.135362E-01 -1.667196E-02
  6.210827E-01  1.905812E-02
  6.287221E-01  5.459276E-02
  6.364553E-01  8.990405E-02
  6.442837E-01  1.249648E-01
  6.522084E-01  1.597487E-01
  6.602306E-01  1.942297E-01
  6.683514E-01  2.283825E-01
  6.765721E-01  2.621817E-01
  6.848940E-01  2.956017E-01
  6.933182E-01  3.286166E-01
  7.018460E-01  3.611992E-01
  7.104787E-01  3.933205E-01
  7.192176E-01  4.249495E-01
  7.280640E-01  4.560519E-01
  7.370192E-01  4.865896E-01
  7.460845E-01  5.165198E-01
  7.552613E-01  5.457937E-01
  7.645510E-01  5.743558E-01
  7.739550E-01  6.021427E-01
  7.834747E-01  6.290823E-01
  7.931114E-01  6.550926E-01
  8.028667E-01  6.800813E-01
  8.127419E-01  7.039455E-01
  8.227387E-01  7.265713E-01
  8.328583E-01  7.478350E-01
  8.431025E-01  7.676034E-01
  8.534727E-01  7.857364E-01
  8.639704E-01  8.020885E-01
  8.745972E-01  8.165123E-01
  8.853548E-01  8.288616E-01
  8.962446E-01  8.389948E-01
  9.072684E-01  8.467786E-01
  9.184278E-01  8.520906E-01
  9.297245E-01  8.548228E-01
  9.411601E-01  8.548829E-01
  9.527364E-01  8.521956E-01
  9.644550E-01  8.467028E-01
  9.763178E-01  8.383632E-01
  9.883265E-01  8.271511E-01
  1.000483E+00  8.130544E-01
  1.012789E+00  7.960732E-01
  1.025246E+00  7.762177E-01
  1.037857E+00  7.535066E-01
  1.050622E+00  7.279653E-01
  1.063545E+00  6.996254E-01
  1.076627E+00  6.685238E-01
  1.089869E+00  6.347023E-01
  1.103275E+00  5.982083E-01
  1.116845E+00  5.590951E-01
  1.130582E+00  5.174226E-01
  1.144488E+00  4.732587E-01
  1.158565E+00  4.266803E-01
  1.172816E+00  3.777750E-01
  1.187241E+00  3.266419E-01
  1.201844E+00  2.733942E-01
  1.216627E+00  2.181595E-01
  1.231592E+00  1.610823E-01
  1.246740E+00  1.023247E-01
  1.262075E+00  4.206831E-02
  1.277599E+00 -1.948532E-02
  1.293313E+00 -8.211334E-02
  1.309221E+00 -1.455714E-01
  1.325324E+00 -2.095935E-01
  1.341626E+00 -2.738928E-01
  1.358128E+00 -3.381629E-01
  1.374833E+00 -4.020799E-01
  1.391743E+00 -4.653058E-01
  1.408862E+00 -5.274925E-01
  1.426191E+00 -5.882869E-01
  1.443733E+00 -6.473372E-01
  1.461491E+00 -7.042993E-01
  1.479467E+00 -7.588444E-01
  1.497664E+00 -8.106655E-01
  1.516086E+00 -8.594842E-01
  1.534734E+00 -9.050561E-01
  1.553611E+00 -9.471739E-01
  1.572720E+00 -9.856693E-01
  1.592065E+00 -1.020412E+00
  1.611647E+00 -1.051304E+00
  1.631470E+00 -1.078279E+00
  1.651537E+00 -1.101288E+00
  1.671851E+00 -1.120298E+00
  1.692415E+00 -1.135283E+00
  1.713232E+00 -1.146215E+00
  1.734305E+00 -1.153068E+00
  1.755636E+00 -1.155813E+00
  1.777231E+00 -1.154428E+00
  1.799091E+00 -1.148904E+00
  1.821220E+00 -1.139261E+00
  1.843621E+00 -1.125558E+00
  1.866297E+00 -1.107913E+00
  1.889253E+00 -1.086515E+00
  1.912490E+00 -1.061636E+00
  1.936014E+00 -1.033639E+00
  1.959827E+00 -1.002981E+00
  1.983933E+00 -9.702106E-01
  2.008335E+00 -9.359580E-01
  2.033038E+00 -9.009200E-01
  2.058044E+00 -8.658394E-01
  2.083358E+00 -8.314782E-01
  2.108983E+00 -7.985835E-01
  2.134924E+00 -7.678486E-01
  2.161183E+00 -7.398646E-01
  2.187766E+00 -7.150642E-01
  2.214675E+00 -6.936548E-01
  2.241916E+00 -6.755382E-01
  2.269492E+00 -6.602162E-01
  2.297406E+00 -6.466785E-01
  2.325664E+00 -6.336424E-01
  2.354270E+00 -6.208004E-01
  2.383228E+00 -6.081508E-01
  2.412541E+00 -5.956925E-01
  2.442216E+00 -5.834238E-01
  2.472255E+00 -5.713437E-01
  2.502663E+00 -5.594506E-01
  2.533446E+00 -5.477428E-01
  2.564608E+00 -5.362190E-01
  2.596152E+00 -5.248774E-01
  2.628085E+00 -5.137164E-01
  2.660410E+00 -5.027341E-01
  2.693133E+00 -4.919290E-01
  2.726259E+00 -4.812990E-01
  2.759792E+00 -4.708425E-01
  2.793737E+00 -4.605577E-01
  2.828100E+00 -4.504426E-01
  2.862886E+00 -4.404957E-01
  2.898100E+00 -4.307153E-01
  2.933746E+00 -4.210999E-01
  2.969831E+00 -4.116481E-01
  3.006360E+00 -4.023589E-01
  3.043338E+00 -3.932310E-01
  3.080771E+00 -3.842638E-01
  3.118665E+00 -3.754566E-01
  3.157025E+00 -3.668091E-01
  3.195856E+00 -3.583212E-01
  3.235165E+00 -3.499928E-01
  3.274958E+00 -3.418245E-01
  3.315239E+00 -3.338166E-01
  3.356017E+00 -3.259698E-01
  3.397296E+00 -3.182852E-01
  3.439083E+00 -3.107635E-01
  3.481383E+00 -3.034058E-01
  3.524204E+00 -2.962132E-01
  3.567552E+00 -2.891867E-01
  3.611433E+00 -2.823273E-01
  3.655854E+00 -2.756357E-01
  3.700821E+00 -2.691127E-01
  3.746341E+00 -2.627587E-01
  3.792421E+00 -2.565738E-01
  3.839068E+00 -2.505578E-01
  3.886288E+00 -2.447104E-01
  3.934089E+00 -2.390305E-01
  3.982479E+00 -2.335169E-01
  4.031463E+00 -2.281679E-01
  4.081050E+00 -2.229815E-01
  4.131247E+00 -2.179552E-01
  4.182061E+00 -2.130860E-01
  4.233501E+00 -2.083706E-01
  4.285573E+00 -2.038053E-01
  4.338285E+00 -1.993861E-01
  4.391646E+00 -1.951086E-01
  4.445664E+00 -1.909683E-01
  4.500345E+00 -1.869601E-01
  4.555699E+00 -1.830789E-01
  4.611735E+00 -1.793195E-01
  4.668459E+00 -1.756764E-01
  4.725881E+00 -1.721440E-01
  4.784009E+00 -1.687167E-01
  4.842853E+00 -1.653889E-01
  4.902420E+00 -1.621549E-01
  4.962719E+00 -1.590093E-01
  5.023761E+00 -1.559465E-01
  5.085553E+00 -1.529612E-01
  5.148105E+00 -1.500482E-01
  5.211427E+00 -1.472025E-01
  5.275528E+00 -1.444192E-01
  5.340417E+00 -1.416938E-01
  5.406104E+00 -1.390219E-01
  5.472599E+00 -1.363995E-01
  5.539912E+00 -1.338228E-01
  5.608053E+00 -1.312883E-01
  5.677032E+00 -1.287927E-01
  5.746859E+00 -1.263333E-01
  5.817546E+00 -1.239074E-01
  5.889101E+00 -1.215127E-01
  5.961537E+00 -1.191473E-01
  6.034864E+00 -1.168094E-01
  6.109093E+00 -1.144976E-01
  6.184235E+00 -1.122109E-01
  6.260301E+00 -1.099482E-01
  6.337303E+00 -1.077091E-01
  6.415252E+00 -1.054930E-01
  6.494159E+00 -1.032998E-01
  6.574037E+00 -1.011294E-01
  6.654898E+00 -9.898200E-02
  6.736753E+00 -9.685788E-02
  6.819615E+00 -9.475746E-02
  6.903497E+00 -9.268126E-02
  6.988410E+00 -9.062990E-02
  7.074367E+00 -8.860406E-02
  7.161382E+00 -8.660448E-02
  7.249467E+00 -8.463191E-02
  7.338635E+00 -8.268714E-02
  7.428900E+00 -8.077095E-02
  7.520276E+00 -7.888412E-02
  7.612775E+00 -7.702742E-02
  7.706412E+00 -7.520154E-02
  7.801201E+00 -7.340718E-02
  7.897156E+00 -7.164496E-02
  7.994291E+00 -6.991546E-02
  8.092621E+00 -6.821922E-02
  8.192160E+00 -6.655666E-02
  8.292924E+00 -6.492817E-02
  8.394927E+00 -6.333409E-02
  8.498184E+00 -6.177467E-02
  8.602712E+00 -6.025007E-02
  8.708525E+00 -5.876041E-02
  8.815640E+00 -5.730576E-02
  8.924073E+00 -5.588609E-02
  9.033839E+00 -5.450132E-02
  9.144955E+00 -5.315129E-02
  9.257438E+00 -5.183584E-02
  9.371304E+00 -5.055470E-02
  9.486571E+00 -4.930757E-02
  9.603256E+00 -4.809411E-02
  9.721376E+00 -4.691392E-02
  9.840949E+00 -4.576658E-02
  9.961993E+00 -4.465163E-02
  1.008453E+01 -4.356855E-02
  1.020856E+01 -4.251680E-02
  1.033413E+01 -4.149586E-02
  1.046124E+01 -4.050513E-02
  1.058991E+01 -3.954401E-02
  1.072017E+01 -3.861188E-02
  1.085203E+01 -3.770811E-02
  1.098551E+01 -3.683205E-02
  1.112063E+01 -3.598305E-02
  1.125741E+01 -3.516045E-02
  1.139588E+01 -3.436357E-02
  1.153605E+01 -3.359174E-02
  1.167794E+01 -3.284430E-02
  1.182158E+01 -3.212056E-02
  1.196699E+01 -3.141984E-02
  1.211418E+01 -3.074150E-02
  1.226318E+01 -3.008485E-02
  1.241402E+01 -2.944923E-02
  1.256671E+01 -2.883400E-02
  1.272128E+01 -2.823851E-02
  1.287776E+01 -2.766211E-02
  1.303615E+01 -2.710418E-02
  1.319650E+01 -2.656411E-02
  1.335881E+01 -2.604128E-02
  1.352313E+01 -2.553510E-02
  1.368946E+01 -2.504499E-02
  1.385784E+01 -2.457037E-02
  1.402829E+01 -2.411068E-02
  1.420084E+01 -2.366537E-02
  1.437551E+01 -2.323393E-02
  1.455233E+01 -2.281580E-02
  1.473132E+01 -2.241051E-02
  1.491252E+01 -2.201755E-02
  1.509594E+01 -2.163645E-02
  1.528162E+01 -2.126672E-02
  1.546959E+01 -2.090795E-02
  1.565986E+01 -2.055967E-02
  1.585248E+01 -2.022148E-02
  1.604747E+01 -1.989295E-02
  1.624485E+01 -1.957371E-02
  1.644466E+01 -1.926335E-02
  1.664693E+01 -1.896152E-02
  1.685169E+01 -1.866786E-02
  1.705896E+01 -1.838203E-02
  1.726879E+01 -1.810371E-02
  1.748120E+01 -1.783257E-02
  1.769621E+01 -1.756832E-02
  1.791388E+01 -1.731066E-02
  1.813422E+01 -1.705932E-02
  1.835727E+01 -1.681402E-02
  1.858306E+01 -1.657452E-02
  1.881163E+01 -1.634057E-02
  1.904302E+01 -1.611193E-02
  1.927725E+01 -1.588840E-02
  1.951436E+01 -1.566975E-02
  1.975438E+01 -1.545577E-02
  1.999736E+01 -1.524627E-02
  2.024333E+01 -1.504109E-02
  2.049232E+01 -1.484004E-02
  2.074438E+01 -1.464295E-02
  2.099953E+01 -1.444968E-02
  2.125783E+01 -1.426006E-02
  2.151930E+01 -1.407397E-02
  2.178399E+01 -1.389125E-02
  2.205193E+01 -1.371180E-02
  2.232317E+01 -1.353549E-02
  2.259774E+01 -1.336220E-02
  2.287570E+01 -1.319184E-02
  2.315707E+01 -1.302429E-02
  2.344190E+01 -1.285947E-02
  2.373024E+01 -1.269728E-02
  2.402212E+01 -1.253762E-02
  2.431759E+01 -1.238045E-02
  2.461670E+01 -1.222566E-02
  2.491948E+01 -1.207320E-02
  2.522599E+01 -1.192298E-02
  2.553627E+01 -1.177496E-02
  2.585037E+01 -1.162907E-02
  2.616833E+01 -1.146424E-02
  2.649020E+01 -1.132495E-02
  2.681603E+01 -1.118734E-02
  2.714586E+01 -1.105141E-02
  2.747976E+01 -1.091712E-02
  2.781776E+01 -1.078448E-02
  2.815992E+01 -1.065344E-02
  2.850628E+01 -1.052400E-02
  2.885691E+01 -1.039612E-02
  2.921185E+01 -1.026981E-02
  2.957116E+01 -1.014502E-02
  2.993488E+01 -1.002175E-02
  3.030308E+01 -9.899984E-03
  3.067581E+01 -9.779693E-03
  3.105312E+01 -9.660865E-03
  3.143507E+01 -9.543480E-03
  3.182173E+01 -9.427522E-03
  3.221313E+01 -9.312972E-03
  3.260935E+01 -9.199814E-03
  3.301045E+01 -9.088031E-03
  3.341648E+01 -8.977607E-03
  3.382750E+01 -8.868524E-03
  3.424358E+01 -8.760767E-03
  3.466477E+01 -8.654319E-03
  3.509115E+01 -8.549164E-03
  3.552277E+01 -8.445286E-03
  3.595970E+01 -8.342672E-03
  3.640201E+01 -8.241303E-03
  3.684975E+01 -8.141168E-03
  3.730300E+01 -8.042248E-03
  3.776183E+01 -7.944530E-03
  3.822630E+01 -7.848000E-03
  3.869648E+01 -7.752642E-03
  3.917245E+01 -7.658444E-03
  3.965427E+01 -7.565389E-03
  4.014202E+01 -7.473465E-03
  4.063577E+01 -7.382658E-03
  4.113559E+01 -7.292955E-03
  4.164155E+01 -7.204342E-03
  4.215375E+01 -7.116805E-03
  4.267224E+01 -7.030332E-03
  4.319711E+01 -6.944910E-03
  4.372843E+01 -6.860525E-03
  4.426629E+01 -6.777166E-03
  4.481076E+01 -6.694820E-03
  4.536194E+01 -6.613474E-03
  4.591989E+01 -6.533116E-03
  4.648470E+01 -6.453736E-03
  4.705647E+01 -6.375320E-03
  4.763526E+01 -6.297855E-03
  4.822117E+01 -6.221333E-03
  4.881429E+01 -6.145741E-03
  4.941471E+01 -6.071067E-03
  5.002251E+01 -5.997300E-03
  5.063779E+01 -5.924429E-03
  5.126063E+01 -5.852445E-03
  5.189114E+01 -5.781334E-03
  5.252940E+01 -5.711088E-03
  5.317551E+01 -5.641694E-03
  5.382957E+01 -5.573146E-03
  5.449167E+01 -5.505428E-03
  5.516192E+01 -5.438534E-03
  5.584041E+01 -5.372453E-03
  5.652725E+01 -5.307175E-03
  5.722253E+01 -5.242690E-03
  5.792637E+01 -5.178988E-03
  5.863887E+01 -5.116061E-03
  5.936012E+01 -5.053898E-03
  6.009025E+01 -4.992490E-03
  6.082936E+01 -4.931828E-03
  6.157757E+01 -4.871904E-03
  6.233497E+01 -4.812708E-03
  6.310169E+01 -4.754231E-03
  6.387784E+01 -4.696465E-03
  6.466354E+01 -4.639399E-03
  6.545890E+01 -4.583029E-03
  6.626404E+01 -4.527342E-03
  6.707909E+01 -4.472333E-03
  6.790416E+01 -4.417991E-03
  6.873939E+01 -4.364310E-03
  6.958488E+01 -4.311281E-03
  7.044077E+01 -4.258897E-03
  7.130720E+01 -4.207149E-03
  7.218427E+01 -4.156030E-03
  7.307214E+01 -4.105531E-03
  7.397093E+01 -4.055648E-03
  7.488077E+01 -4.006369E-03
  7.580180E+01 -3.957690E-03
  7.673417E+01 -3.909602E-03
  7.767800E+01 -3.862098E-03
  7.863344E+01 -3.815171E-03
