  2.314815E-04  2.598699E-11  4.552450E-09
  2.343287E-04  2.695775E-11  4.698666E-09
  2.372109E-04  2.796478E-11  4.849573E-09
  2.401286E-04  2.900942E-11  5.005321E-09
  2.430822E-04  3.009309E-11  5.166257E-09
  2.460721E-04  3.121724E-11  5.332949E-09
  2.490988E-04  3.238338E-11  5.505482E-09
  2.521627E-04  3.359309E-11  5.684070E-09
  2.552643E-04  3.484798E-11  5.868915E-09
  2.584041E-04  3.614975E-11  6.060225E-09
  2.615825E-04  3.750015E-11  6.258215E-09
  2.647999E-04  3.890100E-11  6.463107E-09
  2.680570E-04  4.035417E-11  6.675134E-09
  2.713541E-04  4.186163E-11  6.894534E-09
  2.746917E-04  4.342541E-11  7.121555E-09
  2.780704E-04  4.504760E-11  7.356453E-09
  2.814907E-04  4.673038E-11  7.599493E-09
  2.849530E-04  4.847603E-11  7.850951E-09
  2.884580E-04  5.028689E-11  8.111111E-09
  2.920060E-04  5.216539E-11  8.380266E-09
  2.955977E-04  5.411407E-11  8.658723E-09
  2.992335E-04  5.613554E-11  8.946796E-09
  3.029141E-04  5.823252E-11  9.244812E-09
  3.066399E-04  6.040784E-11  9.553109E-09
  3.104116E-04  6.266442E-11  9.872038E-09
  3.142297E-04  6.500530E-11  1.020196E-08
  3.180947E-04  6.743362E-11  1.054325E-08
  3.220072E-04  6.995266E-11  1.089630E-08
  3.259679E-04  7.256579E-11  1.126150E-08
  3.299773E-04  7.527654E-11  1.163928E-08
  3.340361E-04  7.808855E-11  1.203006E-08
  3.381447E-04  8.100561E-11  1.243429E-08
  3.423039E-04  8.403163E-11  1.285244E-08
  3.465142E-04  8.717070E-11  1.328497E-08
  3.507764E-04  9.042702E-11  1.373239E-08
  3.550909E-04  9.380499E-11  1.419520E-08
  3.594585E-04  9.730915E-11  1.467393E-08
  3.638799E-04  1.009442E-10  1.516913E-08
  3.683556E-04  1.047151E-10  1.568138E-08
  3.728864E-04  1.086268E-10  1.621125E-08
  3.774729E-04  1.126846E-10  1.675935E-08
  3.821158E-04  1.168940E-10  1.732631E-08
  3.868158E-04  1.212607E-10  1.791279E-08
  3.915736E-04  1.257905E-10  1.851946E-08
  3.963900E-04  1.304895E-10  1.914702E-08
  4.012656E-04  1.353640E-10  1.979618E-08
  4.062011E-04  1.404206E-10  2.046769E-08
  4.111974E-04  1.456661E-10  2.116234E-08
  4.162552E-04  1.511076E-10  2.188092E-08
  4.213751E-04  1.567523E-10  2.262426E-08
  4.265580E-04  1.626079E-10  2.339321E-08
  4.318047E-04  1.686823E-10  2.418868E-08
  4.371159E-04  1.749835E-10  2.501157E-08
  4.424924E-04  1.815202E-10  2.586284E-08
  4.479350E-04  1.883010E-10  2.674348E-08
  4.534446E-04  1.953351E-10  2.765450E-08
  4.590220E-04  2.026320E-10  2.859696E-08
  4.646680E-04  2.102015E-10  2.957197E-08
  4.703834E-04  2.180537E-10  3.058064E-08
  4.761691E-04  2.261993E-10  3.162415E-08
  4.820260E-04  2.346492E-10  3.270372E-08
  4.879549E-04  2.434147E-10  3.382060E-08
  4.939568E-04  2.525076E-10  3.497610E-08
  5.000324E-04  2.619402E-10  3.617155E-08
  5.061828E-04  2.717252E-10  3.740836E-08
  5.124089E-04  2.818757E-10  3.868796E-08
  5.187115E-04  2.924054E-10  4.001186E-08
  5.250917E-04  3.033284E-10  4.138160E-08
  5.315503E-04  3.146595E-10  4.279878E-08
  5.380884E-04  3.264138E-10  4.426506E-08
  5.447068E-04  3.386073E-10  4.578216E-08
  5.514067E-04  3.512562E-10  4.735186E-08
  5.581890E-04  3.643777E-10  4.897600E-08
  5.650548E-04  3.779893E-10  5.065648E-08
  5.720049E-04  3.921094E-10  5.239528E-08
  5.790406E-04  4.067569E-10  5.419445E-08
  5.861628E-04  4.219516E-10  5.605609E-08
  5.933726E-04  4.377140E-10  5.798241E-08
  6.006711E-04  4.540651E-10  5.997567E-08
  6.080593E-04  4.710271E-10  6.203822E-08
  6.155385E-04  4.886227E-10  6.417249E-08
  6.231096E-04  5.068756E-10  6.638101E-08
  6.307738E-04  5.258103E-10  6.866638E-08
  6.385324E-04  5.454524E-10  7.103131E-08
  6.463863E-04  5.658282E-10  7.347859E-08
  6.543369E-04  5.869651E-10  7.601112E-08
  6.623852E-04  6.088917E-10  7.863190E-08
  6.705325E-04  6.316373E-10  8.134404E-08
  6.787801E-04  6.552326E-10  8.415075E-08
  6.871291E-04  6.797094E-10  8.705537E-08
  6.955808E-04  7.051005E-10  9.006135E-08
  7.041364E-04  7.314401E-10  9.317226E-08
  7.127973E-04  7.587636E-10  9.639180E-08
  7.215647E-04  7.871078E-10  9.972381E-08
  7.304399E-04  8.165109E-10  1.031723E-07
  7.394244E-04  8.470123E-10  1.067412E-07
  7.485193E-04  8.786532E-10  1.104350E-07
  7.577261E-04  9.114760E-10  1.142580E-07
  7.670461E-04  9.455249E-10  1.182148E-07
  7.764808E-04  9.808458E-10  1.223101E-07
  7.860315E-04  1.017486E-09  1.265488E-07
  7.956997E-04  1.055495E-09  1.309360E-07
  8.054868E-04  1.094924E-09  1.354769E-07
  8.153943E-04  1.135826E-09  1.401770E-07
  8.254236E-04  1.178256E-09  1.450419E-07
  8.355763E-04  1.222270E-09  1.500774E-07
  8.458539E-04  1.267929E-09  1.552896E-07
  8.562579E-04  1.315294E-09  1.606848E-07
  8.667899E-04  1.364428E-09  1.662695E-07
  8.774514E-04  1.415397E-09  1.720503E-07
  8.882440E-04  1.468270E-09  1.780343E-07
  8.991695E-04  1.523119E-09  1.842285E-07
  9.102292E-04  1.580016E-09  1.906406E-07
  9.214251E-04  1.639039E-09  1.972782E-07
  9.327586E-04  1.700267E-09  2.041494E-07
  9.442315E-04  1.763782E-09  2.112624E-07
  9.558456E-04  1.829669E-09  2.186258E-07
  9.676025E-04  1.898018E-09  2.262486E-07
  9.795040E-04  1.968921E-09  2.341400E-07
  9.915519E-04  2.042471E-09  2.423095E-07
  1.003748E-03  2.118770E-09  2.507670E-07
  1.016094E-03  2.197918E-09  2.595228E-07
  1.028592E-03  2.280023E-09  2.685874E-07
  1.041244E-03  2.365196E-09  2.779720E-07
  1.054051E-03  2.453550E-09  2.876878E-07
  1.067016E-03  2.545204E-09  2.977467E-07
  1.080140E-03  2.640283E-09  3.081610E-07
  1.093426E-03  2.738913E-09  3.189432E-07
  1.106875E-03  2.841227E-09  3.301065E-07
  1.120490E-03  2.947364E-09  3.416646E-07
  1.134272E-03  3.057466E-09  3.536314E-07
  1.148223E-03  3.171680E-09  3.660216E-07
  1.162346E-03  3.290161E-09  3.788503E-07
  1.176643E-03  3.413068E-09  3.921331E-07
  1.191116E-03  3.540567E-09  4.058863E-07
  1.205767E-03  3.672828E-09  4.201267E-07
  1.220597E-03  3.810030E-09  4.348716E-07
  1.235611E-03  3.952357E-09  4.501392E-07
  1.250809E-03  4.100002E-09  4.659481E-07
  1.266194E-03  4.253161E-09  4.823176E-07
  1.281768E-03  4.412042E-09  4.992678E-07
  1.297534E-03  4.576858E-09  5.168195E-07
  1.313493E-03  4.747831E-09  5.349941E-07
  1.329649E-03  4.925191E-09  5.538141E-07
  1.346004E-03  5.109177E-09  5.733025E-07
  1.362560E-03  5.300035E-09  5.934832E-07
  1.379319E-03  5.498024E-09  6.143811E-07
  1.396285E-03  5.703408E-09  6.360217E-07
  1.413459E-03  5.916465E-09  6.584318E-07
  1.430845E-03  6.137481E-09  6.816389E-07
  1.448444E-03  6.366753E-09  7.056716E-07
  1.466260E-03  6.604589E-09  7.305594E-07
  1.484295E-03  6.851311E-09  7.563330E-07
  1.502552E-03  7.107249E-09  7.830243E-07
  1.521033E-03  7.372748E-09  8.106661E-07
  1.539742E-03  7.648165E-09  8.392925E-07
  1.558681E-03  7.933871E-09  8.689388E-07
  1.577853E-03  8.230249E-09  8.996417E-07
  1.597260E-03  8.537700E-09  9.314391E-07
  1.616907E-03  8.856635E-09  9.643703E-07
  1.636794E-03  9.187485E-09  9.984759E-07
  1.656927E-03  9.530694E-09  1.033798E-06
  1.677307E-03  9.886724E-09  1.070381E-06
  1.697938E-03  1.025605E-08  1.108269E-06
  1.718823E-03  1.063918E-08  1.147510E-06
  1.739964E-03  1.103662E-08  1.188152E-06
  1.761366E-03  1.144891E-08  1.230246E-06
  1.783031E-03  1.187660E-08  1.273843E-06
  1.804962E-03  1.232026E-08  1.318999E-06
  1.827163E-03  1.278050E-08  1.365768E-06
  1.849637E-03  1.325793E-08  1.414208E-06
  1.872388E-03  1.375320E-08  1.464381E-06
  1.895418E-03  1.426697E-08  1.516348E-06
  1.918732E-03  1.479993E-08  1.570174E-06
  1.942332E-03  1.535280E-08  1.625926E-06
  1.966223E-03  1.592632E-08  1.683672E-06
  1.990407E-03  1.652127E-08  1.743486E-06
  2.014889E-03  1.713844E-08  1.805440E-06
  2.039672E-03  1.777868E-08  1.869613E-06
  2.064760E-03  1.844282E-08  1.936084E-06
  2.090157E-03  1.913178E-08  2.004936E-06
  2.115866E-03  1.984647E-08  2.076254E-06
  2.141891E-03  2.058787E-08  2.150128E-06
  2.168236E-03  2.135696E-08  2.226649E-06
  2.194906E-03  2.215478E-08  2.305913E-06
  2.221903E-03  2.298240E-08  2.388019E-06
  2.249232E-03  2.384095E-08  2.473068E-06
  2.276898E-03  2.473156E-08  2.561168E-06
  2.304904E-03  2.565545E-08  2.652428E-06
  2.333254E-03  2.661385E-08  2.746961E-06
  2.361953E-03  2.760805E-08  2.844886E-06
  2.391005E-03  2.863939E-08  2.946325E-06
  2.420414E-03  2.970926E-08  3.051404E-06
  2.450185E-03  3.081910E-08  3.160256E-06
  2.480323E-03  3.197040E-08  3.273015E-06
  2.510831E-03  3.316471E-08  3.389822E-06
  2.541714E-03  3.440364E-08  3.510824E-06
  2.572977E-03  3.568885E-08  3.636172E-06
  2.604625E-03  3.702207E-08  3.766022E-06
  2.636662E-03  3.840509E-08  3.900536E-06
  2.669092E-03  3.983979E-08  4.039883E-06
  2.701922E-03  4.132808E-08  4.184238E-06
  2.735156E-03  4.287196E-08  4.333779E-06
  2.768798E-03  4.447353E-08  4.488695E-06
  2.802855E-03  4.613492E-08  4.649179E-06
  2.837330E-03  4.785839E-08  4.815432E-06
  2.872229E-03  4.964623E-08  4.987662E-06
  2.907557E-03  5.150087E-08  5.166085E-06
  2.943320E-03  5.342479E-08  5.350923E-06
  2.979523E-03  5.542059E-08  5.542407E-06
  3.016171E-03  5.749094E-08  5.740778E-06
  3.053270E-03  5.963864E-08  5.946284E-06
  3.090825E-03  6.186658E-08  6.159182E-06
  3.128842E-03  6.417774E-08  6.379737E-06
  3.167327E-03  6.657525E-08  6.608228E-06
  3.206285E-03  6.906232E-08  6.844938E-06
  3.245723E-03  7.164231E-08  7.090165E-06
  3.285645E-03  7.431868E-08  7.344216E-06
  3.326059E-03  7.709504E-08  7.607407E-06
  3.366969E-03  7.997512E-08  7.880070E-06
  3.408383E-03  8.296280E-08  8.162545E-06
  3.450306E-03  8.606209E-08  8.455186E-06
  3.492745E-03  8.927716E-08  8.758358E-06
  3.535705E-03  9.261235E-08  9.072442E-06
  3.579195E-03  9.607214E-08  9.397830E-06
  3.623219E-03  9.966118E-08  9.734930E-06
  3.667784E-03  1.033843E-07  1.008416E-05
  3.712898E-03  1.072465E-07  1.044597E-05
  3.758567E-03  1.112530E-07  1.082079E-05
  3.804797E-03  1.154092E-07  1.120911E-05
  3.851596E-03  1.197207E-07  1.161141E-05
  3.898971E-03  1.241932E-07  1.202819E-05
  3.946928E-03  1.288329E-07  1.245997E-05
  3.995475E-03  1.336459E-07  1.290729E-05
  4.044620E-03  1.386386E-07  1.337071E-05
  4.094368E-03  1.438180E-07  1.385081E-05
  4.144729E-03  1.491908E-07  1.434820E-05
  4.195709E-03  1.547643E-07  1.486349E-05
  4.247316E-03  1.605461E-07  1.539732E-05
  4.299558E-03  1.665439E-07  1.595037E-05
  4.352443E-03  1.727658E-07  1.652332E-05
  4.405978E-03  1.792201E-07  1.711689E-05
  4.460172E-03  1.859155E-07  1.773182E-05
  4.515032E-03  1.928612E-07  1.836888E-05
  4.570567E-03  2.000663E-07  1.902887E-05
  4.626785E-03  2.075406E-07  1.971260E-05
  4.683694E-03  2.152941E-07  2.042093E-05
  4.741303E-03  2.233374E-07  2.115474E-05
  4.799622E-03  2.316811E-07  2.191496E-05
  4.858657E-03  2.403366E-07  2.270252E-05
  4.918418E-03  2.493155E-07  2.351841E-05
  4.978915E-03  2.586299E-07  2.436364E-05
  5.040156E-03  2.682922E-07  2.523927E-05
  5.102149E-03  2.783156E-07  2.614639E-05
  5.164906E-03  2.887135E-07  2.708613E-05
  5.228434E-03  2.994998E-07  2.805965E-05
  5.292744E-03  3.106892E-07  2.906817E-05
  5.357845E-03  3.222967E-07  3.011294E-05
  5.423746E-03  3.343379E-07  3.119526E-05
  5.490458E-03  3.468289E-07  3.231647E-05
  5.557991E-03  3.597867E-07  3.347798E-05
  5.626354E-03  3.732287E-07  3.468121E-05
  5.695558E-03  3.871728E-07  3.592767E-05
  5.765614E-03  4.016381E-07  3.721889E-05
  5.836531E-03  4.166438E-07  3.855649E-05
  5.908320E-03  4.322102E-07  3.994212E-05
  5.980992E-03  4.483582E-07  4.137750E-05
  6.054559E-03  4.651096E-07  4.286439E-05
  6.129030E-03  4.824870E-07  4.440466E-05
  6.204417E-03  5.005137E-07  4.600020E-05
  6.280731E-03  5.192140E-07  4.765298E-05
  6.357984E-03  5.386130E-07  4.936505E-05
  6.436187E-03  5.587370E-07  5.113852E-05
  6.515352E-03  5.796129E-07  5.297558E-05
  6.595491E-03  6.012689E-07  5.487851E-05
  6.676616E-03  6.237342E-07  5.684965E-05
  6.758738E-03  6.470389E-07  5.889142E-05
  6.841871E-03  6.712145E-07  6.100635E-05
  6.926026E-03  6.962936E-07  6.319704E-05
  7.011216E-03  7.223098E-07  6.546619E-05
  7.097454E-03  7.492982E-07  6.781659E-05
  7.184752E-03  7.772952E-07  7.025112E-05
  7.273125E-03  8.063384E-07  7.277278E-05
  7.362584E-03  8.364671E-07  7.538467E-05
  7.453144E-03  8.677216E-07  7.808998E-05
  7.544818E-03  9.001442E-07  8.089205E-05
  7.637619E-03  9.337785E-07  8.379429E-05
  7.731562E-03  9.686698E-07  8.680027E-05
  7.826660E-03  1.004865E-06  8.991366E-05
  7.922928E-03  1.042413E-06  9.313828E-05
  8.020380E-03  1.081364E-06  9.647805E-05
  8.119031E-03  1.121772E-06  9.993707E-05
  8.218895E-03  1.163689E-06  1.035195E-04
  8.319987E-03  1.207173E-06  1.072299E-04
  8.422323E-03  1.252282E-06  1.110725E-04
  8.525917E-03  1.299077E-06  1.150522E-04
  8.630786E-03  1.347622E-06  1.191737E-04
  8.736945E-03  1.397980E-06  1.234422E-04
  8.844409E-03  1.450221E-06  1.278626E-04
  8.953196E-03  1.504415E-06  1.324405E-04
  9.063320E-03  1.560634E-06  1.371814E-04
  9.174799E-03  1.618955E-06  1.420910E-04
  9.287649E-03  1.679456E-06  1.471753E-04
  9.401887E-03  1.742218E-06  1.524403E-04
  9.517530E-03  1.807327E-06  1.578926E-04
  9.634596E-03  1.874870E-06  1.635385E-04
  9.753101E-03  1.944937E-06  1.693850E-04
  9.873064E-03  2.017624E-06  1.754391E-04
  9.994503E-03  2.093028E-06  1.817081E-04
  1.011744E-02  2.171251E-06  1.881995E-04
  1.024188E-02  2.252398E-06  1.949211E-04
  1.036785E-02  2.336579E-06  2.018810E-04
  1.049538E-02  2.423907E-06  2.090875E-04
  1.062447E-02  2.514501E-06  2.165492E-04
  1.075515E-02  2.608481E-06  2.242751E-04
  1.088744E-02  2.705976E-06  2.322744E-04
  1.102136E-02  2.807115E-06  2.405567E-04
  1.115692E-02  2.912037E-06  2.491317E-04
  1.129415E-02  3.020881E-06  2.580098E-04
  1.143307E-02  3.133795E-06  2.672014E-04
  1.157370E-02  3.250932E-06  2.767175E-04
  1.171605E-02  3.372449E-06  2.865694E-04
  1.186016E-02  3.498510E-06  2.967688E-04
  1.200604E-02  3.629285E-06  3.073276E-04
  1.215371E-02  3.764951E-06  3.182585E-04
  1.230320E-02  3.905690E-06  3.295743E-04
  1.245453E-02  4.051693E-06  3.412883E-04
  1.260772E-02  4.203157E-06  3.534143E-04
  1.276280E-02  4.360285E-06  3.659667E-04
  1.291978E-02  4.523290E-06  3.789600E-04
  1.307870E-02  4.692392E-06  3.924096E-04
  1.323956E-02  4.867819E-06  4.063313E-04
  1.340241E-02  5.049808E-06  4.207412E-04
  1.356726E-02  5.238605E-06  4.356562E-04
  1.373414E-02  5.434464E-06  4.510937E-04
  1.390307E-02  5.637649E-06  4.670717E-04
  1.407407E-02  5.848437E-06  4.836087E-04
  1.424719E-02  6.067109E-06  5.007240E-04
  1.442243E-02  6.293963E-06  5.184373E-04
  1.459982E-02  6.529305E-06  5.367692E-04
  1.477940E-02  6.773451E-06  5.557408E-04
  1.496119E-02  7.026733E-06  5.753741E-04
  1.514521E-02  7.289493E-06  5.956915E-04
  1.533149E-02  7.562084E-06  6.167166E-04
  1.552007E-02  7.844876E-06  6.384733E-04
  1.571097E-02  8.138251E-06  6.609867E-04
  1.590421E-02  8.442605E-06  6.842825E-04
  1.609984E-02  8.758350E-06  7.083872E-04
  1.629786E-02  9.085912E-06  7.333284E-04
  1.649833E-02  9.425734E-06  7.591344E-04
  1.670126E-02  9.778276E-06  7.858346E-04
  1.690668E-02  1.014401E-05  8.134591E-04
  1.711463E-02  1.052344E-05  8.420392E-04
  1.732514E-02  1.091708E-05  8.716073E-04
  1.753824E-02  1.132545E-05  9.021966E-04
  1.775396E-02  1.174911E-05  9.338415E-04
  1.797234E-02  1.218863E-05  9.665776E-04
  1.819340E-02  1.264460E-05  1.000442E-03
  1.841718E-02  1.311766E-05  1.035471E-03
  1.864371E-02  1.360842E-05  1.071706E-03
  1.887303E-02  1.411757E-05  1.109185E-03
  1.910516E-02  1.464578E-05  1.147951E-03
  1.934016E-02  1.519378E-05  1.188047E-03
  1.957804E-02  1.576231E-05  1.229517E-03
  1.981885E-02  1.635213E-05  1.272407E-03
  2.006262E-02  1.696404E-05  1.316764E-03
  2.030939E-02  1.759888E-05  1.362637E-03
  2.055920E-02  1.825750E-05  1.410076E-03
  2.081208E-02  1.894081E-05  1.459133E-03
  2.106807E-02  1.964971E-05  1.509862E-03
  2.132720E-02  2.038518E-05  1.562317E-03
  2.158953E-02  2.114821E-05  1.616556E-03
  2.185508E-02  2.193984E-05  1.672637E-03
  2.212390E-02  2.276115E-05  1.730622E-03
  2.239602E-02  2.361324E-05  1.790572E-03
  2.267149E-02  2.449727E-05  1.852551E-03
  2.295035E-02  2.541444E-05  1.916628E-03
  2.323264E-02  2.636601E-05  1.982869E-03
  2.351840E-02  2.735326E-05  2.051346E-03
  2.380768E-02  2.837752E-05  2.122131E-03
  2.410051E-02  2.944021E-05  2.195300E-03
  2.439695E-02  3.054275E-05  2.270929E-03
  2.469703E-02  3.168665E-05  2.349099E-03
  2.500080E-02  3.287347E-05  2.429892E-03
  2.530831E-02  3.410481E-05  2.513393E-03
  2.561961E-02  3.538235E-05  2.599689E-03
  2.593473E-02  3.670784E-05  2.688869E-03
  2.625372E-02  3.808308E-05  2.781027E-03
  2.657664E-02  3.950993E-05  2.876257E-03
  2.690354E-02  4.099035E-05  2.974659E-03
  2.723445E-02  4.252635E-05  3.076334E-03
  2.756943E-02  4.412002E-05  3.181386E-03
  2.790854E-02  4.577354E-05  3.289922E-03
  2.825181E-02  4.748917E-05  3.402053E-03
  2.859931E-02  4.926923E-05  3.517894E-03
  2.895108E-02  5.111617E-05  3.637560E-03
  2.930718E-02  5.303251E-05  3.761174E-03
  2.966766E-02  5.502085E-05  3.888860E-03
  3.003257E-02  5.708393E-05  4.020745E-03
  3.040197E-02  5.922455E-05  4.156961E-03
  3.077592E-02  6.144565E-05  4.297644E-03
  3.115446E-02  6.375026E-05  4.442934E-03
  3.153766E-02  6.614154E-05  4.592973E-03
  3.192557E-02  6.862276E-05  4.747909E-03
  3.231826E-02  7.119733E-05  4.907895E-03
  3.271577E-02  7.386875E-05  5.073086E-03
  3.311818E-02  7.664071E-05  5.243644E-03
  3.352553E-02  7.951700E-05  5.419733E-03
  3.393789E-02  8.250157E-05  5.601524E-03
  3.435533E-02  8.559851E-05  5.789190E-03
  3.477790E-02  8.881208E-05  5.982913E-03
  3.520567E-02  9.214669E-05  6.182875E-03
  3.563870E-02  9.560693E-05  6.389268E-03
  3.607705E-02  9.919756E-05  6.602286E-03
  3.652080E-02  1.029235E-04  6.822129E-03
  3.697001E-02  1.067899E-04  7.049004E-03
  3.742474E-02  1.108022E-04  7.283121E-03
  3.788506E-02  1.149657E-04  7.524699E-03
  3.835105E-02  1.192863E-04  7.773960E-03
  3.882277E-02  1.237699E-04  8.031133E-03
  3.930029E-02  1.284227E-04  8.296454E-03
  3.978368E-02  1.332512E-04  8.570164E-03
  4.027302E-02  1.382620E-04  8.852512E-03
  4.076838E-02  1.434621E-04  9.143751E-03
  4.126983E-02  1.488586E-04  9.444144E-03
  4.177745E-02  1.544591E-04  9.753958E-03
  4.229131E-02  1.602713E-04  1.007347E-02
  4.281149E-02  1.663032E-04  1.040296E-02
  4.333808E-02  1.725633E-04  1.074271E-02
  4.387113E-02  1.790603E-04  1.109303E-02
  4.441075E-02  1.858031E-04  1.145422E-02
  4.495700E-02  1.928013E-04  1.182660E-02
  4.550997E-02  2.000644E-04  1.221047E-02
  4.606975E-02  2.076027E-04  1.260617E-02
  4.663640E-02  2.154267E-04  1.301403E-02
  4.721003E-02  2.235472E-04  1.343441E-02
  4.779071E-02  2.319757E-04  1.386765E-02
  4.837854E-02  2.407240E-04  1.431411E-02
  4.897360E-02  2.498043E-04  1.477416E-02
  4.957597E-02  2.592293E-04  1.524818E-02
  5.018576E-02  2.690122E-04  1.573657E-02
  5.080304E-02  2.791669E-04  1.623971E-02
  5.142792E-02  2.897076E-04  1.675802E-02
  5.206048E-02  3.006490E-04  1.729190E-02
  5.270083E-02  3.120068E-04  1.784179E-02
  5.334905E-02  3.237967E-04  1.840812E-02
  5.400524E-02  3.360357E-04  1.899134E-02
  5.466950E-02  3.487408E-04  1.959189E-02
  5.534194E-02  3.619301E-04  2.021025E-02
  5.602264E-02  3.756224E-04  2.084689E-02
  5.671172E-02  3.898370E-04  2.150230E-02
  5.740928E-02  4.045941E-04  2.217697E-02
  5.811541E-02  4.199147E-04  2.287141E-02
  5.883023E-02  4.358207E-04  2.358614E-02
  5.955384E-02  4.523348E-04  2.432169E-02
  6.028635E-02  4.694805E-04  2.507859E-02
  6.102788E-02  4.872824E-04  2.585741E-02
  6.177852E-02  5.057659E-04  2.665869E-02
  6.253839E-02  5.249576E-04  2.748302E-02
  6.330762E-02  5.448851E-04  2.833098E-02
  6.408630E-02  5.655771E-04  2.920317E-02
  6.487456E-02  5.870633E-04  3.010019E-02
  6.567252E-02  6.093747E-04  3.102267E-02
  6.648029E-02  6.325437E-04  3.197123E-02
  6.729800E-02  6.566038E-04  3.294653E-02
  6.812576E-02  6.815899E-04  3.394921E-02
  6.896371E-02  7.075383E-04  3.497995E-02
  6.981196E-02  7.344868E-04  3.603942E-02
  7.067065E-02  7.624747E-04  3.712832E-02
  7.153990E-02  7.915428E-04  3.824735E-02
  7.241984E-02  8.217338E-04  3.939722E-02
  7.331061E-02  8.530919E-04  4.057867E-02
  7.421233E-02  8.856632E-04  4.179243E-02
  7.512514E-02  9.194957E-04  4.303926E-02
  7.604918E-02  9.546392E-04  4.431991E-02
  7.698458E-02  9.911458E-04  4.563518E-02
  7.793149E-02  1.029070E-03  4.698584E-02
  7.889005E-02  1.068467E-03  4.837269E-02
  7.986040E-02  1.109396E-03  4.979654E-02
  8.084268E-02  1.151918E-03  5.125823E-02
  8.183705E-02  1.196097E-03  5.275858E-02
  8.284364E-02  1.241999E-03  5.429844E-02
  8.386262E-02  1.289693E-03  5.587866E-02
  8.489413E-02  1.339250E-03  5.750012E-02
  8.593833E-02  1.390746E-03  5.916370E-02
  8.699537E-02  1.444258E-03  6.087027E-02
  8.806541E-02  1.499868E-03  6.262075E-02
  8.914861E-02  1.557659E-03  6.441604E-02
  9.024514E-02  1.617721E-03  6.625706E-02
  9.135516E-02  1.680145E-03  6.814475E-02
  9.247883E-02  1.745026E-03  7.008003E-02
  9.361632E-02  1.812466E-03  7.206385E-02
  9.476780E-02  1.882566E-03  7.409717E-02
  9.593344E-02  1.955436E-03  7.618094E-02
  9.711342E-02  2.031190E-03  7.831614E-02
  9.830792E-02  2.109944E-03  8.050375E-02
  9.951710E-02  2.191821E-03  8.274474E-02
  1.007412E-01  2.276950E-03  8.504009E-02
  1.019803E-01  2.365465E-03  8.739081E-02
  1.032346E-01  2.457504E-03  8.979788E-02
  1.045044E-01  2.553213E-03  9.226231E-02
  1.057898E-01  2.652744E-03  9.478509E-02
  1.070910E-01  2.756255E-03  9.736724E-02
  1.084083E-01  2.863911E-03  1.000098E-01
  1.097417E-01  2.975885E-03  1.027136E-01
  1.110915E-01  3.092356E-03  1.054799E-01
  1.124579E-01  3.213513E-03  1.083096E-01
  1.138412E-01  3.339551E-03  1.112036E-01
  1.152414E-01  3.470675E-03  1.141630E-01
  1.166589E-01  3.607098E-03  1.171889E-01
  1.180938E-01  3.749045E-03  1.202821E-01
  1.195463E-01  3.896747E-03  1.234436E-01
  1.210168E-01  4.050449E-03  1.266746E-01
  1.225053E-01  4.210404E-03  1.299758E-01
  1.240121E-01  4.376878E-03  1.333484E-01
  1.255374E-01  4.550150E-03  1.367931E-01
  1.270815E-01  4.730508E-03  1.403111E-01
  1.286446E-01  4.918257E-03  1.439032E-01
  1.302270E-01  5.113712E-03  1.475704E-01
  1.318288E-01  5.317206E-03  1.513135E-01
  1.334503E-01  5.529084E-03  1.551334E-01
  1.350917E-01  5.749708E-03  1.590311E-01
  1.367533E-01  5.979458E-03  1.630073E-01
  1.384354E-01  6.218728E-03  1.670630E-01
  1.401381E-01  6.467932E-03  1.711989E-01
  1.418618E-01  6.727505E-03  1.754158E-01
  1.436067E-01  6.997898E-03  1.797145E-01
  1.453731E-01  7.279586E-03  1.840957E-01
  1.471612E-01  7.573064E-03  1.885602E-01
  1.489713E-01  7.878852E-03  1.931086E-01
  1.508036E-01  8.197492E-03  1.977416E-01
  1.526585E-01  8.529554E-03  2.024598E-01
  1.545362E-01  8.875631E-03  2.072639E-01
  1.564370E-01  9.236346E-03  2.121543E-01
  1.583612E-01  9.612352E-03  2.171316E-01
  1.603090E-01  1.000433E-02  2.221963E-01
  1.622808E-01  1.041300E-02  2.273488E-01
  1.642769E-01  1.083910E-02  2.325895E-01
  1.662975E-01  1.128343E-02  2.379188E-01
  1.683429E-01  1.174679E-02  2.433370E-01
  1.704136E-01  1.223006E-02  2.488443E-01
  1.725096E-01  1.273413E-02  2.544410E-01
  1.746315E-01  1.325995E-02  2.601271E-01
  1.767795E-01  1.380850E-02  2.659029E-01
  1.789539E-01  1.438082E-02  2.717683E-01
  1.811550E-01  1.497800E-02  2.777234E-01
  1.833832E-01  1.560118E-02  2.837680E-01
  1.856388E-01  1.625154E-02  2.899021E-01
  1.879222E-01  1.693034E-02  2.961254E-01
  1.902336E-01  1.763888E-02  3.024377E-01
  1.925735E-01  1.837854E-02  3.088387E-01
  1.949422E-01  1.915075E-02  3.153279E-01
  1.973399E-01  1.995702E-02  3.219049E-01
  1.997672E-01  2.079893E-02  3.285692E-01
  2.022244E-01  2.167814E-02  3.353200E-01
  2.047117E-01  2.259638E-02  3.421568E-01
  2.072297E-01  2.355546E-02  3.490787E-01
  2.097786E-01  2.455730E-02  3.560849E-01
  2.123589E-01  2.560389E-02  3.631745E-01
  2.149709E-01  2.669732E-02  3.703463E-01
  2.176150E-01  2.783978E-02  3.775994E-01
  2.202917E-01  2.903357E-02  3.849324E-01
  2.230013E-01  3.028110E-02  3.923441E-01
  2.257442E-01  3.158488E-02  3.998332E-01
  2.285209E-01  3.294756E-02  4.073981E-01
  2.313317E-01  3.437191E-02  4.150373E-01
  2.341770E-01  3.586082E-02  4.227491E-01
  2.370574E-01  3.741732E-02  4.305317E-01
  2.399732E-01  3.904459E-02  4.383834E-01
  2.429249E-01  4.074595E-02  4.463021E-01
  2.459129E-01  4.252488E-02  4.542858E-01
  2.489376E-01  4.438502E-02  4.623323E-01
  2.519995E-01  4.633017E-02  4.704394E-01
  2.550991E-01  4.836432E-02  4.786047E-01
  2.582368E-01  5.049163E-02  4.868258E-01
  2.614132E-01  5.271644E-02  4.951002E-01
  2.646285E-01  5.504331E-02  5.034251E-01
  2.678835E-01  5.747699E-02  5.117978E-01
  2.711784E-01  6.002242E-02  5.202155E-01
  2.745139E-01  6.268478E-02  5.286752E-01
  2.778905E-01  6.546947E-02  5.371738E-01
  2.813085E-01  6.838212E-02  5.457082E-01
  2.847686E-01  7.142860E-02  5.542752E-01
  2.882713E-01  7.461500E-02  5.628713E-01
  2.918170E-01  7.794770E-02  5.714932E-01
  2.954063E-01  8.143332E-02  5.801373E-01
  2.990398E-01  8.507873E-02  5.888000E-01
  3.027180E-01  8.889109E-02  5.974775E-01
  3.064415E-01  9.287782E-02  6.061661E-01
  3.102107E-01  9.704662E-02  6.148619E-01
  3.140263E-01  1.014055E-01  6.235608E-01
  3.178888E-01  1.059626E-01  6.322590E-01
  3.217988E-01  1.107267E-01  6.409521E-01
  3.257570E-01  1.157064E-01  6.496361E-01
  3.297638E-01  1.209110E-01  6.583068E-01
  3.338199E-01  1.263498E-01  6.669597E-01
  3.379259E-01  1.320325E-01  6.755905E-01
  3.420823E-01  1.379690E-01  6.841949E-01
  3.462900E-01  1.441696E-01  6.927683E-01
  3.505493E-01  1.506448E-01  7.013063E-01
  3.548611E-01  1.574051E-01  7.098044E-01
  3.592259E-01  1.644616E-01  7.182581E-01
  3.636443E-01  1.718253E-01  7.266627E-01
  3.681172E-01  1.795076E-01  7.350138E-01
  3.726450E-01  1.875198E-01  7.433067E-01
  3.772285E-01  1.958736E-01  7.515367E-01
  3.818685E-01  2.045805E-01  7.596993E-01
  3.865654E-01  2.136523E-01  7.677898E-01
  3.913202E-01  2.231006E-01  7.758034E-01
  3.961334E-01  2.329369E-01  7.837354E-01
  4.010059E-01  2.431728E-01  7.915808E-01
  4.059382E-01  2.538197E-01  7.993349E-01
  4.109313E-01  2.648884E-01  8.069924E-01
  4.159857E-01  2.763897E-01  8.145483E-01
  4.211024E-01  2.883339E-01  8.219973E-01
  4.262819E-01  3.007307E-01  8.293341E-01
  4.315252E-01  3.135893E-01  8.365531E-01
  4.368329E-01  3.269182E-01  8.436488E-01
  4.422060E-01  3.407249E-01  8.506154E-01
  4.476451E-01  3.550161E-01  8.574473E-01
  4.531512E-01  3.697972E-01  8.641387E-01
  4.587249E-01  3.850726E-01  8.706839E-01
  4.643672E-01  4.008453E-01  8.770771E-01
  4.700790E-01  4.171167E-01  8.833127E-01
  4.758609E-01  4.338865E-01  8.893852E-01
  4.817140E-01  4.511526E-01  8.952891E-01
  4.876391E-01  4.689110E-01  9.010191E-01
  4.936371E-01  4.871554E-01  9.065700E-01
  4.997088E-01  5.058771E-01  9.119368E-01
  5.058552E-01  5.250651E-01  9.171147E-01
  5.120772E-01  5.447057E-01  9.220988E-01
  5.183758E-01  5.647822E-01  9.268847E-01
  5.247518E-01  5.852751E-01  9.314680E-01
  5.312063E-01  6.061617E-01  9.358443E-01
  5.377401E-01  6.274159E-01  9.400098E-01
  5.443543E-01  6.490085E-01  9.439603E-01
  5.510499E-01  6.709066E-01  9.476924E-01
  5.578278E-01  6.930739E-01  9.512024E-01
  5.646890E-01  7.154703E-01  9.544870E-01
  5.716347E-01  7.380522E-01  9.575431E-01
  5.786658E-01  7.607723E-01  9.603677E-01
  5.857834E-01  7.835799E-01  9.629581E-01
  5.929886E-01  8.064207E-01  9.653117E-01
  6.002823E-01  8.292370E-01  9.674264E-01
  6.076658E-01  8.519681E-01  9.692999E-01
  6.151401E-01  8.745502E-01  9.709304E-01
  6.227063E-01  8.969171E-01  9.723164E-01
  6.303656E-01  9.189998E-01  9.734564E-01
  6.381191E-01  9.407274E-01  9.743492E-01
  6.459679E-01  9.620271E-01  9.749939E-01
  6.539134E-01  9.828244E-01  9.753899E-01
  6.619565E-01  1.003044E+00  9.755367E-01
  6.700986E-01  1.022608E+00  9.754340E-01
  6.783408E-01  1.041439E+00  9.750820E-01
  6.866844E-01  1.059460E+00  9.744809E-01
  6.951306E-01  1.076591E+00  9.736312E-01
  7.036807E-01  1.092755E+00  9.725336E-01
  7.123359E-01  1.107877E+00  9.711891E-01
  7.210977E-01  1.121882E+00  9.695988E-01
  7.299672E-01  1.134699E+00  9.677641E-01
  7.389458E-01  1.146261E+00  9.656867E-01
  7.480348E-01  1.156507E+00  9.633683E-01
  7.572356E-01  1.165379E+00  9.608111E-01
  7.665496E-01  1.172829E+00  9.580171E-01
  7.759782E-01  1.178814E+00  9.549888E-01
  7.855227E-01  1.183301E+00  9.517288E-01
  7.951847E-01  1.186263E+00  9.482399E-01
  8.049654E-01  1.187684E+00  9.445249E-01
  8.148665E-01  1.187557E+00  9.405871E-01
  8.248894E-01  1.185884E+00  9.364296E-01
  8.350355E-01  1.182677E+00  9.320560E-01
  8.453064E-01  1.177960E+00  9.274697E-01
  8.557037E-01  1.171763E+00  9.226744E-01
  8.662289E-01  1.164129E+00  9.176741E-01
  8.768835E-01  1.155108E+00  9.124726E-01
  8.876691E-01  1.144761E+00  9.070740E-01
  8.985875E-01  1.133158E+00  9.014826E-01
  9.096401E-01  1.120373E+00  8.957026E-01
  9.208287E-01  1.106492E+00  8.897385E-01
  9.321549E-01  1.091605E+00  8.835946E-01
  9.436204E-01  1.075809E+00  8.772757E-01
  9.552269E-01  1.059203E+00  8.707863E-01
  9.669762E-01  1.041892E+00  8.641312E-01
  9.788700E-01  1.023984E+00  8.573152E-01
  9.909101E-01  1.005587E+00  8.503431E-01
  1.003098E+00  9.868112E-01  8.432199E-01
  1.015436E+00  9.677654E-01  8.359505E-01
  1.027926E+00  9.485574E-01  8.285400E-01
  1.040570E+00  9.292925E-01  8.209934E-01
  1.053369E+00  9.100728E-01  8.133158E-01
  1.066325E+00  8.909964E-01  8.055123E-01
  1.079441E+00  8.721561E-01  7.975880E-01
  1.092718E+00  8.536395E-01  7.895481E-01
  1.106159E+00  8.355277E-01  7.813978E-01
  1.119764E+00  8.178950E-01  7.731423E-01
  1.133537E+00  8.008083E-01  7.647867E-01
  1.147480E+00  7.843269E-01  7.563363E-01
  1.161594E+00  7.685020E-01  7.477961E-01
  1.175882E+00  7.533766E-01  7.391713E-01
  1.190345E+00  7.389851E-01  7.304672E-01
  1.204986E+00  7.253531E-01  7.216888E-01
  1.219807E+00  7.124977E-01  7.128412E-01
  1.234811E+00  7.004272E-01  7.039294E-01
  1.249999E+00  6.891410E-01  6.949586E-01
  1.265374E+00  6.786300E-01  6.859337E-01
  1.280938E+00  6.688762E-01  6.768596E-01
  1.296694E+00  6.598532E-01  6.677413E-01
  1.312643E+00  6.515261E-01  6.585836E-01
  1.328789E+00  6.438518E-01  6.493913E-01
  1.345133E+00  6.367791E-01  6.401692E-01
  1.361678E+00  6.302490E-01  6.309220E-01
  1.378427E+00  6.241949E-01  6.216542E-01
  1.395381E+00  6.185438E-01  6.123704E-01
  1.412544E+00  6.132163E-01  6.030752E-01
  1.429919E+00  6.081279E-01  5.937730E-01
  1.447507E+00  6.031904E-01  5.844681E-01
  1.465311E+00  5.983133E-01  5.751648E-01
  1.483334E+00  5.934052E-01  5.658672E-01
  1.501579E+00  5.883762E-01  5.565797E-01
  1.520049E+00  5.831391E-01  5.473061E-01
  1.538745E+00  5.776124E-01  5.380504E-01
  1.557672E+00  5.717217E-01  5.288166E-01
  1.576831E+00  5.654018E-01  5.196085E-01
  1.596226E+00  5.585989E-01  5.104297E-01
  1.615860E+00  5.512723E-01  5.012839E-01
  1.635735E+00  5.433956E-01  4.921746E-01
  1.655855E+00  5.349579E-01  4.831052E-01
  1.676222E+00  5.259644E-01  4.740791E-01
  1.696839E+00  5.164367E-01  4.650996E-01
  1.717710E+00  5.064117E-01  4.561697E-01
  1.738838E+00  4.959409E-01  4.472925E-01
  1.760226E+00  4.850888E-01  4.384710E-01
  1.781877E+00  4.739302E-01  4.297079E-01
  1.803794E+00  4.625479E-01  4.210060E-01
  1.825980E+00  4.510300E-01  4.123678E-01
  1.848440E+00  4.394660E-01  4.037959E-01
  1.871176E+00  4.279444E-01  3.952926E-01
  1.894191E+00  4.165488E-01  3.868603E-01
  1.917490E+00  4.053550E-01  3.785011E-01
  1.941075E+00  3.944286E-01  3.702170E-01
  1.964950E+00  3.838220E-01  3.620101E-01
  1.989119E+00  3.735730E-01  3.538821E-01
  2.013585E+00  3.637032E-01  3.458350E-01
  2.038352E+00  3.542179E-01  3.378703E-01
  2.063424E+00  3.451063E-01  3.299898E-01
  2.088804E+00  3.363432E-01  3.221948E-01
  2.114496E+00  3.278915E-01  3.144870E-01
  2.140505E+00  3.197066E-01  3.068676E-01
  2.166833E+00  3.117407E-01  2.993379E-01
  2.193485E+00  3.039487E-01  2.918993E-01
  2.220465E+00  2.962934E-01  2.845528E-01
  2.247776E+00  2.887496E-01  2.772997E-01
  2.275424E+00  2.813062E-01  2.701410E-01
  2.303412E+00  2.739612E-01  2.630777E-01
  2.331744E+00  2.667154E-01  2.561107E-01
  2.360424E+00  2.595698E-01  2.492411E-01
  2.389458E+00  2.525254E-01  2.424697E-01
  2.418848E+00  2.455831E-01  2.357972E-01
  2.448600E+00  2.387437E-01  2.292246E-01
  2.478717E+00  2.320082E-01  2.227525E-01
  2.509206E+00  2.253773E-01  2.163816E-01
  2.540069E+00  2.188517E-01  2.101126E-01
  2.571312E+00  2.124322E-01  2.039460E-01
  2.602939E+00  2.061194E-01  1.978825E-01
  2.634955E+00  1.999139E-01  1.919226E-01
  2.667365E+00  1.938163E-01  1.860667E-01
  2.700174E+00  1.878271E-01  1.803153E-01
  2.733386E+00  1.819467E-01  1.746687E-01
  2.767006E+00  1.761755E-01  1.691273E-01
  2.801041E+00  1.705139E-01  1.636914E-01
  2.835493E+00  1.649622E-01  1.583612E-01
  2.870370E+00  1.595206E-01  1.531369E-01
  2.905675E+00  1.541894E-01  1.480188E-01
  2.941415E+00  1.489686E-01  1.430068E-01
  2.977595E+00  1.438583E-01  1.381010E-01
  3.014219E+00  1.388586E-01  1.333015E-01
  3.051294E+00  1.339694E-01  1.286080E-01
  3.088825E+00  1.291906E-01  1.240207E-01
  3.126817E+00  1.245221E-01  1.195391E-01
  3.165277E+00  1.199635E-01  1.151632E-01
  3.204210E+00  1.155146E-01  1.108926E-01
  3.243622E+00  1.111750E-01  1.067269E-01
  3.283519E+00  1.069443E-01  1.026658E-01
  3.323906E+00  1.028220E-01  9.870862E-02
  3.364790E+00  9.880745E-02  9.485494E-02
  3.406177E+00  9.490004E-02  9.110408E-02
  3.448073E+00  9.109904E-02  8.745535E-02
  3.490484E+00  8.740364E-02  8.390798E-02
  3.533417E+00  8.381297E-02  8.046112E-02
  3.576878E+00  8.032609E-02  7.711387E-02
  3.620874E+00  7.694196E-02  7.386525E-02
  3.665410E+00  7.365950E-02  7.071421E-02
  3.710495E+00  7.047755E-02  6.765964E-02
  3.756134E+00  6.739487E-02  6.470036E-02
  3.802334E+00  6.441017E-02  6.183512E-02
  3.849103E+00  6.152209E-02  5.906263E-02
  3.896447E+00  5.872920E-02  5.638150E-02
  3.944373E+00  5.603003E-02  5.379034E-02
  3.992889E+00  5.342303E-02  5.128766E-02
  4.042002E+00  5.090662E-02  4.887193E-02
  4.091718E+00  4.847917E-02  4.654160E-02
  4.142046E+00  4.613900E-02  4.429505E-02
  4.192994E+00  4.388438E-02  4.213064E-02
  4.244567E+00  4.171357E-02  4.004667E-02
  4.296776E+00  3.962478E-02  3.804145E-02
  4.349626E+00  3.761620E-02  3.611322E-02
  4.403126E+00  3.568600E-02  3.426023E-02
  4.457285E+00  3.383232E-02  3.248071E-02
  4.512109E+00  3.205329E-02  3.077285E-02
  4.567608E+00  3.034704E-02  2.913485E-02
  4.623790E+00  2.871168E-02  2.756491E-02
  4.680663E+00  2.714533E-02  2.606122E-02
  4.738235E+00  2.564609E-02  2.462195E-02
  4.796515E+00  2.421208E-02  2.324531E-02
  4.855512E+00  2.284143E-02  2.192948E-02
  4.915235E+00  2.153226E-02  2.067267E-02
  4.975692E+00  2.028272E-02  1.947311E-02
  5.036893E+00  1.909096E-02  1.832901E-02
  5.098847E+00  1.795516E-02  1.723863E-02
  5.161563E+00  1.687351E-02  1.620023E-02
  5.225050E+00  1.584421E-02  1.521209E-02
  5.289318E+00  1.486550E-02  1.427251E-02
  5.354377E+00  1.393563E-02  1.337981E-02
  5.420236E+00  1.305289E-02  1.253235E-02
  5.486905E+00  1.221557E-02  1.172850E-02
  5.554394E+00  1.142201E-02  1.096665E-02
  5.622713E+00  1.067056E-02  1.024522E-02
  5.691872E+00  9.959612E-03  9.562676E-03
  5.761882E+00  9.287574E-03  8.917481E-03
  5.832753E+00  8.652892E-03  8.308146E-03
  5.904496E+00  8.054041E-03  7.733206E-03
  5.977121E+00  7.489526E-03  7.191227E-03
  6.050640E+00  6.957883E-03  6.680805E-03
  6.125063E+00  6.457682E-03  6.200565E-03
  6.200401E+00  5.987525E-03  5.749167E-03
  6.276666E+00  5.546048E-03  5.325302E-03
  6.353869E+00  5.131921E-03  4.927692E-03
  6.432022E+00  4.743848E-03  4.555094E-03
  6.511135E+00  4.380570E-03  4.206298E-03
  6.591222E+00  4.040861E-03  3.880129E-03
  6.672294E+00  3.723531E-03  3.575446E-03
  6.754364E+00  3.427429E-03  3.291142E-03
  6.837442E+00  3.151438E-03  3.026145E-03
  6.921543E+00  2.894479E-03  2.779419E-03
  7.006678E+00  2.655508E-03  2.549964E-03
  7.092860E+00  2.433520E-03  2.336813E-03
  7.180102E+00  2.227546E-03  2.139038E-03
  7.268417E+00  2.036654E-03  1.955743E-03
  7.357819E+00  1.859949E-03  1.786068E-03
  7.448320E+00  1.696572E-03  1.629190E-03
  7.539935E+00  1.545699E-03  1.484319E-03
  7.632676E+00  1.406545E-03  1.350698E-03
  7.726558E+00  1.278358E-03  1.227607E-03
  7.821594E+00  1.160420E-03  1.114358E-03
  7.917800E+00  1.052049E-03  1.010294E-03
  8.015189E+00  9.525967E-04  9.147934E-04
  8.113776E+00  8.614459E-04  8.272642E-04
  8.213575E+00  7.780128E-04  7.471456E-04
  8.314602E+00  7.017446E-04  6.739066E-04
  8.416872E+00  6.321187E-04  6.070457E-04
  8.520399E+00  5.686422E-04  5.460896E-04
  8.625200E+00  5.108505E-04  4.905923E-04
  8.731290E+00  4.583069E-04  4.401344E-04
  8.838685E+00  4.106010E-04  3.943220E-04
  8.947401E+00  3.673483E-04  3.527857E-04
  9.057454E+00  3.281887E-04  3.151799E-04
  9.168860E+00  2.927856E-04  2.811814E-04
  9.281637E+00  2.608251E-04  2.504887E-04
  9.395802E+00  2.320147E-04  2.228209E-04
  9.511370E+00  2.060823E-04  1.979170E-04
  9.628360E+00  1.827753E-04  1.755342E-04
  9.746789E+00  1.618598E-04  1.554479E-04
  9.866674E+00  1.431189E-04  1.374500E-04
  9.988034E+00  1.263526E-04  1.213483E-04
  1.011089E+01  1.113762E-04  1.069655E-04
  1.023525E+01  9.801987E-05  9.413847E-05
  1.036114E+01  8.612736E-05  8.271721E-05
  1.048859E+01  7.555537E-05  7.256409E-05
  1.061760E+01  6.617263E-05  6.355307E-05
  1.074819E+01  5.785914E-05  5.556890E-05
  1.088040E+01  5.050537E-05  4.850640E-05
  1.101422E+01  4.401152E-05  4.226974E-05
  1.114970E+01  3.828687E-05  3.677178E-05
  1.128684E+01  3.324902E-05  3.193342E-05
  1.142567E+01  2.882336E-05  2.768298E-05
  1.156620E+01  2.494237E-05  2.395563E-05
  1.170847E+01  2.154513E-05  2.069287E-05
  1.185248E+01  1.857673E-05  1.784195E-05
  1.199827E+01  1.598779E-05  1.535548E-05
  1.214585E+01  1.373401E-05  1.319088E-05
  1.229524E+01  1.177567E-05  1.131003E-05
  1.244647E+01  1.007729E-05  9.678847E-06
  1.259956E+01  8.607188E-06  8.266905E-06
  1.275454E+01  7.337164E-06  7.047118E-06
  1.291142E+01  6.242147E-06  5.995413E-06
  1.307023E+01  5.299906E-06  5.090436E-06
  1.323099E+01  4.490762E-06  4.313289E-06
  1.339374E+01  3.797333E-06  3.647279E-06
  1.355848E+01  3.204300E-06  3.077693E-06
  1.372525E+01  2.698189E-06  2.591590E-06
  1.389407E+01  2.267175E-06  2.177614E-06
  1.406496E+01  1.900902E-06  1.825818E-06
  1.423796E+01  1.590321E-06  1.527511E-06
  1.441309E+01  1.327542E-06  1.275118E-06
  1.459037E+01  1.105704E-06  1.062045E-06
  1.476983E+01  9.188487E-07  8.825725E-07
  1.495150E+01  7.618187E-07  7.317465E-07
  1.513541E+01  6.301580E-07  6.052871E-07
  1.532157E+01  5.200257E-07  4.995055E-07
  1.551003E+01  4.281196E-07  4.112300E-07
  1.570080E+01  3.516069E-07  3.377400E-07
  1.589392E+01  2.880638E-07  2.767075E-07
  1.608942E+01  2.354213E-07  2.261455E-07
  1.628732E+01  1.919178E-07  1.843620E-07
  1.648765E+01  1.560572E-07  1.499202E-07
  1.669045E+01  1.265719E-07  1.395304E-08
  1.689574E+01  1.023911E-07  1.200753E-03
  1.710356E+01  8.261228E-08  1.096642E-03
  1.731393E+01  6.647676E-08  1.000249E-03
  1.752689E+01  5.334869E-08  9.111209E-04
  1.774247E+01  4.269644E-08  8.288247E-04
  1.796071E+01  3.407680E-08  7.529425E-04
  1.818162E+01  2.712128E-08  6.830735E-04
  1.840526E+01  2.152438E-08  6.188341E-04
  1.863164E+01  1.703354E-08  5.598570E-04
  1.886081E+01  1.344056E-08  5.057919E-04
  1.909280E+01  1.057431E-08  4.563050E-04
  1.932764E+01  8.294559E-09  4.110788E-04
  1.956537E+01  6.486711E-09  3.698120E-04
  1.980602E+01  5.057426E-09  3.322191E-04
  2.004964E+01  3.930902E-09  2.980299E-04
  2.029625E+01  3.045763E-09  2.669907E-04
  2.054589E+01  2.352470E-09  0.000000E+00
  2.079861E+01  1.811170E-09  0.000000E+00
  2.105443E+01  1.389901E-09  0.000000E+00
  2.131340E+01  1.063116E-09  0.000000E+00
  2.157555E+01  8.104603E-10  0.000000E+00
  2.184093E+01  6.157708E-10  0.000000E+00
  2.210958E+01  4.662561E-10  0.000000E+00
  2.238152E+01  3.518273E-10  0.000000E+00
  2.265682E+01  2.645546E-10  0.000000E+00
  2.293550E+01  1.982272E-10  0.000000E+00
  2.321760E+01  1.479974E-10  0.000000E+00
  2.350318E+01  1.100952E-10  0.000000E+00
  2.379227E+01  8.159926E-11  0.000000E+00
  2.408491E+01  6.025434E-11  0.000000E+00
  2.438116E+01  4.432557E-11  0.000000E+00
  2.468105E+01  3.248359E-11  0.000000E+00
  2.498462E+01  2.371356E-11  0.000000E+00
  2.529193E+01  1.724377E-11  0.000000E+00
  2.560302E+01  1.248963E-11  0.000000E+00
  2.591794E+01  9.010072E-12  0.000000E+00
  2.623673E+01  6.473640E-12  0.000000E+00
  2.655944E+01  4.632268E-12  0.000000E+00
  2.688612E+01  0.000000E+00  0.000000E+00
  2.721682E+01  0.000000E+00  0.000000E+00
  2.755159E+01  0.000000E+00  0.000000E+00
  2.789048E+01  0.000000E+00  0.000000E+00
  2.823353E+01  0.000000E+00  0.000000E+00
  2.858080E+01  0.000000E+00  0.000000E+00
  2.893234E+01  0.000000E+00  0.000000E+00
  2.928821E+01  0.000000E+00  0.000000E+00
  2.964846E+01  0.000000E+00  0.000000E+00
  3.001313E+01  0.000000E+00  0.000000E+00
  3.038229E+01  0.000000E+00  0.000000E+00
  3.075600E+01  0.000000E+00  0.000000E+00
  3.113430E+01  0.000000E+00  0.000000E+00
  3.151725E+01  0.000000E+00  0.000000E+00
  3.190491E+01  0.000000E+00  0.000000E+00
  3.229734E+01  0.000000E+00  0.000000E+00
  3.269460E+01  0.000000E+00  0.000000E+00
  3.309674E+01  0.000000E+00  0.000000E+00
  3.350383E+01  0.000000E+00  0.000000E+00
  3.391593E+01  0.000000E+00  0.000000E+00
  3.433309E+01  0.000000E+00  0.000000E+00
  3.475539E+01  0.000000E+00  0.000000E+00
  3.518288E+01  0.000000E+00  0.000000E+00
  3.561563E+01  0.000000E+00  0.000000E+00
  3.605370E+01  0.000000E+00  0.000000E+00
  3.649716E+01  0.000000E+00  0.000000E+00
  3.694608E+01  0.000000E+00  0.000000E+00
  3.740052E+01  0.000000E+00  0.000000E+00
  3.786054E+01  0.000000E+00  0.000000E+00
  3.832623E+01  0.000000E+00  0.000000E+00
  3.879764E+01  0.000000E+00  0.000000E+00
  3.927485E+01  0.000000E+00  0.000000E+00
  3.975793E+01  0.000000E+00  0.000000E+00
  4.024695E+01  0.000000E+00  0.000000E+00
  4.074199E+01  0.000000E+00  0.000000E+00
  4.124312E+01  0.000000E+00  0.000000E+00
  4.175041E+01  0.000000E+00  0.000000E+00
  4.226394E+01  0.000000E+00  0.000000E+00
  4.278379E+01  0.000000E+00  0.000000E+00
  4.331003E+01  0.000000E+00  0.000000E+00
  4.384274E+01  0.000000E+00  0.000000E+00
  4.438200E+01  0.000000E+00  0.000000E+00
  4.492790E+01  0.000000E+00  0.000000E+00
  4.548052E+01  0.000000E+00  0.000000E+00
  4.603993E+01  0.000000E+00  0.000000E+00
  4.660622E+01  0.000000E+00  0.000000E+00
  4.717947E+01  0.000000E+00  0.000000E+00
  4.775978E+01  0.000000E+00  0.000000E+00
  4.834723E+01  0.000000E+00  0.000000E+00
  4.894190E+01  0.000000E+00  0.000000E+00
  4.954388E+01  0.000000E+00  0.000000E+00
  5.015327E+01  0.000000E+00  0.000000E+00
  5.077016E+01  0.000000E+00  0.000000E+00
  5.139463E+01  0.000000E+00  0.000000E+00
  5.202679E+01  0.000000E+00  0.000000E+00
  5.266672E+01  0.000000E+00  0.000000E+00
  5.331452E+01  0.000000E+00  0.000000E+00
  5.397028E+01  0.000000E+00  0.000000E+00
  5.463412E+01  0.000000E+00  0.000000E+00
  5.530612E+01  0.000000E+00  0.000000E+00
  5.598638E+01  0.000000E+00  0.000000E+00
  5.667502E+01  0.000000E+00  0.000000E+00
  5.737212E+01  0.000000E+00  0.000000E+00
  5.807780E+01  0.000000E+00  0.000000E+00
  5.879215E+01  0.000000E+00  0.000000E+00
  5.951530E+01  0.000000E+00  0.000000E+00
  6.024733E+01  0.000000E+00  0.000000E+00
  6.098838E+01  0.000000E+00  0.000000E+00
  6.173853E+01  0.000000E+00  0.000000E+00
  6.249792E+01  0.000000E+00  0.000000E+00
  6.326664E+01  0.000000E+00  0.000000E+00
  6.404482E+01  0.000000E+00  0.000000E+00
  6.483257E+01  0.000000E+00  0.000000E+00
  6.563001E+01  0.000000E+00  0.000000E+00
  6.643726E+01  0.000000E+00  0.000000E+00
  6.725444E+01  0.000000E+00  0.000000E+00
  6.808167E+01  0.000000E+00  0.000000E+00
  6.891908E+01  0.000000E+00  0.000000E+00
  6.976678E+01  0.000000E+00  0.000000E+00
  7.062491E+01  0.000000E+00  0.000000E+00
  7.149360E+01  0.000000E+00  0.000000E+00
  7.237297E+01  0.000000E+00  0.000000E+00
  7.326316E+01  0.000000E+00  0.000000E+00
  7.416429E+01  0.000000E+00  0.000000E+00
  7.507651E+01  0.000000E+00  0.000000E+00
  7.599996E+01  0.000000E+00  0.000000E+00
  7.693476E+01  0.000000E+00  0.000000E+00
  7.788105E+01  0.000000E+00  0.000000E+00
  7.883899E+01  0.000000E+00  0.000000E+00
