  2.314815E-04  1.785433E-08  4.537311E-06
  2.343287E-04  1.829625E-08  4.629613E-06
  2.372109E-04  1.874910E-08  4.723789E-06
  2.401286E-04  1.921317E-08  4.819877E-06
  2.430822E-04  1.968872E-08  4.918024E-06
  2.460721E-04  2.017604E-08  5.018506E-06
  2.490988E-04  2.067542E-08  5.121312E-06
  2.521627E-04  2.118717E-08  5.226504E-06
  2.552643E-04  2.171158E-08  5.334132E-06
  2.584041E-04  2.224897E-08  5.444249E-06
  2.615825E-04  2.279966E-08  5.556908E-06
  2.647999E-04  2.336398E-08  5.672164E-06
  2.680570E-04  2.394227E-08  5.790072E-06
  2.713541E-04  2.453487E-08  5.910690E-06
  2.746917E-04  2.514214E-08  6.034077E-06
  2.780704E-04  2.576444E-08  6.160292E-06
  2.814907E-04  2.640214E-08  6.289397E-06
  2.849530E-04  2.705563E-08  6.421455E-06
  2.884580E-04  2.772529E-08  6.556530E-06
  2.920060E-04  2.841153E-08  6.694687E-06
  2.955977E-04  2.911475E-08  6.835995E-06
  2.992335E-04  2.983538E-08  6.980522E-06
  3.029141E-04  3.057384E-08  7.128338E-06
  3.066399E-04  3.133059E-08  7.279517E-06
  3.104116E-04  3.210606E-08  7.434131E-06
  3.142297E-04  3.290072E-08  7.592256E-06
  3.180947E-04  3.371506E-08  7.753971E-06
  3.220072E-04  3.454955E-08  7.919353E-06
  3.259679E-04  3.540470E-08  8.088485E-06
  3.299773E-04  3.628101E-08  8.261449E-06
  3.340361E-04  3.717901E-08  8.438329E-06
  3.381447E-04  3.809924E-08  8.619213E-06
  3.423039E-04  3.904225E-08  8.804190E-06
  3.465142E-04  4.000859E-08  8.993350E-06
  3.507764E-04  4.099886E-08  9.186787E-06
  3.550909E-04  4.201363E-08  9.384596E-06
  3.594585E-04  4.305352E-08  9.586874E-06
  3.638799E-04  4.411915E-08  9.793722E-06
  3.683556E-04  4.521116E-08  1.000524E-05
  3.728864E-04  4.633020E-08  1.022153E-05
  3.774729E-04  4.747693E-08  1.044271E-05
  3.821158E-04  4.865204E-08  1.066888E-05
  3.868158E-04  4.985625E-08  1.090015E-05
  3.915736E-04  5.109025E-08  1.113664E-05
  3.963900E-04  5.235480E-08  1.137846E-05
  4.012656E-04  5.365065E-08  1.162574E-05
  4.062011E-04  5.497858E-08  1.187860E-05
  4.111974E-04  5.633937E-08  1.213716E-05
  4.162552E-04  5.773384E-08  1.240156E-05
  4.213751E-04  5.916283E-08  1.267191E-05
  4.265580E-04  6.062718E-08  1.294837E-05
  4.318047E-04  6.212779E-08  1.323106E-05
  4.371159E-04  6.366553E-08  1.352012E-05
  4.424924E-04  6.524133E-08  1.381571E-05
  4.479350E-04  6.685614E-08  1.411796E-05
  4.534446E-04  6.851092E-08  1.442704E-05
  4.590220E-04  7.020665E-08  1.474308E-05
  4.646680E-04  7.194436E-08  1.506626E-05
  4.703834E-04  7.372508E-08  1.539673E-05
  4.761691E-04  7.554987E-08  1.573466E-05
  4.820260E-04  7.741983E-08  1.608022E-05
  4.879549E-04  7.933607E-08  1.643358E-05
  4.939568E-04  8.129974E-08  1.679491E-05
  5.000324E-04  8.331202E-08  1.716441E-05
  5.061828E-04  8.537410E-08  1.754225E-05
  5.124089E-04  8.748722E-08  1.792862E-05
  5.187115E-04  8.965264E-08  1.832373E-05
  5.250917E-04  9.187166E-08  1.872777E-05
  5.315503E-04  9.414561E-08  1.914093E-05
  5.380884E-04  9.647583E-08  1.956344E-05
  5.447068E-04  9.886374E-08  1.999550E-05
  5.514067E-04  1.013107E-07  2.043734E-05
  5.581890E-04  1.038183E-07  2.088917E-05
  5.650548E-04  1.063880E-07  2.135122E-05
  5.720049E-04  1.090212E-07  2.182374E-05
  5.790406E-04  1.117196E-07  2.230694E-05
  5.861628E-04  1.144848E-07  2.280109E-05
  5.933726E-04  1.173185E-07  2.330644E-05
  6.006711E-04  1.202223E-07  2.382323E-05
  6.080593E-04  1.231979E-07  2.435173E-05
  6.155385E-04  1.262472E-07  2.489222E-05
  6.231096E-04  1.293720E-07  2.544496E-05
  6.307738E-04  1.325741E-07  2.601023E-05
  6.385324E-04  1.358555E-07  2.658833E-05
  6.463863E-04  1.392181E-07  2.717954E-05
  6.543369E-04  1.426640E-07  2.778418E-05
  6.623852E-04  1.461951E-07  2.840255E-05
  6.705325E-04  1.498136E-07  2.903495E-05
  6.787801E-04  1.535217E-07  2.968173E-05
  6.871291E-04  1.573216E-07  3.034320E-05
  6.955808E-04  1.612155E-07  3.101971E-05
  7.041364E-04  1.652058E-07  3.171161E-05
  7.127973E-04  1.692948E-07  3.241924E-05
  7.215647E-04  1.734851E-07  3.314297E-05
  7.304399E-04  1.777791E-07  3.388317E-05
  7.394244E-04  1.821794E-07  3.464022E-05
  7.485193E-04  1.866886E-07  3.541451E-05
  7.577261E-04  1.913093E-07  3.620644E-05
  7.670461E-04  1.960445E-07  3.701641E-05
  7.764808E-04  2.008969E-07  3.784484E-05
  7.860315E-04  2.058693E-07  3.869217E-05
  7.956997E-04  2.109649E-07  3.955881E-05
  8.054868E-04  2.161865E-07  4.044523E-05
  8.153943E-04  2.215374E-07  4.135187E-05
  8.254236E-04  2.270208E-07  4.227922E-05
  8.355763E-04  2.326399E-07  4.322773E-05
  8.458539E-04  2.383980E-07  4.419791E-05
  8.562579E-04  2.442987E-07  4.519026E-05
  8.667899E-04  2.503454E-07  4.620529E-05
  8.774514E-04  2.565418E-07  4.724352E-05
  8.882440E-04  2.628916E-07  4.830550E-05
  8.991695E-04  2.693985E-07  4.939176E-05
  9.102292E-04  2.760664E-07  5.050289E-05
  9.214251E-04  2.828995E-07  5.163945E-05
  9.327586E-04  2.899016E-07  5.280203E-05
  9.442315E-04  2.970771E-07  5.399123E-05
  9.558456E-04  3.044301E-07  5.520768E-05
  9.676025E-04  3.119652E-07  5.645200E-05
  9.795040E-04  3.196868E-07  5.772485E-05
  9.915519E-04  3.275994E-07  5.902689E-05
  1.003748E-03  3.357080E-07  6.035878E-05
  1.016094E-03  3.440172E-07  6.172123E-05
  1.028592E-03  3.525321E-07  6.311495E-05
  1.041244E-03  3.612578E-07  6.454067E-05
  1.054051E-03  3.701994E-07  6.599912E-05
  1.067016E-03  3.793623E-07  6.749106E-05
  1.080140E-03  3.887521E-07  6.901729E-05
  1.093426E-03  3.983742E-07  7.057859E-05
  1.106875E-03  4.082345E-07  7.217578E-05
  1.120490E-03  4.183389E-07  7.380969E-05
  1.134272E-03  4.286934E-07  7.548118E-05
  1.148223E-03  4.393041E-07  7.719112E-05
  1.162346E-03  4.501775E-07  7.894042E-05
  1.176643E-03  4.613200E-07  8.072997E-05
  1.191116E-03  4.727384E-07  8.256073E-05
  1.205767E-03  4.844393E-07  8.443365E-05
  1.220597E-03  4.964298E-07  8.634971E-05
  1.235611E-03  5.087172E-07  8.830992E-05
  1.250809E-03  5.213086E-07  9.031531E-05
  1.266194E-03  5.342118E-07  9.236692E-05
  1.281768E-03  5.474343E-07  9.446583E-05
  1.297534E-03  5.609840E-07  9.661316E-05
  1.313493E-03  5.748692E-07  9.881002E-05
  1.329649E-03  5.890980E-07  1.010576E-04
  1.346004E-03  6.036790E-07  1.033570E-04
  1.362560E-03  6.186210E-07  1.057095E-04
  1.379319E-03  6.339327E-07  1.081163E-04
  1.396285E-03  6.496235E-07  1.105787E-04
  1.413459E-03  6.657026E-07  1.130980E-04
  1.430845E-03  6.821797E-07  1.156754E-04
  1.448444E-03  6.990646E-07  1.183125E-04
  1.466260E-03  7.163675E-07  1.210104E-04
  1.484295E-03  7.340986E-07  1.237708E-04
  1.502552E-03  7.522686E-07  1.265950E-04
  1.521033E-03  7.708884E-07  1.294845E-04
  1.539742E-03  7.899690E-07  1.324408E-04
  1.558681E-03  8.095219E-07  1.354655E-04
  1.577853E-03  8.295588E-07  1.385602E-04
  1.597260E-03  8.500916E-07  1.417265E-04
  1.616907E-03  8.711326E-07  1.449661E-04
  1.636794E-03  8.926945E-07  1.482808E-04
  1.656927E-03  9.147900E-07  1.516721E-04
  1.677307E-03  9.374324E-07  1.551420E-04
  1.697938E-03  9.606353E-07  1.586922E-04
  1.718823E-03  9.844125E-07  1.623247E-04
  1.739964E-03  1.008778E-06  1.660414E-04
  1.761366E-03  1.033747E-06  1.698442E-04
  1.783031E-03  1.059334E-06  1.737350E-04
  1.804962E-03  1.085554E-06  1.777161E-04
  1.827163E-03  1.112423E-06  1.817895E-04
  1.849637E-03  1.139957E-06  1.859572E-04
  1.872388E-03  1.168173E-06  1.902216E-04
  1.895418E-03  1.197087E-06  1.945849E-04
  1.918732E-03  1.226717E-06  1.990494E-04
  1.942332E-03  1.257080E-06  2.036174E-04
  1.966223E-03  1.288195E-06  2.082913E-04
  1.990407E-03  1.320080E-06  2.130737E-04
  2.014889E-03  1.352754E-06  2.179670E-04
  2.039672E-03  1.386237E-06  2.229738E-04
  2.064760E-03  1.420548E-06  2.280968E-04
  2.090157E-03  1.455709E-06  2.333387E-04
  2.115866E-03  1.491740E-06  2.387022E-04
  2.141891E-03  1.528663E-06  2.441901E-04
  2.168236E-03  1.566500E-06  2.498054E-04
  2.194906E-03  1.605274E-06  2.555511E-04
  2.221903E-03  1.645007E-06  2.614300E-04
  2.249232E-03  1.685723E-06  2.674455E-04
  2.276898E-03  1.727448E-06  2.736005E-04
  2.304904E-03  1.770205E-06  2.798984E-04
  2.333254E-03  1.814021E-06  2.863425E-04
  2.361953E-03  1.858921E-06  2.929361E-04
  2.391005E-03  1.904932E-06  2.996828E-04
  2.420414E-03  1.952083E-06  3.065861E-04
  2.450185E-03  2.000400E-06  3.136496E-04
  2.480323E-03  2.049914E-06  3.208771E-04
  2.510831E-03  2.100653E-06  3.282723E-04
  2.541714E-03  2.152648E-06  3.358391E-04
  2.572977E-03  2.205929E-06  3.435816E-04
  2.604625E-03  2.260530E-06  3.515037E-04
  2.636662E-03  2.316482E-06  3.596097E-04
  2.669092E-03  2.373820E-06  3.679037E-04
  2.701922E-03  2.432576E-06  3.763902E-04
  2.735156E-03  2.492787E-06  3.850737E-04
  2.768798E-03  2.554488E-06  3.939586E-04
  2.802855E-03  2.617716E-06  4.030496E-04
  2.837330E-03  2.682510E-06  4.123514E-04
  2.872229E-03  2.748907E-06  4.218691E-04
  2.907557E-03  2.816948E-06  4.316074E-04
  2.943320E-03  2.886673E-06  4.415716E-04
  2.979523E-03  2.958124E-06  4.517668E-04
  3.016171E-03  3.031343E-06  4.621984E-04
  3.053270E-03  3.106375E-06  4.728718E-04
  3.090825E-03  3.183264E-06  4.837925E-04
  3.128842E-03  3.262056E-06  4.949664E-04
  3.167327E-03  3.342799E-06  5.063992E-04
  3.206285E-03  3.425540E-06  5.180968E-04
  3.245723E-03  3.510329E-06  5.300654E-04
  3.285645E-03  3.597217E-06  5.423111E-04
  3.326059E-03  3.686256E-06  5.548405E-04
  3.366969E-03  3.777499E-06  5.676598E-04
  3.408383E-03  3.871000E-06  5.807759E-04
  3.450306E-03  3.966816E-06  5.941956E-04
  3.492745E-03  4.065004E-06  6.079257E-04
  3.535705E-03  4.165621E-06  6.219734E-04
  3.579195E-03  4.268730E-06  6.363460E-04
  3.623219E-03  4.374391E-06  6.510509E-04
  3.667784E-03  4.482667E-06  6.660957E-04
  3.712898E-03  4.593624E-06  6.814881E-04
  3.758567E-03  4.707327E-06  6.972362E-04
  3.804797E-03  4.823844E-06  7.133480E-04
  3.851596E-03  4.943246E-06  7.298318E-04
  3.898971E-03  5.065604E-06  7.466962E-04
  3.946928E-03  5.190990E-06  7.639497E-04
  3.995475E-03  5.319480E-06  7.816013E-04
  4.044620E-03  5.451151E-06  7.996600E-04
  4.094368E-03  5.586081E-06  8.181350E-04
  4.144729E-03  5.724351E-06  8.370358E-04
  4.195709E-03  5.866043E-06  8.563721E-04
  4.247316E-03  6.011244E-06  8.761538E-04
  4.299558E-03  6.160038E-06  8.963909E-04
  4.352443E-03  6.312516E-06  9.170938E-04
  4.405978E-03  6.468768E-06  9.382729E-04
  4.460172E-03  6.628888E-06  9.599392E-04
  4.515032E-03  6.792972E-06  9.821035E-04
  4.570567E-03  6.961118E-06  1.004777E-03
  4.626785E-03  7.133426E-06  1.027972E-03
  4.683694E-03  7.309999E-06  1.051699E-03
  4.741303E-03  7.490944E-06  1.075970E-03
  4.799622E-03  7.676367E-06  1.100798E-03
  4.858657E-03  7.866381E-06  1.126196E-03
  4.918418E-03  8.061099E-06  1.152176E-03
  4.978915E-03  8.260637E-06  1.178750E-03
  5.040156E-03  8.465114E-06  1.205934E-03
  5.102149E-03  8.674654E-06  1.233739E-03
  5.164906E-03  8.889380E-06  1.262180E-03
  5.228434E-03  9.109422E-06  1.291272E-03
  5.292744E-03  9.334912E-06  1.321028E-03
  5.357845E-03  9.565984E-06  1.351464E-03
  5.423746E-03  9.802776E-06  1.382595E-03
  5.490458E-03  1.004543E-05  1.414435E-03
  5.557991E-03  1.029409E-05  1.447002E-03
  5.626354E-03  1.054891E-05  1.480310E-03
  5.695558E-03  1.081003E-05  1.514377E-03
  5.765614E-03  1.107762E-05  1.549220E-03
  5.836531E-03  1.135184E-05  1.584855E-03
  5.908320E-03  1.163284E-05  1.621299E-03
  5.980992E-03  1.192080E-05  1.658572E-03
  6.054559E-03  1.221589E-05  1.696690E-03
  6.129030E-03  1.251828E-05  1.735673E-03
  6.204417E-03  1.282816E-05  1.775540E-03
  6.280731E-03  1.314572E-05  1.816310E-03
  6.357984E-03  1.347113E-05  1.858003E-03
  6.436187E-03  1.380460E-05  1.900639E-03
  6.515352E-03  1.414633E-05  1.944238E-03
  6.595491E-03  1.449651E-05  1.988822E-03
  6.676616E-03  1.485537E-05  2.034413E-03
  6.758738E-03  1.522311E-05  2.081031E-03
  6.841871E-03  1.559996E-05  2.128700E-03
  6.926026E-03  1.598614E-05  2.177442E-03
  7.011216E-03  1.638187E-05  2.227281E-03
  7.097454E-03  1.678741E-05  2.278240E-03
  7.184752E-03  1.720299E-05  2.330344E-03
  7.273125E-03  1.762885E-05  2.383616E-03
  7.362584E-03  1.806526E-05  2.438083E-03
  7.453144E-03  1.851248E-05  2.493770E-03
  7.544818E-03  1.897077E-05  2.550703E-03
  7.637619E-03  1.944041E-05  2.608909E-03
  7.731562E-03  1.992167E-05  2.668415E-03
  7.826660E-03  2.041485E-05  2.729248E-03
  7.922928E-03  2.092024E-05  2.791438E-03
  8.020380E-03  2.143815E-05  2.855013E-03
  8.119031E-03  2.196888E-05  2.920003E-03
  8.218895E-03  2.251275E-05  2.986437E-03
  8.319987E-03  2.307009E-05  3.054345E-03
  8.422323E-03  2.364124E-05  3.123760E-03
  8.525917E-03  2.422652E-05  3.194713E-03
  8.630786E-03  2.482630E-05  3.267236E-03
  8.736945E-03  2.544093E-05  3.341362E-03
  8.844409E-03  2.607078E-05  3.417125E-03
  8.953196E-03  2.671622E-05  3.494559E-03
  9.063320E-03  2.737766E-05  3.573698E-03
  9.174799E-03  2.805547E-05  3.654579E-03
  9.287649E-03  2.875006E-05  3.737237E-03
  9.401887E-03  2.946186E-05  3.821709E-03
  9.517530E-03  3.019129E-05  3.908033E-03
  9.634596E-03  3.093878E-05  3.996247E-03
  9.753101E-03  3.170478E-05  4.086390E-03
  9.873064E-03  3.248976E-05  4.178501E-03
  9.994503E-03  3.329417E-05  4.272621E-03
  1.011744E-02  3.411851E-05  4.368791E-03
  1.024188E-02  3.496327E-05  4.467052E-03
  1.036785E-02  3.582895E-05  4.567446E-03
  1.049538E-02  3.671607E-05  4.670018E-03
  1.062447E-02  3.762516E-05  4.774811E-03
  1.075515E-02  3.855677E-05  4.881870E-03
  1.088744E-02  3.951146E-05  4.991241E-03
  1.102136E-02  4.048979E-05  5.102968E-03
  1.115692E-02  4.149236E-05  5.217101E-03
  1.129415E-02  4.251977E-05  5.333687E-03
  1.143307E-02  4.357262E-05  5.452774E-03
  1.157370E-02  4.465156E-05  5.574411E-03
  1.171605E-02  4.575722E-05  5.698651E-03
  1.186016E-02  4.689027E-05  5.825542E-03
  1.200604E-02  4.805140E-05  5.955138E-03
  1.215371E-02  4.924129E-05  6.087492E-03
  1.230320E-02  5.046066E-05  6.222656E-03
  1.245453E-02  5.171025E-05  6.360686E-03
  1.260772E-02  5.299079E-05  6.501637E-03
  1.276280E-02  5.430306E-05  6.645566E-03
  1.291978E-02  5.564784E-05  6.792529E-03
  1.307870E-02  5.702595E-05  6.942585E-03
  1.323956E-02  5.843820E-05  7.095793E-03
  1.340241E-02  5.988545E-05  7.252212E-03
  1.356726E-02  6.136857E-05  7.411903E-03
  1.373414E-02  6.288843E-05  7.574928E-03
  1.390307E-02  6.444597E-05  7.741350E-03
  1.407407E-02  6.604210E-05  7.911232E-03
  1.424719E-02  6.767779E-05  8.084638E-03
  1.442243E-02  6.935402E-05  8.261634E-03
  1.459982E-02  7.107179E-05  8.442287E-03
  1.477940E-02  7.283215E-05  8.626662E-03
  1.496119E-02  7.463613E-05  8.814828E-03
  1.514521E-02  7.648483E-05  9.006855E-03
  1.533149E-02  7.837936E-05  9.202812E-03
  1.552007E-02  8.032086E-05  9.402770E-03
  1.571097E-02  8.231049E-05  9.606801E-03
  1.590421E-02  8.434944E-05  9.814977E-03
  1.609984E-02  8.643895E-05  1.002737E-02
  1.629786E-02  8.858026E-05  1.024406E-02
  1.649833E-02  9.077466E-05  1.046512E-02
  1.670126E-02  9.302348E-05  1.069062E-02
  1.690668E-02  9.532807E-05  1.092065E-02
  1.711463E-02  9.768980E-05  1.115528E-02
  1.732514E-02  1.001101E-04  1.139458E-02
  1.753824E-02  1.025904E-04  1.163865E-02
  1.775396E-02  1.051323E-04  1.188756E-02
  1.797234E-02  1.077372E-04  1.214138E-02
  1.819340E-02  1.104067E-04  1.240022E-02
  1.841718E-02  1.131424E-04  1.266414E-02
  1.864371E-02  1.159460E-04  1.293323E-02
  1.887303E-02  1.188192E-04  1.320757E-02
  1.910516E-02  1.217636E-04  1.348726E-02
  1.934016E-02  1.247811E-04  1.377238E-02
  1.957804E-02  1.278735E-04  1.406302E-02
  1.981885E-02  1.310426E-04  1.435925E-02
  2.006262E-02  1.342903E-04  1.466118E-02
  2.030939E-02  1.376187E-04  1.496889E-02
  2.055920E-02  1.410297E-04  1.528247E-02
  2.081208E-02  1.445253E-04  1.560202E-02
  2.106807E-02  1.481077E-04  1.592761E-02
  2.132720E-02  1.517791E-04  1.625935E-02
  2.158953E-02  1.555416E-04  1.659732E-02
  2.185508E-02  1.593975E-04  1.694163E-02
  2.212390E-02  1.633492E-04  1.729235E-02
  2.239602E-02  1.673990E-04  1.764960E-02
  2.267149E-02  1.715494E-04  1.801345E-02
  2.295035E-02  1.758028E-04  1.838400E-02
  2.323264E-02  1.801620E-04  1.876135E-02
  2.351840E-02  1.846294E-04  1.914560E-02
  2.380768E-02  1.892078E-04  1.953683E-02
  2.410051E-02  1.939000E-04  1.993515E-02
  2.439695E-02  1.987087E-04  2.034064E-02
  2.469703E-02  2.036370E-04  2.075341E-02
  2.500080E-02  2.086878E-04  2.117355E-02
  2.530831E-02  2.138641E-04  2.160115E-02
  2.561961E-02  2.191691E-04  2.203631E-02
  2.593473E-02  2.246060E-04  2.247913E-02
  2.625372E-02  2.301781E-04  2.292969E-02
  2.657664E-02  2.358887E-04  2.338809E-02
  2.690354E-02  2.417414E-04  2.385443E-02
  2.723445E-02  2.477397E-04  2.432880E-02
  2.756943E-02  2.538872E-04  2.481129E-02
  2.790854E-02  2.601876E-04  2.530200E-02
  2.825181E-02  2.666448E-04  2.580101E-02
  2.859931E-02  2.732627E-04  2.630842E-02
  2.895108E-02  2.800453E-04  2.682431E-02
  2.930718E-02  2.869968E-04  2.734877E-02
  2.966766E-02  2.941213E-04  2.788189E-02
  3.003257E-02  3.014233E-04  2.842376E-02
  3.040197E-02  3.089071E-04  2.897446E-02
  3.077592E-02  3.165773E-04  2.953408E-02
  3.115446E-02  3.244386E-04  3.010268E-02
  3.153766E-02  3.324957E-04  3.068037E-02
  3.192557E-02  3.407537E-04  3.126721E-02
  3.231826E-02  3.492174E-04  3.186327E-02
  3.271577E-02  3.578922E-04  3.246864E-02
  3.311818E-02  3.667832E-04  3.308338E-02
  3.352553E-02  3.758960E-04  3.370757E-02
  3.393789E-02  3.852360E-04  3.434127E-02
  3.435533E-02  3.948090E-04  3.498454E-02
  3.477790E-02  4.046209E-04  3.563745E-02
  3.520567E-02  4.146777E-04  3.630005E-02
  3.563870E-02  4.249854E-04  3.697241E-02
  3.607705E-02  4.355506E-04  3.765456E-02
  3.652080E-02  4.463795E-04  3.834656E-02
  3.697001E-02  4.574789E-04  3.904846E-02
  3.742474E-02  4.688556E-04  3.976029E-02
  3.788506E-02  4.805165E-04  4.048210E-02
  3.835105E-02  4.924689E-04  4.121391E-02
  3.882277E-02  5.047201E-04  4.195576E-02
  3.930029E-02  5.172776E-04  4.270766E-02
  3.978368E-02  5.301491E-04  4.346964E-02
  4.027302E-02  5.433427E-04  4.424170E-02
  4.076838E-02  5.568664E-04  4.502387E-02
  4.126983E-02  5.707286E-04  4.581614E-02
  4.177745E-02  5.849379E-04  4.661850E-02
  4.229131E-02  5.995030E-04  4.743096E-02
  4.281149E-02  6.144329E-04  4.825350E-02
  4.333808E-02  6.297369E-04  4.908609E-02
  4.387113E-02  6.454245E-04  4.992871E-02
  4.441075E-02  6.615054E-04  5.078132E-02
  4.495700E-02  6.779896E-04  5.164389E-02
  4.550997E-02  6.948873E-04  5.251636E-02
  4.606975E-02  7.122090E-04  5.339868E-02
  4.663640E-02  7.299655E-04  5.429078E-02
  4.721003E-02  7.481679E-04  5.519260E-02
  4.779071E-02  7.668275E-04  5.610404E-02
  4.837854E-02  7.859560E-04  5.702503E-02
  4.897360E-02  8.055652E-04  5.795546E-02
  4.957597E-02  8.256676E-04  5.889523E-02
  5.018576E-02  8.462755E-04  5.984422E-02
  5.080304E-02  8.674021E-04  6.080230E-02
  5.142792E-02  8.890604E-04  6.176933E-02
  5.206048E-02  9.112642E-04  6.274517E-02
  5.270083E-02  9.340273E-04  6.372967E-02
  5.334905E-02  9.573640E-04  6.472264E-02
  5.400524E-02  9.812892E-04  6.572391E-02
  5.466950E-02  1.005818E-03  6.673329E-02
  5.534194E-02  1.030965E-03  6.775058E-02
  5.602264E-02  1.056748E-03  6.877556E-02
  5.671172E-02  1.083182E-03  6.980800E-02
  5.740928E-02  1.110283E-03  7.084765E-02
  5.811541E-02  1.138070E-03  7.189428E-02
  5.883023E-02  1.166559E-03  7.294759E-02
  5.955384E-02  1.195770E-03  7.400733E-02
  6.028635E-02  1.225720E-03  7.507318E-02
  6.102788E-02  1.256428E-03  7.614485E-02
  6.177852E-02  1.287915E-03  7.722200E-02
  6.253839E-02  1.320200E-03  7.830429E-02
  6.330762E-02  1.353304E-03  7.939138E-02
  6.408630E-02  1.387249E-03  8.048289E-02
  6.487456E-02  1.422056E-03  8.157843E-02
  6.567252E-02  1.457747E-03  8.267761E-02
  6.648029E-02  1.494346E-03  8.378000E-02
  6.729800E-02  1.531877E-03  8.488516E-02
  6.812576E-02  1.570362E-03  8.599266E-02
  6.896371E-02  1.609829E-03  8.710200E-02
  6.981196E-02  1.650301E-03  8.821272E-02
  7.067065E-02  1.691806E-03  8.932431E-02
  7.153990E-02  1.734370E-03  9.043624E-02
  7.241984E-02  1.778022E-03  9.154796E-02
  7.331061E-02  1.822789E-03  9.265893E-02
  7.421233E-02  1.868702E-03  9.376857E-02
  7.512514E-02  1.915790E-03  9.487627E-02
  7.604918E-02  1.964084E-03  9.598143E-02
  7.698458E-02  2.013616E-03  9.708340E-02
  7.793149E-02  2.064420E-03  9.818154E-02
  7.889005E-02  2.116528E-03  9.927516E-02
  7.986040E-02  2.169975E-03  1.003636E-01
  8.084268E-02  2.224796E-03  1.014461E-01
  8.183705E-02  2.281029E-03  1.025219E-01
  8.284364E-02  2.338711E-03  1.035904E-01
  8.386262E-02  2.397881E-03  1.046507E-01
  8.489413E-02  2.458577E-03  1.057019E-01
  8.593833E-02  2.520841E-03  1.067435E-01
  8.699537E-02  2.584716E-03  1.077743E-01
  8.806541E-02  2.650244E-03  1.087937E-01
  8.914861E-02  2.717469E-03  1.098008E-01
  9.024514E-02  2.786438E-03  1.107946E-01
  9.135516E-02  2.857197E-03  1.117742E-01
  9.247883E-02  2.929795E-03  1.127388E-01
  9.361632E-02  3.004281E-03  1.136872E-01
  9.476780E-02  3.080707E-03  1.146186E-01
  9.593344E-02  3.159126E-03  1.155320E-01
  9.711342E-02  3.239591E-03  1.164263E-01
  9.830792E-02  3.322158E-03  1.173006E-01
  9.951710E-02  3.406885E-03  1.181536E-01
  1.007412E-01  3.493831E-03  1.189844E-01
  1.019803E-01  3.583057E-03  1.197919E-01
  1.032346E-01  3.674624E-03  1.205749E-01
  1.045044E-01  3.768598E-03  1.213324E-01
  1.057898E-01  3.865046E-03  1.220631E-01
  1.070910E-01  3.964034E-03  1.227659E-01
  1.084083E-01  4.065634E-03  1.234396E-01
  1.097417E-01  4.169918E-03  1.240830E-01
  1.110915E-01  4.276960E-03  1.246950E-01
  1.124579E-01  4.386838E-03  1.252741E-01
  1.138412E-01  4.499630E-03  1.258193E-01
  1.152414E-01  4.615418E-03  1.263292E-01
  1.166589E-01  4.734286E-03  1.268026E-01
  1.180938E-01  4.856320E-03  1.272381E-01
  1.195463E-01  4.981609E-03  1.276346E-01
  1.210168E-01  5.110246E-03  1.279907E-01
  1.225053E-01  5.242324E-03  1.283050E-01
  1.240121E-01  5.377940E-03  1.285763E-01
  1.255374E-01  5.517196E-03  1.288032E-01
  1.270815E-01  5.660195E-03  1.289844E-01
  1.286446E-01  5.807044E-03  1.291186E-01
  1.302270E-01  5.957851E-03  1.292044E-01
  1.318288E-01  6.112732E-03  1.292405E-01
  1.334503E-01  6.271801E-03  1.292256E-01
  1.350917E-01  6.435180E-03  1.291583E-01
  1.367533E-01  6.602993E-03  1.290373E-01
  1.384354E-01  6.775367E-03  1.288612E-01
  1.401381E-01  6.952435E-03  1.286288E-01
  1.418618E-01  7.134332E-03  1.283387E-01
  1.436067E-01  7.321199E-03  1.279896E-01
  1.453731E-01  7.513180E-03  1.275802E-01
  1.471612E-01  7.710424E-03  1.271093E-01
  1.489713E-01  7.913084E-03  1.265756E-01
  1.508036E-01  8.121320E-03  1.259779E-01
  1.526585E-01  8.335295E-03  1.253149E-01
  1.545362E-01  8.555177E-03  1.245854E-01
  1.564370E-01  8.781139E-03  1.237882E-01
  1.583612E-01  9.013362E-03  1.229222E-01
  1.603090E-01  9.252029E-03  1.219862E-01
  1.622808E-01  9.497332E-03  1.209792E-01
  1.642769E-01  9.749467E-03  1.199001E-01
  1.662975E-01  1.000864E-02  1.187478E-01
  1.683429E-01  1.027505E-02  1.175214E-01
  1.704136E-01  1.054892E-02  1.162198E-01
  1.725096E-01  1.083047E-02  1.148423E-01
  1.746315E-01  1.111994E-02  1.133878E-01
  1.767795E-01  1.141754E-02  1.118556E-01
  1.789539E-01  1.172354E-02  1.102448E-01
  1.811550E-01  1.203818E-02  1.085548E-01
  1.833832E-01  1.236172E-02  1.067849E-01
  1.856388E-01  1.269442E-02  1.049344E-01
  1.879222E-01  1.303656E-02  1.030027E-01
  1.902336E-01  1.338843E-02  1.009894E-01
  1.925735E-01  1.375031E-02  9.889409E-02
  1.949422E-01  1.412250E-02  9.671627E-02
  1.973399E-01  1.450532E-02  9.445567E-02
  1.997672E-01  1.489908E-02  9.211206E-02
  2.022244E-01  1.530411E-02  8.968525E-02
  2.047117E-01  1.572074E-02  8.717516E-02
  2.072297E-01  1.614933E-02  8.458176E-02
  2.097786E-01  1.659023E-02  8.190512E-02
  2.123589E-01  1.704381E-02  7.914537E-02
  2.149709E-01  1.751045E-02  7.630275E-02
  2.176150E-01  1.799053E-02  7.337757E-02
  2.202917E-01  1.848446E-02  7.037023E-02
  2.230013E-01  1.899263E-02  6.728123E-02
  2.257442E-01  1.951548E-02  6.411115E-02
  2.285209E-01  2.005344E-02  6.086068E-02
  2.313317E-01  2.060694E-02  5.753058E-02
  2.341770E-01  2.117644E-02  5.412175E-02
  2.370574E-01  2.176241E-02  5.063516E-02
  2.399732E-01  2.236532E-02  4.707189E-02
  2.429249E-01  2.298566E-02  4.343313E-02
  2.459129E-01  2.362392E-02  3.972017E-02
  2.489376E-01  2.428063E-02  3.593441E-02
  2.519995E-01  2.495629E-02  3.207735E-02
  2.550991E-01  2.565143E-02  2.815062E-02
  2.582368E-01  2.636661E-02  2.415595E-02
  2.614132E-01  2.710237E-02  2.009517E-02
  2.646285E-01  2.785926E-02  1.597023E-02
  2.678835E-01  2.863787E-02  1.178321E-02
  2.711784E-01  2.943877E-02  7.536281E-03
  2.745139E-01  3.026253E-02  3.231736E-03
  2.778905E-01  3.110977E-02 -1.128016E-03
  2.813085E-01  3.198107E-02 -5.540455E-03
  2.847686E-01  3.287704E-02 -1.000295E-02
  2.882713E-01  3.379829E-02 -1.451274E-02
  2.918170E-01  3.474543E-02 -1.906697E-02
  2.954063E-01  3.571907E-02 -2.366267E-02
  2.990398E-01  3.671983E-02 -2.829676E-02
  3.027180E-01  3.774832E-02 -3.296604E-02
  3.064415E-01  3.880514E-02 -3.766720E-02
  3.102107E-01  3.989089E-02 -4.239684E-02
  3.140263E-01  4.100618E-02 -4.715145E-02
  3.178888E-01  4.215157E-02 -5.192741E-02
  3.217988E-01  4.332764E-02 -5.672100E-02
  3.257570E-01  4.453495E-02 -6.152841E-02
  3.297638E-01  4.577402E-02 -6.634573E-02
  3.338199E-01  4.704537E-02 -7.116897E-02
  3.379259E-01  4.834947E-02 -7.599403E-02
  3.420823E-01  4.968678E-02 -8.081675E-02
  3.462900E-01  5.105771E-02 -8.563286E-02
  3.505493E-01  5.246264E-02 -9.043806E-02
  3.548611E-01  5.390189E-02 -9.522793E-02
  3.592259E-01  5.537575E-02 -9.999802E-02
  3.636443E-01  5.688442E-02 -1.047438E-01
  3.681172E-01  5.842807E-02 -1.094607E-01
  3.726450E-01  6.000678E-02 -1.141440E-01
  3.772285E-01  6.162056E-02 -1.187891E-01
  3.818685E-01  6.326934E-02 -1.233913E-01
  3.865654E-01  6.495293E-02 -1.279456E-01
  3.913202E-01  6.667106E-02 -1.324475E-01
  3.961334E-01  6.842337E-02 -1.368919E-01
  4.010059E-01  7.020934E-02 -1.412739E-01
  4.059382E-01  7.202834E-02 -1.455887E-01
  4.109313E-01  7.387960E-02 -1.498313E-01
  4.159857E-01  7.576221E-02 -1.539967E-01
  4.211024E-01  7.767509E-02 -1.580798E-01
  4.262819E-01  7.961699E-02 -1.620756E-01
  4.315252E-01  8.158648E-02 -1.659789E-01
  4.368329E-01  8.358192E-02 -1.697848E-01
  4.422060E-01  8.560151E-02 -1.734882E-01
  4.476451E-01  8.764319E-02 -1.770838E-01
  4.531512E-01  8.970469E-02 -1.805667E-01
  4.587249E-01  9.178349E-02 -1.839318E-01
  4.643672E-01  9.387685E-02 -1.871741E-01
  4.700790E-01  9.598173E-02 -1.902887E-01
  4.758609E-01  9.809484E-02 -1.932706E-01
  4.817140E-01  1.002126E-01 -1.961150E-01
  4.876391E-01  1.023312E-01 -1.988172E-01
  4.936371E-01  1.044463E-01 -2.013726E-01
  4.997088E-01  1.065537E-01 -2.037766E-01
  5.058552E-01  1.086484E-01 -2.060247E-01
  5.120772E-01  1.107253E-01 -2.081128E-01
  5.183758E-01  1.127791E-01 -2.100364E-01
  5.247518E-01  1.148041E-01 -2.117917E-01
  5.312063E-01  1.167940E-01 -2.133747E-01
  5.377401E-01  1.187426E-01 -2.147814E-01
  5.443543E-01  1.206433E-01 -2.160084E-01
  5.510499E-01  1.224889E-01 -2.170521E-01
  5.578278E-01  1.242722E-01 -2.179092E-01
  5.646890E-01  1.259857E-01 -2.185764E-01
  5.716347E-01  1.276216E-01 -2.190508E-01
  5.786658E-01  1.291718E-01 -2.193295E-01
  5.857834E-01  1.306280E-01 -2.194099E-01
  5.929886E-01  1.319819E-01 -2.192894E-01
  6.002823E-01  1.332247E-01 -2.189659E-01
  6.076658E-01  1.343479E-01 -2.184372E-01
  6.151401E-01  1.353425E-01 -2.177014E-01
  6.227063E-01  1.361997E-01 -2.167568E-01
  6.303656E-01  1.369105E-01 -2.156020E-01
  6.381191E-01  1.374661E-01 -2.142357E-01
  6.459679E-01  1.378576E-01 -2.126567E-01
  6.539134E-01  1.380763E-01 -2.108642E-01
  6.619565E-01  1.381136E-01 -2.088576E-01
  6.700986E-01  1.379610E-01 -2.066365E-01
  6.783408E-01  1.376104E-01 -2.042005E-01
  6.866844E-01  1.370540E-01 -2.015497E-01
  6.951306E-01  1.362843E-01 -1.986844E-01
  7.036807E-01  1.352942E-01 -1.956048E-01
  7.123359E-01  1.340774E-01 -1.923116E-01
  7.210977E-01  1.326279E-01 -1.888057E-01
  7.299672E-01  1.309404E-01 -1.850881E-01
  7.389458E-01  1.290106E-01 -1.811601E-01
  7.480348E-01  1.268346E-01 -1.770230E-01
  7.572356E-01  1.244097E-01 -1.726786E-01
  7.665496E-01  1.217339E-01 -1.681286E-01
  7.759782E-01  1.188062E-01 -1.633751E-01
  7.855227E-01  1.156268E-01 -1.584204E-01
  7.951847E-01  1.121964E-01 -1.532668E-01
  8.049654E-01  1.085173E-01 -1.479169E-01
  8.148665E-01  1.045924E-01 -1.423735E-01
  8.248894E-01  1.004256E-01 -1.366396E-01
  8.350355E-01  9.602214E-02 -1.307182E-01
  8.453064E-01  9.138778E-02 -1.246127E-01
  8.557037E-01  8.652934E-02 -1.183264E-01
  8.662289E-01  8.145444E-02 -1.118630E-01
  8.768835E-01  7.617142E-02 -1.052261E-01
  8.876691E-01  7.068926E-02 -9.841971E-02
  8.985875E-01  6.501749E-02 -9.144779E-02
  9.096401E-01  5.916607E-02 -8.431451E-02
  9.208287E-01  5.314524E-02 -7.702415E-02
  9.321549E-01  4.696545E-02 -6.958111E-02
  9.436204E-01  4.063715E-02 -6.198990E-02
  9.552269E-01  3.417071E-02 -5.425517E-02
  9.669762E-01  2.757622E-02 -4.638166E-02
  9.788700E-01  2.086338E-02 -3.837420E-02
  9.909101E-01  1.404134E-02 -3.023773E-02
  1.003098E+00  7.118540E-03 -2.197728E-02
  1.015436E+00  1.025937E-04 -1.359796E-02
  1.027926E+00 -6.999859E-03 -5.104958E-03
  1.040570E+00 -1.418326E-02  3.496456E-03
  1.053369E+00 -2.144327E-02  1.220095E-02
  1.066325E+00 -2.877683E-02  2.100313E-02
  1.079441E+00 -3.618225E-02  2.989755E-02
  1.092718E+00 -4.365929E-02  3.887869E-02
  1.106159E+00 -5.120917E-02  4.794101E-02
  1.119764E+00 -5.883463E-02  5.707890E-02
  1.133537E+00 -6.653988E-02  6.628674E-02
  1.147480E+00 -7.433058E-02  7.555887E-02
  1.161594E+00 -8.221384E-02  8.488958E-02
  1.175882E+00 -9.019805E-02  9.427317E-02
  1.190345E+00 -9.829284E-02  1.037039E-01
  1.204986E+00 -1.065089E-01  1.131760E-01
  1.219807E+00 -1.148579E-01  1.226838E-01
  1.234811E+00 -1.233521E-01  1.322215E-01
  1.249999E+00 -1.320044E-01  1.417833E-01
  1.265374E+00 -1.408277E-01  1.513635E-01
  1.280938E+00 -1.498351E-01  1.609562E-01
  1.296694E+00 -1.590390E-01  1.705559E-01
  1.312643E+00 -1.684513E-01  1.801567E-01
  1.328789E+00 -1.780827E-01  1.897530E-01
  1.345133E+00 -1.879423E-01  1.993390E-01
  1.361678E+00 -1.980376E-01  2.089091E-01
  1.378427E+00 -2.083731E-01  2.184577E-01
  1.395381E+00 -2.189511E-01  2.279791E-01
  1.412544E+00 -2.297700E-01  2.374678E-01
  1.429919E+00 -2.408248E-01  2.469182E-01
  1.447507E+00 -2.521058E-01  2.563249E-01
  1.465311E+00 -2.635986E-01  2.656823E-01
  1.483334E+00 -2.752832E-01  2.749851E-01
  1.501579E+00 -2.871339E-01  2.842279E-01
  1.520049E+00 -2.991189E-01  2.934053E-01
  1.538745E+00 -3.112001E-01  3.025121E-01
  1.557672E+00 -3.233331E-01  3.115430E-01
  1.576831E+00 -3.354678E-01  3.204928E-01
  1.596226E+00 -3.475487E-01  3.293564E-01
  1.615860E+00 -3.595159E-01  3.381288E-01
  1.635735E+00 -3.713059E-01  3.468049E-01
  1.655855E+00 -3.828532E-01  3.553796E-01
  1.676222E+00 -3.940915E-01  3.638482E-01
  1.696839E+00 -4.049556E-01  3.722056E-01
  1.717710E+00 -4.153827E-01  3.804470E-01
  1.738838E+00 -4.253150E-01  3.885677E-01
  1.760226E+00 -4.347011E-01  3.965629E-01
  1.781877E+00 -4.434981E-01  4.044279E-01
  1.803794E+00 -4.516736E-01  4.121579E-01
  1.825980E+00 -4.592070E-01  4.197485E-01
  1.848440E+00 -4.660908E-01  4.271948E-01
  1.871176E+00 -4.723318E-01  4.344924E-01
  1.894191E+00 -4.779507E-01  4.416367E-01
  1.917490E+00 -4.829825E-01  4.486232E-01
  1.941075E+00 -4.874752E-01  4.554475E-01
  1.964950E+00 -4.914886E-01  4.621050E-01
  1.989119E+00 -4.950922E-01  4.685913E-01
  2.013585E+00 -4.983628E-01  4.749021E-01
  2.038352E+00 -5.013815E-01  4.810331E-01
  2.063424E+00 -5.042303E-01  4.869799E-01
  2.088804E+00 -5.069890E-01  4.927383E-01
  2.114496E+00 -5.097310E-01  4.983042E-01
  2.140505E+00 -5.125196E-01  5.036734E-01
  2.166833E+00 -5.154053E-01  5.088420E-01
  2.193485E+00 -5.184217E-01  5.138060E-01
  2.220465E+00 -5.215841E-01  5.185616E-01
  2.247776E+00 -5.248877E-01  5.231050E-01
  2.275424E+00 -5.283078E-01  5.274327E-01
  2.303412E+00 -5.318018E-01  5.315411E-01
  2.331744E+00 -5.353134E-01  5.354268E-01
  2.360424E+00 -5.387778E-01  5.390867E-01
  2.389458E+00 -5.421300E-01  5.425177E-01
  2.418848E+00 -5.453130E-01  5.457169E-01
  2.448600E+00 -5.482852E-01  5.486816E-01
  2.478717E+00 -5.510238E-01  5.514093E-01
  2.509206E+00 -5.535222E-01  5.538975E-01
  2.540069E+00 -5.557787E-01  5.561443E-01
  2.571312E+00 -5.577910E-01  5.581477E-01
  2.602939E+00 -5.595574E-01  5.599059E-01
  2.634955E+00 -5.610765E-01  5.614176E-01
  2.667365E+00 -5.623471E-01  5.626815E-01
  2.700174E+00 -5.633683E-01  5.636967E-01
  2.733386E+00 -5.641394E-01  5.644624E-01
  2.767006E+00 -5.646601E-01  5.649784E-01
  2.801041E+00 -5.649303E-01  5.652444E-01
  2.835493E+00 -5.649502E-01  5.652607E-01
  2.870370E+00 -5.647204E-01  5.650275E-01
  2.905675E+00 -5.642415E-01  5.645458E-01
  2.941415E+00 -5.635147E-01  5.638165E-01
  2.977595E+00 -5.625415E-01  5.628409E-01
  3.014219E+00 -5.613234E-01  5.616209E-01
  3.051294E+00 -5.598626E-01  5.601581E-01
  3.088825E+00 -5.581613E-01  5.584551E-01
  3.126817E+00 -5.562221E-01  5.565143E-01
  3.165277E+00 -5.540479E-01  5.543386E-01
  3.204210E+00 -5.516419E-01  5.519311E-01
  3.243622E+00 -5.490076E-01  5.492954E-01
  3.283519E+00 -5.461488E-01  5.464350E-01
  3.323906E+00 -5.430693E-01  5.433540E-01
  3.364790E+00 -5.397735E-01  5.400566E-01
  3.406177E+00 -5.362657E-01  5.365472E-01
  3.448073E+00 -5.325508E-01  5.328305E-01
  3.490484E+00 -5.286335E-01  5.289114E-01
  3.533417E+00 -5.245188E-01  5.247948E-01
  3.576878E+00 -5.202121E-01  5.204860E-01
  3.620874E+00 -5.157185E-01  5.159903E-01
  3.665410E+00 -5.110436E-01  5.113131E-01
  3.710495E+00 -5.061929E-01  5.064601E-01
  3.756134E+00 -5.011721E-01  5.014367E-01
  3.802334E+00 -4.959868E-01  4.962489E-01
  3.849103E+00 -4.906428E-01  4.909022E-01
  3.896447E+00 -4.851458E-01  4.854024E-01
  3.944373E+00 -4.795017E-01  4.797554E-01
  3.992889E+00 -4.737163E-01  4.739670E-01
  4.042002E+00 -4.677952E-01  4.680429E-01
  4.091718E+00 -4.617444E-01  4.619889E-01
  4.142046E+00 -4.555696E-01  4.558108E-01
  4.192994E+00 -4.492764E-01  4.495144E-01
  4.244567E+00 -4.428707E-01  4.431052E-01
  4.296776E+00 -4.363580E-01  4.365891E-01
  4.349626E+00 -4.297441E-01  4.299716E-01
  4.403126E+00 -4.230345E-01  4.232585E-01
  4.457285E+00 -4.162348E-01  4.164552E-01
  4.512109E+00 -4.093507E-01  4.095674E-01
  4.567608E+00 -4.023877E-01  4.026007E-01
  4.623790E+00 -3.953515E-01  3.955607E-01
  4.680663E+00 -3.882476E-01  3.884530E-01
  4.738235E+00 -3.810817E-01  3.812833E-01
  4.796515E+00 -3.738593E-01  3.740571E-01
  4.855512E+00 -3.665863E-01  3.667801E-01
  4.915235E+00 -3.592682E-01  3.594582E-01
  4.975692E+00 -3.519110E-01  3.520970E-01
  5.036893E+00 -3.445204E-01  3.447025E-01
  5.098847E+00 -3.371023E-01  3.372805E-01
  5.161563E+00 -3.296628E-01  3.298369E-01
  5.225050E+00 -3.222077E-01  3.223779E-01
  5.289318E+00 -3.147432E-01  3.149095E-01
  5.354377E+00 -3.072755E-01  3.074377E-01
  5.420236E+00 -2.998106E-01  2.999689E-01
  5.486905E+00 -2.923549E-01  2.925092E-01
  5.554394E+00 -2.849145E-01  2.850648E-01
  5.622713E+00 -2.774957E-01  2.776421E-01
  5.691872E+00 -2.701048E-01  2.702473E-01
  5.761882E+00 -2.627480E-01  2.628866E-01
  5.832753E+00 -2.554315E-01  2.555662E-01
  5.904496E+00 -2.481615E-01  2.482924E-01
  5.977121E+00 -2.409441E-01  2.410711E-01
  6.050640E+00 -2.337853E-01  2.339085E-01
  6.125063E+00 -2.266910E-01  2.268104E-01
  6.200401E+00 -2.196669E-01  2.197827E-01
  6.276666E+00 -2.127187E-01  2.128308E-01
  6.353869E+00 -2.058518E-01  2.059603E-01
  6.432022E+00 -1.990716E-01  1.991765E-01
  6.511135E+00 -1.923830E-01  1.924844E-01
  6.591222E+00 -1.857910E-01  1.858889E-01
  6.672294E+00 -1.793002E-01  1.793946E-01
  6.754364E+00 -1.729149E-01  1.730059E-01
  6.837442E+00 -1.666393E-01  1.667271E-01
  6.921543E+00 -1.604773E-01  1.605618E-01
  7.006678E+00 -1.544324E-01  1.545138E-01
  7.092860E+00 -1.485081E-01  1.485863E-01
  7.180102E+00 -1.427072E-01  1.427823E-01
  7.268417E+00 -1.370326E-01  1.371047E-01
  7.357819E+00 -1.314866E-01  1.315559E-01
  7.448320E+00 -1.260716E-01  1.261379E-01
  7.539935E+00 -1.207892E-01  1.208528E-01
  7.632676E+00 -1.156411E-01  1.157019E-01
  7.726558E+00 -1.106285E-01  1.106867E-01
  7.821594E+00 -1.057525E-01  1.058082E-01
  7.917800E+00 -1.010137E-01  1.010669E-01
  8.015189E+00 -9.641271E-02  9.646347E-02
  8.113776E+00 -9.194956E-02  9.199797E-02
  8.213575E+00 -8.762421E-02  8.767035E-02
  8.314602E+00 -8.343634E-02  8.348028E-02
  8.416872E+00 -7.938537E-02  7.942718E-02
  8.520399E+00 -7.547050E-02  7.551025E-02
  8.625200E+00 -7.169071E-02  7.172847E-02
  8.731290E+00 -6.804477E-02  6.808061E-02
  8.838685E+00 -6.453124E-02  6.456524E-02
  8.947401E+00 -6.114851E-02  6.118073E-02
  9.057454E+00 -5.789479E-02  5.792530E-02
  9.168860E+00 -5.476813E-02  5.479699E-02
  9.281637E+00 -5.176640E-02  5.179368E-02
  9.395802E+00 -4.888737E-02  4.891314E-02
  9.511370E+00 -4.612865E-02  4.615297E-02
  9.628360E+00 -4.348776E-02  4.351069E-02
  9.746789E+00 -4.096210E-02  4.098370E-02
  9.866674E+00 -3.854897E-02  3.856929E-02
  9.988034E+00 -3.624559E-02  3.626471E-02
  1.011089E+01 -3.404912E-02  3.406708E-02
  1.023525E+01 -3.195665E-02  3.197351E-02
  1.036114E+01 -2.996522E-02  2.998103E-02
  1.048859E+01 -2.807183E-02  2.808665E-02
  1.061760E+01 -2.627345E-02  2.628732E-02
  1.074819E+01 -2.456702E-02  2.457999E-02
  1.088040E+01 -2.294948E-02  2.296159E-02
  1.101422E+01 -2.141775E-02  2.142906E-02
  1.114970E+01 -1.996877E-02  1.997932E-02
  1.128684E+01 -1.859948E-02  1.860931E-02
  1.142567E+01 -1.730684E-02  1.731599E-02
  1.156620E+01 -1.608785E-02  1.609635E-02
  1.170847E+01 -1.493951E-02  1.494740E-02
  1.185248E+01 -1.385888E-02  1.386621E-02
  1.199827E+01 -1.284306E-02  1.284986E-02
  1.214585E+01 -1.188921E-02  1.189550E-02
  1.229524E+01 -1.099451E-02  1.100032E-02
  1.244647E+01 -1.015622E-02  1.016160E-02
  1.259956E+01 -9.371665E-03  9.376626E-03
  1.275454E+01 -8.638221E-03  8.642795E-03
  1.291142E+01 -7.953336E-03  7.957548E-03
  1.307023E+01 -7.314528E-03  7.318403E-03
  1.323099E+01 -6.719385E-03  6.722946E-03
  1.339374E+01 -6.165572E-03  6.168840E-03
  1.355848E+01 -5.650826E-03  5.653822E-03
  1.372525E+01 -5.172962E-03  5.175706E-03
  1.389407E+01 -4.729873E-03  4.732382E-03
  1.406496E+01 -4.319528E-03  4.321820E-03
  1.423796E+01 -3.939976E-03  3.942067E-03
  1.441309E+01 -3.589343E-03  3.591249E-03
  1.459037E+01 -3.265833E-03  3.267568E-03
  1.476983E+01 -2.967730E-03  2.969306E-03
  1.495150E+01 -2.693389E-03  2.694821E-03
  1.513541E+01 -2.441248E-03  2.442546E-03
  1.532157E+01 -2.209813E-03  2.210988E-03
  1.551003E+01 -1.997668E-03  1.998731E-03
  1.570080E+01 -1.803467E-03  1.804427E-03
  1.589392E+01 -1.625935E-03  1.626800E-03
  1.608942E+01 -1.463864E-03  1.464644E-03
  1.628732E+01 -1.316115E-03  1.316816E-03
  1.648765E+01 -1.181612E-03  1.182242E-03
  1.669045E+01 -1.059342E-03  1.059907E-03
  1.689574E+01 -9.483544E-04  9.488601E-04
  1.710356E+01 -8.477544E-04  8.482067E-04
  1.731393E+01 -7.567052E-04  7.571090E-04
  1.752689E+01 -6.744234E-04  6.747834E-04
  1.774247E+01 -6.001776E-04  6.004981E-04
  1.796071E+01 -5.332857E-04  5.335707E-04
  1.818162E+01 -4.731130E-04  4.733659E-04
  1.840526E+01 -4.190696E-04  4.192938E-04
  1.863164E+01 -3.706085E-04  3.708068E-04
  1.886081E+01 -3.272229E-04  3.273981E-04
  1.909280E+01 -2.884447E-04  2.885991E-04
  1.932764E+01 -2.538417E-04  2.539777E-04
  1.956537E+01 -2.230158E-04  2.231354E-04
  1.980602E+01 -1.956014E-04  1.957063E-04
  2.004964E+01 -1.712629E-04  1.713548E-04
  2.029625E+01 -1.496926E-04  1.497730E-04
  2.054589E+01 -1.306092E-04  1.306794E-04
  2.079861E+01 -1.137560E-04  1.138171E-04
  2.105443E+01 -9.889899E-05  9.895215E-05
  2.131340E+01 -8.582562E-05  8.587177E-05
  2.157555E+01 -7.434292E-05  7.438292E-05
  2.184093E+01 -6.427615E-05  6.431075E-05
  2.210958E+01 -5.546737E-05  5.549725E-05
  2.238152E+01 -4.777410E-05  4.779985E-05
  2.265682E+01 -4.106808E-05  4.109022E-05
  2.293550E+01 -3.523405E-05  3.525305E-05
  2.321760E+01 -3.016869E-05  3.018497E-05
  2.350318E+01 -2.577955E-05  2.579347E-05
  2.379227E+01 -2.198408E-05  2.199596E-05
  2.408491E+01 -1.870874E-05  1.871885E-05
  2.438116E+01 -1.588812E-05  1.589672E-05
  2.468105E+01 -1.346422E-05  1.347151E-05
  2.498462E+01 -1.138568E-05  1.139185E-05
  2.529193E+01 -9.607154E-06  9.612361E-06
  2.560302E+01 -8.088655E-06  8.093042E-06
  2.591794E+01 -6.795040E-06  6.798727E-06
  2.623673E+01 -5.695473E-06  5.698566E-06
  2.655944E+01 -4.762967E-06  4.765555E-06
  2.688612E+01 -3.973956E-06  3.976117E-06
  2.721682E+01 -3.307911E-06  3.309711E-06
  2.755159E+01 -2.746991E-06  2.748487E-06
  2.789048E+01 -2.275729E-06  2.276969E-06
  2.823353E+01 -1.880750E-06  1.881775E-06
  2.858080E+01 -1.550513E-06  1.551359E-06
  2.893234E+01 -1.275089E-06  1.275785E-06
  2.928821E+01 -1.045955E-06  1.046527E-06
  2.964846E+01 -8.558142E-07  8.562822E-07
  3.001313E+01 -6.984350E-07  6.988173E-07
  3.038229E+01 -5.685109E-07  5.688223E-07
  3.075600E+01 -4.615341E-07  4.617871E-07
  3.113430E+01 -3.736860E-07  3.738910E-07
  3.151725E+01 -3.017404E-07  3.019060E-07
  3.190491E+01 -2.429792E-07  2.431127E-07
  3.229734E+01 -1.951188E-07  1.952261E-07
  3.269460E+01 -1.562458E-07  1.563318E-07
  3.309674E+01 -1.247619E-07  1.248306E-07
  3.350383E+01 -9.933551E-08  9.939027E-08
  3.391593E+01 -7.886069E-08  7.890420E-08
  3.433309E+01 -6.242153E-08  6.245600E-08
  3.475539E+01 -4.926179E-08  4.928902E-08
  3.518288E+01 -3.875894E-08  3.878038E-08
  3.561563E+01 -3.040207E-08  3.041890E-08
  3.605370E+01 -2.377319E-08  2.378637E-08
  3.649716E+01 -1.853141E-08  1.854169E-08
  3.694608E+01 -1.439955E-08  1.440755E-08
  3.740052E+01 -1.115301E-08  1.115921E-08
  3.786054E+01 -8.610343E-09  8.615133E-09
  3.832623E+01 -6.625469E-09  6.629158E-09
  3.879764E+01 -5.081159E-09  5.083991E-09
  3.927485E+01 -3.883659E-09  3.885826E-09
  3.975793E+01 -2.958240E-09  2.959892E-09
  4.024695E+01 -2.245542E-09  2.246798E-09
  4.074199E+01 -1.698580E-09  1.699531E-09
  4.124312E+01 -1.280292E-09  1.281009E-09
  4.175041E+01 -9.615484E-10  9.620877E-10
  4.226394E+01 -7.195368E-10  7.199408E-10
  4.278379E+01 -5.364572E-10  5.367588E-10
  4.331003E+01 -3.984718E-10  3.986961E-10
  4.384274E+01 -2.948632E-10  2.950293E-10
  4.438200E+01 -2.173620E-10  2.174846E-10
  4.492790E+01 -1.596123E-10  1.597024E-10
  4.548052E+01 -1.167476E-10  1.168136E-10
  4.603993E+01 -8.505644E-11  8.510458E-11
  4.660622E+01 -6.171958E-11  6.175455E-11
  4.717947E+01 -4.460398E-11  4.462929E-11
  4.775978E+01 -3.210239E-11  3.212063E-11
  4.834723E+01 -2.300870E-11  2.302179E-11
  4.894190E+01 -1.642160E-11  1.643095E-11
  4.954388E+01 -1.167037E-11  1.167702E-11
  5.015327E+01 -8.258035E-12  8.262750E-12
  5.077016E+01 -5.817932E-12  5.821258E-12
  5.139463E+01 -4.080719E-12  4.083055E-12
  5.202679E+01 -2.849424E-12  2.851058E-12
  5.266672E+01 -1.980641E-12  1.981778E-12
  5.331452E+01 -1.370435E-12  1.371223E-12
  5.397028E+01 -9.438220E-13  9.443653E-13
  5.463412E+01 -6.469577E-13  6.473306E-13
  5.530612E+01 -4.413573E-13  4.416121E-13
  5.598638E+01 -2.996456E-13  2.998188E-13
  5.667502E+01 -2.024429E-13  2.025601E-13
  5.737212E+01 -1.360968E-13  1.361757E-13
  5.807780E+01 -9.103686E-14  9.108971E-14
  5.879215E+01 -6.058760E-14  6.062283E-14
  5.951530E+01 -4.011622E-14  4.013959E-14
  6.024733E+01 -2.642399E-14  2.643940E-14
  6.098838E+01 -1.731374E-14  1.732385E-14
  6.173853E+01 -1.128415E-14  1.129076E-14
  6.249792E+01 -7.314829E-15  7.319116E-15
  6.326664E+01 -4.715932E-15  4.718700E-15
  6.404482E+01 -3.023639E-15  3.025417E-15
  6.483257E+01 -1.927806E-15  1.928941E-15
  6.563001E+01 -1.222190E-15  1.222911E-15
  6.643726E+01 -7.704476E-16  7.709021E-16
  6.725444E+01  0.000000E+00  0.000000E+00
  6.808167E+01  0.000000E+00  0.000000E+00
  6.891908E+01  0.000000E+00  0.000000E+00
  6.976678E+01  0.000000E+00  0.000000E+00
  7.062491E+01  0.000000E+00  0.000000E+00
  7.149360E+01  0.000000E+00  0.000000E+00
  7.237297E+01  0.000000E+00  0.000000E+00
  7.326316E+01  0.000000E+00  0.000000E+00
  7.416429E+01  0.000000E+00  0.000000E+00
  7.507651E+01  0.000000E+00  0.000000E+00
  7.599996E+01  0.000000E+00  0.000000E+00
  7.693476E+01  0.000000E+00  0.000000E+00
  7.788105E+01  0.000000E+00  0.000000E+00
  7.883899E+01  0.000000E+00  0.000000E+00
