  2.403846E-04  9.343243E-09  4.445583E-06
  2.433413E-04  9.574501E-09  4.536072E-06
  2.463344E-04  9.811482E-09  4.628399E-06
  2.493644E-04  1.005433E-08  4.722601E-06
  2.524315E-04  1.030319E-08  4.818826E-06
  2.555364E-04  1.055820E-08  4.917349E-06
  2.586795E-04  1.081953E-08  5.018158E-06
  2.618613E-04  1.108733E-08  5.121314E-06
  2.650822E-04  1.136176E-08  5.226868E-06
  2.683427E-04  1.164297E-08  5.334871E-06
  2.716433E-04  1.193115E-08  5.445375E-06
  2.749845E-04  1.222646E-08  5.558434E-06
  2.783668E-04  1.252909E-08  5.674105E-06
  2.817908E-04  1.283920E-08  5.792442E-06
  2.852568E-04  1.315698E-08  5.913505E-06
  2.887654E-04  1.348264E-08  6.037352E-06
  2.923173E-04  1.381635E-08  6.164043E-06
  2.959128E-04  1.415832E-08  6.293642E-06
  2.995525E-04  1.450876E-08  6.426212E-06
  3.032370E-04  1.486787E-08  6.561816E-06
  3.069668E-04  1.523587E-08  6.700523E-06
  3.107425E-04  1.561297E-08  6.842401E-06
  3.145646E-04  1.599942E-08  6.987517E-06
  3.184338E-04  1.639542E-08  7.135946E-06
  3.223505E-04  1.680123E-08  7.287758E-06
  3.263154E-04  1.721708E-08  7.443030E-06
  3.303291E-04  1.764323E-08  7.601836E-06
  3.343921E-04  1.807992E-08  7.764257E-06
  3.385052E-04  1.852742E-08  7.930371E-06
  3.426688E-04  1.898600E-08  8.100262E-06
  3.468836E-04  1.945593E-08  8.274012E-06
  3.511503E-04  1.993749E-08  8.451707E-06
  3.554694E-04  2.043097E-08  8.633436E-06
  3.598417E-04  2.093666E-08  8.819289E-06
  3.642677E-04  2.145487E-08  9.009357E-06
  3.687482E-04  2.198591E-08  9.203734E-06
  3.732838E-04  2.253009E-08  9.402518E-06
  3.778752E-04  2.308774E-08  9.605806E-06
  3.825231E-04  2.365919E-08  9.813700E-06
  3.872281E-04  2.424479E-08  1.002630E-05
  3.919910E-04  2.484488E-08  1.024372E-05
  3.968125E-04  2.545982E-08  1.046606E-05
  4.016933E-04  2.608998E-08  1.069344E-05
  4.066342E-04  2.673574E-08  1.092596E-05
  4.116358E-04  2.739749E-08  1.116374E-05
  4.166989E-04  2.807561E-08  1.140691E-05
  4.218243E-04  2.877052E-08  1.165557E-05
  4.270127E-04  2.948263E-08  1.190987E-05
  4.322650E-04  3.021237E-08  1.216992E-05
  4.375818E-04  3.096016E-08  1.243585E-05
  4.429641E-04  3.172647E-08  1.270780E-05
  4.484125E-04  3.251174E-08  1.298591E-05
  4.539280E-04  3.331645E-08  1.327031E-05
  4.595113E-04  3.414107E-08  1.356115E-05
  4.651633E-04  3.498611E-08  1.385856E-05
  4.708848E-04  3.585206E-08  1.416271E-05
  4.766767E-04  3.673945E-08  1.447375E-05
  4.825398E-04  3.764880E-08  1.479182E-05
  4.884751E-04  3.858066E-08  1.511710E-05
  4.944833E-04  3.953558E-08  1.544974E-05
  5.005655E-04  4.051414E-08  1.578992E-05
  5.067224E-04  4.151692E-08  1.613780E-05
  5.129551E-04  4.254452E-08  1.649356E-05
  5.192644E-04  4.359755E-08  1.685738E-05
  5.256514E-04  4.467665E-08  1.722945E-05
  5.321169E-04  4.578246E-08  1.760995E-05
  5.386620E-04  4.691564E-08  1.799907E-05
  5.452875E-04  4.807686E-08  1.839702E-05
  5.519945E-04  4.926683E-08  1.880399E-05
  5.587841E-04  5.048625E-08  1.922019E-05
  5.656571E-04  5.173585E-08  1.964584E-05
  5.726147E-04  5.301639E-08  2.008114E-05
  5.796579E-04  5.432861E-08  2.052633E-05
  5.867876E-04  5.567332E-08  2.098162E-05
  5.940051E-04  5.705131E-08  2.144725E-05
  6.013114E-04  5.846341E-08  2.192346E-05
  6.087075E-04  5.991046E-08  2.241049E-05
  6.161946E-04  6.139332E-08  2.290858E-05
  6.237738E-04  6.291289E-08  2.341800E-05
  6.314462E-04  6.447007E-08  2.393900E-05
  6.392130E-04  6.606579E-08  2.447185E-05
  6.470753E-04  6.770101E-08  2.501682E-05
  6.550344E-04  6.937671E-08  2.557420E-05
  6.630913E-04  7.109388E-08  2.614426E-05
  6.712473E-04  7.285355E-08  2.672729E-05
  6.795037E-04  7.465677E-08  2.732361E-05
  6.878616E-04  7.650463E-08  2.793351E-05
  6.963223E-04  7.839823E-08  2.855731E-05
  7.048870E-04  8.033869E-08  2.919533E-05
  7.135571E-04  8.232719E-08  2.984790E-05
  7.223339E-04  8.436490E-08  3.051535E-05
  7.312186E-04  8.645305E-08  3.119802E-05
  7.402126E-04  8.859288E-08  3.189628E-05
  7.493172E-04  9.078568E-08  3.261047E-05
  7.585338E-04  9.303276E-08  3.334097E-05
  7.678638E-04  9.533545E-08  3.408816E-05
  7.773085E-04  9.769514E-08  3.485242E-05
  7.868694E-04  1.001132E-07  3.563415E-05
  7.965479E-04  1.025912E-07  3.643374E-05
  8.063454E-04  1.051305E-07  3.725162E-05
  8.162635E-04  1.077326E-07  3.808822E-05
  8.263035E-04  1.103991E-07  3.894395E-05
  8.364670E-04  1.131317E-07  3.981927E-05
  8.467556E-04  1.159318E-07  4.071463E-05
  8.571707E-04  1.188013E-07  4.163050E-05
  8.677139E-04  1.217418E-07  4.256734E-05
  8.783867E-04  1.247551E-07  4.352566E-05
  8.891909E-04  1.278430E-07  4.450595E-05
  9.001280E-04  1.310073E-07  4.550871E-05
  9.111995E-04  1.342499E-07  4.653447E-05
  9.224073E-04  1.375728E-07  4.758376E-05
  9.337529E-04  1.409779E-07  4.865714E-05
  9.452381E-04  1.444673E-07  4.975516E-05
  9.568645E-04  1.480431E-07  5.087839E-05
  9.686339E-04  1.517074E-07  5.202743E-05
  9.805481E-04  1.554623E-07  5.320286E-05
  9.926089E-04  1.593103E-07  5.440531E-05
  1.004818E-03  1.632534E-07  5.563540E-05
  1.017177E-03  1.672942E-07  5.689378E-05
  1.029688E-03  1.714350E-07  5.818111E-05
  1.042354E-03  1.756783E-07  5.949806E-05
  1.055175E-03  1.800266E-07  6.084532E-05
  1.068153E-03  1.844825E-07  6.222360E-05
  1.081292E-03  1.890487E-07  6.363361E-05
  1.094591E-03  1.937280E-07  6.507611E-05
  1.108055E-03  1.985230E-07  6.655184E-05
  1.121684E-03  2.034368E-07  6.806158E-05
  1.135481E-03  2.084722E-07  6.960613E-05
  1.149447E-03  2.136322E-07  7.118630E-05
  1.163585E-03  2.189199E-07  7.280291E-05
  1.177897E-03  2.243385E-07  7.445682E-05
  1.192386E-03  2.298912E-07  7.614890E-05
  1.207052E-03  2.355814E-07  7.788003E-05
  1.221899E-03  2.414124E-07  7.965114E-05
  1.236928E-03  2.473878E-07  8.146315E-05
  1.252142E-03  2.535110E-07  8.331702E-05
  1.267544E-03  2.597858E-07  8.521372E-05
  1.283134E-03  2.662160E-07  8.715426E-05
  1.298917E-03  2.728052E-07  8.913966E-05
  1.314894E-03  2.795576E-07  9.117096E-05
  1.331067E-03  2.864771E-07  9.324924E-05
  1.347439E-03  2.935679E-07  9.537561E-05
  1.364012E-03  3.008342E-07  9.755116E-05
  1.380790E-03  3.082804E-07  9.977707E-05
  1.397773E-03  3.159108E-07  1.020545E-04
  1.414966E-03  3.237302E-07  1.043847E-04
  1.432370E-03  3.317430E-07  1.067688E-04
  1.449988E-03  3.399542E-07  1.092081E-04
  1.467823E-03  3.483687E-07  1.117040E-04
  1.485877E-03  3.569914E-07  1.142577E-04
  1.504154E-03  3.658276E-07  1.168706E-04
  1.522655E-03  3.748825E-07  1.195440E-04
  1.541383E-03  3.841615E-07  1.222794E-04
  1.560342E-03  3.936702E-07  1.250783E-04
  1.579535E-03  4.034142E-07  1.279421E-04
  1.598963E-03  4.133994E-07  1.308723E-04
  1.618630E-03  4.236318E-07  1.338705E-04
  1.638539E-03  4.341175E-07  1.369382E-04
  1.658693E-03  4.448627E-07  1.400772E-04
  1.679095E-03  4.558739E-07  1.432890E-04
  1.699748E-03  4.671576E-07  1.465754E-04
  1.720655E-03  4.787207E-07  1.499381E-04
  1.741819E-03  4.905699E-07  1.533788E-04
  1.763243E-03  5.027125E-07  1.568995E-04
  1.784931E-03  5.151556E-07  1.605020E-04
  1.806886E-03  5.279067E-07  1.641882E-04
  1.829111E-03  5.409734E-07  1.679600E-04
  1.851609E-03  5.543636E-07  1.718195E-04
  1.874384E-03  5.680852E-07  1.757686E-04
  1.897438E-03  5.821464E-07  1.798095E-04
  1.920777E-03  5.965558E-07  1.839444E-04
  1.944402E-03  6.113218E-07  1.881754E-04
  1.968319E-03  6.264532E-07  1.925048E-04
  1.992529E-03  6.419593E-07  1.969348E-04
  2.017037E-03  6.578491E-07  2.014678E-04
  2.041847E-03  6.741323E-07  2.061063E-04
  2.066961E-03  6.908185E-07  2.108526E-04
  2.092385E-03  7.079178E-07  2.157094E-04
  2.118121E-03  7.254403E-07  2.206791E-04
  2.144174E-03  7.433966E-07  2.257644E-04
  2.170548E-03  7.617974E-07  2.309680E-04
  2.197245E-03  7.806536E-07  2.362926E-04
  2.224271E-03  7.999765E-07  2.417411E-04
  2.251630E-03  8.197778E-07  2.473164E-04
  2.279325E-03  8.400693E-07  2.530214E-04
  2.307361E-03  8.608630E-07  2.588592E-04
  2.335741E-03  8.821714E-07  2.648328E-04
  2.364471E-03  9.040073E-07  2.709453E-04
  2.393554E-03  9.263837E-07  2.772001E-04
  2.422995E-03  9.493140E-07  2.836004E-04
  2.452797E-03  9.728119E-07  2.901497E-04
  2.482967E-03  9.968915E-07  2.968513E-04
  2.513507E-03  1.021567E-06  3.037089E-04
  2.544423E-03  1.046854E-06  3.107260E-04
  2.575720E-03  1.072766E-06  3.179063E-04
  2.607401E-03  1.099320E-06  3.252538E-04
  2.639472E-03  1.126531E-06  3.327721E-04
  2.671938E-03  1.154416E-06  3.404654E-04
  2.704803E-03  1.182991E-06  3.483376E-04
  2.738072E-03  1.212273E-06  3.563929E-04
  2.771750E-03  1.242280E-06  3.646356E-04
  2.805842E-03  1.273031E-06  3.730700E-04
  2.840354E-03  1.304542E-06  3.817005E-04
  2.875291E-03  1.336833E-06  3.905317E-04
  2.910657E-03  1.369924E-06  3.995682E-04
  2.946458E-03  1.403834E-06  4.088149E-04
  2.982699E-03  1.438583E-06  4.182765E-04
  3.019386E-03  1.474192E-06  4.279580E-04
  3.056525E-03  1.510683E-06  4.378645E-04
  3.094120E-03  1.548078E-06  4.480012E-04
  3.132178E-03  1.586398E-06  4.583735E-04
  3.170704E-03  1.625666E-06  4.689867E-04
  3.209703E-03  1.665907E-06  4.798464E-04
  3.249183E-03  1.707144E-06  4.909584E-04
  3.289148E-03  1.749402E-06  5.023283E-04
  3.329604E-03  1.792706E-06  5.139623E-04
  3.370558E-03  1.837082E-06  5.258663E-04
  3.412016E-03  1.882557E-06  5.380465E-04
  3.453984E-03  1.929157E-06  5.505094E-04
  3.496468E-03  1.976911E-06  5.632615E-04
  3.539474E-03  2.025847E-06  5.763093E-04
  3.583010E-03  2.075995E-06  5.896596E-04
  3.627081E-03  2.127384E-06  6.033195E-04
  3.671694E-03  2.180046E-06  6.172960E-04
  3.716856E-03  2.234011E-06  6.315964E-04
  3.762573E-03  2.289312E-06  6.462281E-04
  3.808853E-03  2.345983E-06  6.611986E-04
  3.855702E-03  2.404056E-06  6.765159E-04
  3.903127E-03  2.463567E-06  6.921877E-04
  3.951135E-03  2.524552E-06  7.082222E-04
  3.999734E-03  2.587046E-06  7.246276E-04
  4.048931E-03  2.651088E-06  7.414125E-04
  4.098733E-03  2.716715E-06  7.585855E-04
  4.149147E-03  2.783967E-06  7.761554E-04
  4.200182E-03  2.852884E-06  7.941314E-04
  4.251844E-03  2.923507E-06  8.125225E-04
  4.304142E-03  2.995879E-06  8.313383E-04
  4.357083E-03  3.070043E-06  8.505885E-04
  4.410675E-03  3.146043E-06  8.702829E-04
  4.464926E-03  3.223925E-06  8.904315E-04
  4.519845E-03  3.303735E-06  9.110448E-04
  4.575439E-03  3.385521E-06  9.321331E-04
  4.631717E-03  3.469332E-06  9.537073E-04
  4.688687E-03  3.555219E-06  9.757784E-04
  4.746358E-03  3.643232E-06  9.983576E-04
  4.804738E-03  3.733424E-06  1.021456E-03
  4.863836E-03  3.825850E-06  1.045086E-03
  4.923661E-03  3.920564E-06  1.069260E-03
  4.984222E-03  4.017624E-06  1.093988E-03
  5.045528E-03  4.117087E-06  1.119285E-03
  5.107588E-03  4.219013E-06  1.145163E-03
  5.170412E-03  4.323463E-06  1.171634E-03
  5.234008E-03  4.430499E-06  1.198713E-03
  5.298386E-03  4.540186E-06  1.226412E-03
  5.363556E-03  4.652589E-06  1.254746E-03
  5.429528E-03  4.767776E-06  1.283729E-03
  5.496311E-03  4.885815E-06  1.313375E-03
  5.563916E-03  5.006778E-06  1.343699E-03
  5.632352E-03  5.130736E-06  1.374717E-03
  5.701630E-03  5.257764E-06  1.406443E-03
  5.771760E-03  5.387938E-06  1.438894E-03
  5.842752E-03  5.521335E-06  1.472086E-03
  5.914618E-03  5.658037E-06  1.506034E-03
  5.987368E-03  5.798124E-06  1.540757E-03
  6.061013E-03  5.941681E-06  1.576270E-03
  6.135563E-03  6.088793E-06  1.612592E-03
  6.211031E-03  6.239549E-06  1.649740E-03
  6.287426E-03  6.394039E-06  1.687733E-03
  6.364762E-03  6.552355E-06  1.726588E-03
  6.443048E-03  6.714593E-06  1.766326E-03
  6.522298E-03  6.880850E-06  1.806966E-03
  6.602522E-03  7.051224E-06  1.848527E-03
  6.683733E-03  7.225819E-06  1.891029E-03
  6.765943E-03  7.404739E-06  1.934494E-03
  6.849164E-03  7.588091E-06  1.978942E-03
  6.933409E-03  7.775985E-06  2.024394E-03
  7.018690E-03  7.968534E-06  2.070873E-03
  7.105020E-03  8.165853E-06  2.118401E-03
  7.192411E-03  8.368060E-06  2.167001E-03
  7.280878E-03  8.575277E-06  2.216695E-03
  7.370433E-03  8.787628E-06  2.267508E-03
  7.461089E-03  9.005240E-06  2.319465E-03
  7.552860E-03  9.228243E-06  2.372588E-03
  7.645761E-03  9.456772E-06  2.426905E-03
  7.739803E-03  9.690964E-06  2.482439E-03
  7.835003E-03  9.930958E-06  2.539219E-03
  7.931374E-03  1.017690E-05  2.597269E-03
  8.028930E-03  1.042893E-05  2.656618E-03
  8.127685E-03  1.068722E-05  2.717294E-03
  8.227656E-03  1.095190E-05  2.779324E-03
  8.328856E-03  1.122314E-05  2.842737E-03
  8.431301E-03  1.150110E-05  2.907564E-03
  8.535006E-03  1.178595E-05  2.973833E-03
  8.639987E-03  1.207787E-05  3.041575E-03
  8.746258E-03  1.237701E-05  3.110822E-03
  8.853837E-03  1.268357E-05  3.181606E-03
  8.962740E-03  1.299774E-05  3.253958E-03
  9.072981E-03  1.331968E-05  3.327911E-03
  9.184579E-03  1.364961E-05  3.403500E-03
  9.297549E-03  1.398772E-05  3.480758E-03
  9.411909E-03  1.433421E-05  3.559721E-03
  9.527676E-03  1.468929E-05  3.640423E-03
  9.644866E-03  1.505317E-05  3.722901E-03
  9.763498E-03  1.542608E-05  3.807192E-03
  9.883589E-03  1.580823E-05  3.893333E-03
  1.000516E-02  1.619986E-05  3.981363E-03
  1.012822E-02  1.660120E-05  4.071320E-03
  1.025280E-02  1.701249E-05  4.163244E-03
  1.037891E-02  1.743398E-05  4.257176E-03
  1.050657E-02  1.786592E-05  4.353155E-03
  1.063580E-02  1.830858E-05  4.451225E-03
  1.076662E-02  1.876222E-05  4.551428E-03
  1.089905E-02  1.922711E-05  4.653806E-03
  1.103311E-02  1.970353E-05  4.758404E-03
  1.116881E-02  2.019177E-05  4.865267E-03
  1.130619E-02  2.069212E-05  4.974440E-03
  1.144526E-02  2.120489E-05  5.085970E-03
  1.158603E-02  2.173038E-05  5.199904E-03
  1.172854E-02  2.226890E-05  5.316289E-03
  1.187280E-02  2.282079E-05  5.435175E-03
  1.201884E-02  2.338638E-05  5.556611E-03
  1.216667E-02  2.396600E-05  5.680647E-03
  1.231632E-02  2.456001E-05  5.807335E-03
  1.246781E-02  2.516876E-05  5.936726E-03
  1.262116E-02  2.579262E-05  6.068875E-03
  1.277640E-02  2.643197E-05  6.203833E-03
  1.293355E-02  2.708719E-05  6.341657E-03
  1.309264E-02  2.775868E-05  6.482402E-03
  1.325368E-02  2.844684E-05  6.626123E-03
  1.341670E-02  2.915209E-05  6.772879E-03
  1.358172E-02  2.987485E-05  6.922728E-03
  1.374878E-02  3.061556E-05  7.075727E-03
  1.391789E-02  3.137467E-05  7.231939E-03
  1.408908E-02  3.215263E-05  7.391422E-03
  1.426237E-02  3.294992E-05  7.554240E-03
  1.443780E-02  3.376701E-05  7.720455E-03
  1.461538E-02  3.460441E-05  7.890130E-03
  1.479515E-02  3.546261E-05  8.063330E-03
  1.497713E-02  3.634214E-05  8.240120E-03
  1.516135E-02  3.724352E-05  8.420567E-03
  1.534784E-02  3.816731E-05  8.604738E-03
  1.553662E-02  3.911406E-05  8.792701E-03
  1.572772E-02  4.008434E-05  8.984526E-03
  1.592117E-02  4.107875E-05  9.180282E-03
  1.611700E-02  4.209788E-05  9.380041E-03
  1.631524E-02  4.314236E-05  9.583874E-03
  1.651591E-02  4.421280E-05  9.791854E-03
  1.671906E-02  4.530987E-05  1.000406E-02
  1.692470E-02  4.643423E-05  1.022055E-02
  1.713288E-02  4.758657E-05  1.044142E-02
  1.734361E-02  4.876757E-05  1.066674E-02
  1.755694E-02  4.997795E-05  1.089658E-02
  1.777289E-02  5.121846E-05  1.113103E-02
  1.799150E-02  5.248985E-05  1.137015E-02
  1.821279E-02  5.379288E-05  1.161404E-02
  1.843681E-02  5.512835E-05  1.186278E-02
  1.866358E-02  5.649707E-05  1.211644E-02
  1.889314E-02  5.789988E-05  1.237511E-02
  1.912553E-02  5.933762E-05  1.263887E-02
  1.936077E-02  6.081118E-05  1.290781E-02
  1.959891E-02  6.232145E-05  1.318201E-02
  1.983998E-02  6.386935E-05  1.346155E-02
  2.008401E-02  6.545582E-05  1.374653E-02
  2.033104E-02  6.708183E-05  1.403703E-02
  2.058111E-02  6.874838E-05  1.433314E-02
  2.083426E-02  7.045648E-05  1.463495E-02
  2.109052E-02  7.220717E-05  1.494255E-02
  2.134994E-02  7.400153E-05  1.525603E-02
  2.161254E-02  7.584064E-05  1.557547E-02
  2.187838E-02  7.772564E-05  1.590098E-02
  2.214748E-02  7.965768E-05  1.623263E-02
  2.241989E-02  8.163794E-05  1.657054E-02
  2.269566E-02  8.366764E-05  1.691478E-02
  2.297481E-02  8.574801E-05  1.726545E-02
  2.325740E-02  8.788034E-05  1.762265E-02
  2.354347E-02  9.006594E-05  1.798647E-02
  2.383306E-02  9.230613E-05  1.835700E-02
  2.412620E-02  9.460231E-05  1.873435E-02
  2.442295E-02  9.695589E-05  1.911860E-02
  2.472336E-02  9.936831E-05  1.950985E-02
  2.502745E-02  1.018410E-04  1.990820E-02
  2.533529E-02  1.043756E-04  2.031374E-02
  2.564692E-02  1.069737E-04  2.072657E-02
  2.596237E-02  1.096367E-04  2.114678E-02
  2.628171E-02  1.123664E-04  2.157447E-02
  2.660498E-02  1.151644E-04  2.200974E-02
  2.693222E-02  1.180325E-04  2.245268E-02
  2.726348E-02  1.209725E-04  2.290339E-02
  2.759882E-02  1.239861E-04  2.336196E-02
  2.793829E-02  1.270753E-04  2.382848E-02
  2.828193E-02  1.302419E-04  2.430305E-02
  2.862980E-02  1.334880E-04  2.478577E-02
  2.898194E-02  1.368155E-04  2.527673E-02
  2.933842E-02  1.402265E-04  2.577601E-02
  2.969928E-02  1.437232E-04  2.628371E-02
  3.006459E-02  1.473077E-04  2.679993E-02
  3.043438E-02  1.509822E-04  2.732474E-02
  3.080872E-02  1.547491E-04  2.785824E-02
  3.118767E-02  1.586107E-04  2.840051E-02
  3.157128E-02  1.625694E-04  2.895165E-02
  3.195961E-02  1.666277E-04  2.951173E-02
  3.235271E-02  1.707881E-04  3.008084E-02
  3.275065E-02  1.750534E-04  3.065905E-02
  3.315348E-02  1.794260E-04  3.124646E-02
  3.356127E-02  1.839089E-04  3.184312E-02
  3.397407E-02  1.885048E-04  3.244913E-02
  3.439195E-02  1.932166E-04  3.306455E-02
  3.481497E-02  1.980473E-04  3.368946E-02
  3.524320E-02  2.029999E-04  3.432392E-02
  3.567669E-02  2.080777E-04  3.496799E-02
  3.611551E-02  2.132838E-04  3.562175E-02
  3.655973E-02  2.186214E-04  3.628524E-02
  3.700942E-02  2.240942E-04  3.695854E-02
  3.746463E-02  2.297054E-04  3.764168E-02
  3.792545E-02  2.354587E-04  3.833473E-02
  3.839193E-02  2.413577E-04  3.903772E-02
  3.886415E-02  2.474064E-04  3.975071E-02
  3.934218E-02  2.536084E-04  4.047373E-02
  3.982609E-02  2.599678E-04  4.120681E-02
  4.031595E-02  2.664887E-04  4.194998E-02
  4.081184E-02  2.731753E-04  4.270327E-02
  4.131382E-02  2.800320E-04  4.346671E-02
  4.182198E-02  2.870630E-04  4.424031E-02
  4.233639E-02  2.942731E-04  4.502407E-02
  4.285713E-02  3.016668E-04  4.581801E-02
  4.338427E-02  3.092491E-04  4.662212E-02
  4.391790E-02  3.170247E-04  4.743640E-02
  4.445809E-02  3.249989E-04  4.826084E-02
  4.500492E-02  3.331768E-04  4.909542E-02
  4.555849E-02  3.415637E-04  4.994011E-02
  4.611885E-02  3.501653E-04  5.079489E-02
  4.668612E-02  3.589871E-04  5.165971E-02
  4.726036E-02  3.680350E-04  5.253452E-02
  4.784166E-02  3.773149E-04  5.341929E-02
  4.843011E-02  3.868331E-04  5.431394E-02
  4.902580E-02  3.965958E-04  5.521840E-02
  4.962882E-02  4.066095E-04  5.613261E-02
  5.023925E-02  4.168809E-04  5.705646E-02
  5.085720E-02  4.274170E-04  5.798987E-02
  5.148274E-02  4.382247E-04  5.893274E-02
  5.211598E-02  4.493113E-04  5.988495E-02
  5.275700E-02  4.606844E-04  6.084638E-02
  5.340591E-02  4.723516E-04  6.181689E-02
  5.406281E-02  4.843207E-04  6.279634E-02
  5.472778E-02  4.966001E-04  6.378458E-02
  5.540093E-02  5.091980E-04  6.478144E-02
  5.608236E-02  5.221230E-04  6.578675E-02
  5.677218E-02  5.353841E-04  6.680032E-02
  5.747047E-02  5.489903E-04  6.782195E-02
  5.817736E-02  5.629511E-04  6.885142E-02
  5.889294E-02  5.772761E-04  6.988852E-02
  5.961733E-02  5.919753E-04  7.093301E-02
  6.035062E-02  6.070588E-04  7.198464E-02
  6.109293E-02  6.225374E-04  7.304314E-02
  6.184437E-02  6.384218E-04  7.410824E-02
  6.260506E-02  6.547232E-04  7.517966E-02
  6.337510E-02  6.714531E-04  7.625707E-02
  6.415462E-02  6.886235E-04  7.734017E-02
  6.494372E-02  7.062464E-04  7.842863E-02
  6.574253E-02  7.243347E-04  7.952208E-02
  6.655116E-02  7.429011E-04  8.062018E-02
  6.736974E-02  7.619590E-04  8.172253E-02
  6.819839E-02  7.815224E-04  8.282874E-02
  6.903723E-02  8.016052E-04  8.393840E-02
  6.988638E-02  8.222223E-04  8.505108E-02
  7.074599E-02  8.433886E-04  8.616633E-02
  7.161616E-02  8.651197E-04  8.728370E-02
  7.249704E-02  8.874317E-04  8.840269E-02
  7.338875E-02  9.103411E-04  8.952282E-02
  7.429144E-02  9.338650E-04  9.064356E-02
  7.520522E-02  9.580208E-04  9.176438E-02
  7.613024E-02  9.828269E-04  9.288474E-02
  7.706665E-02  1.008302E-03  9.400405E-02
  7.801457E-02  1.034465E-03  9.512174E-02
  7.897415E-02  1.061337E-03  9.623718E-02
  7.994553E-02  1.088937E-03  9.734976E-02
  8.092886E-02  1.117287E-03  9.845883E-02
  8.192428E-02  1.146409E-03  9.956372E-02
  8.293195E-02  1.176325E-03  1.006637E-01
  8.395201E-02  1.207059E-03  1.017582E-01
  8.498462E-02  1.238636E-03  1.028463E-01
  8.602993E-02  1.271079E-03  1.039275E-01
  8.708810E-02  1.304415E-03  1.050008E-01
  8.815929E-02  1.338670E-03  1.060655E-01
  8.924365E-02  1.373872E-03  1.071208E-01
  9.034134E-02  1.410049E-03  1.081659E-01
  9.145254E-02  1.447231E-03  1.091999E-01
  9.257741E-02  1.485447E-03  1.102219E-01
  9.371611E-02  1.524729E-03  1.112312E-01
  9.486882E-02  1.565110E-03  1.122266E-01
  9.603570E-02  1.606623E-03  1.132075E-01
  9.721694E-02  1.649303E-03  1.141727E-01
  9.841271E-02  1.693185E-03  1.151213E-01
  9.962319E-02  1.738307E-03  1.160523E-01
  1.008486E-01  1.784707E-03  1.169647E-01
  1.020890E-01  1.832425E-03  1.178575E-01
  1.033447E-01  1.881502E-03  1.187296E-01
  1.046158E-01  1.931979E-03  1.195800E-01
  1.059026E-01  1.983902E-03  1.204075E-01
  1.072052E-01  2.037316E-03  1.212111E-01
  1.085238E-01  2.092268E-03  1.219896E-01
  1.098587E-01  2.148807E-03  1.227419E-01
  1.112099E-01  2.206983E-03  1.234668E-01
  1.125778E-01  2.266849E-03  1.241631E-01
  1.139625E-01  2.328459E-03  1.248297E-01
  1.153643E-01  2.391869E-03  1.254653E-01
  1.167832E-01  2.457138E-03  1.260687E-01
  1.182197E-01  2.524326E-03  1.266387E-01
  1.196738E-01  2.593495E-03  1.271739E-01
  1.211458E-01  2.664710E-03  1.276732E-01
  1.226359E-01  2.738039E-03  1.281352E-01
  1.241443E-01  2.813552E-03  1.285587E-01
  1.256713E-01  2.891319E-03  1.289423E-01
  1.272170E-01  2.971417E-03  1.292848E-01
  1.287818E-01  3.053924E-03  1.295848E-01
  1.303658E-01  3.138919E-03  1.298409E-01
  1.319693E-01  3.226487E-03  1.300520E-01
  1.335925E-01  3.316714E-03  1.302165E-01
  1.352357E-01  3.409690E-03  1.303333E-01
  1.368991E-01  3.505509E-03  1.304009E-01
  1.385830E-01  3.604267E-03  1.304180E-01
  1.402875E-01  3.706066E-03  1.303833E-01
  1.420131E-01  3.811009E-03  1.302954E-01
  1.437598E-01  3.919206E-03  1.301530E-01
  1.455281E-01  4.030768E-03  1.299547E-01
  1.473181E-01  4.145813E-03  1.296993E-01
  1.491301E-01  4.264462E-03  1.293855E-01
  1.509644E-01  4.386841E-03  1.290119E-01
  1.528212E-01  4.513081E-03  1.285772E-01
  1.547009E-01  4.643317E-03  1.280802E-01
  1.566038E-01  4.777692E-03  1.275196E-01
  1.585300E-01  4.916350E-03  1.268942E-01
  1.604799E-01  5.059446E-03  1.262027E-01
  1.624538E-01  5.207136E-03  1.254440E-01
  1.644520E-01  5.359586E-03  1.246169E-01
  1.664748E-01  5.516966E-03  1.237202E-01
  1.685224E-01  5.679452E-03  1.227528E-01
  1.705952E-01  5.847231E-03  1.217136E-01
  1.726935E-01  6.020492E-03  1.206016E-01
  1.748177E-01  6.199435E-03  1.194157E-01
  1.769679E-01  6.384266E-03  1.181550E-01
  1.791446E-01  6.575200E-03  1.168184E-01
  1.813481E-01  6.772459E-03  1.154052E-01
  1.835787E-01  6.976276E-03  1.139144E-01
  1.858367E-01  7.186891E-03  1.123452E-01
  1.881225E-01  7.404554E-03  1.106968E-01
  1.904364E-01  7.629525E-03  1.089686E-01
  1.927788E-01  7.862073E-03  1.071599E-01
  1.951500E-01  8.102478E-03  1.052700E-01
  1.975503E-01  8.351031E-03  1.032984E-01
  1.999802E-01  8.608034E-03  1.012446E-01
  2.024399E-01  8.873801E-03  9.910820E-02
  2.049299E-01  9.148658E-03  9.688885E-02
  2.074506E-01  9.432942E-03  9.458624E-02
  2.100022E-01  9.727005E-03  9.220014E-02
  2.125852E-01  1.003121E-02  8.973041E-02
  2.152000E-01  1.034594E-02  8.717698E-02
  2.178470E-01  1.067157E-02  8.453984E-02
  2.205265E-01  1.100853E-02  8.181909E-02
  2.232390E-01  1.135723E-02  7.901488E-02
  2.259848E-01  1.171810E-02  7.612747E-02
  2.287645E-01  1.209161E-02  7.315720E-02
  2.315783E-01  1.247822E-02  7.010450E-02
  2.344267E-01  1.287841E-02  6.696988E-02
  2.373101E-01  1.329270E-02  6.375396E-02
  2.402290E-01  1.372160E-02  6.045744E-02
  2.431838E-01  1.416566E-02  5.708113E-02
  2.461750E-01  1.462543E-02  5.362594E-02
  2.492030E-01  1.510149E-02  5.009287E-02
  2.522682E-01  1.559443E-02  4.648303E-02
  2.553711E-01  1.610489E-02  4.279763E-02
  2.585121E-01  1.663349E-02  3.903799E-02
  2.616918E-01  1.718090E-02  3.520555E-02
  2.649106E-01  1.774779E-02  3.130182E-02
  2.681690E-01  1.833486E-02  2.732847E-02
  2.714675E-01  1.894284E-02  2.328725E-02
  2.748066E-01  1.957248E-02  1.918002E-02
  2.781867E-01  2.022454E-02  1.500877E-02
  2.816084E-01  2.089980E-02  1.077559E-02
  2.850722E-01  2.159909E-02  6.482683E-03
  2.885785E-01  2.232322E-02  2.132377E-03
  2.921281E-01  2.307306E-02 -2.272897E-03
  2.957212E-01  2.384949E-02 -6.730588E-03
  2.993586E-01  2.465339E-02 -1.123803E-02
  3.030407E-01  2.548568E-02 -1.579246E-02
  3.067681E-01  2.634731E-02 -2.039098E-02
  3.105414E-01  2.723923E-02 -2.503058E-02
  3.143610E-01  2.816242E-02 -2.970817E-02
  3.182277E-01  2.911786E-02 -3.442051E-02
  3.221419E-01  3.010657E-02 -3.916429E-02
  3.261042E-01  3.112956E-02 -4.393606E-02
  3.301153E-01  3.218788E-02 -4.873228E-02
  3.341757E-01  3.328257E-02 -5.354932E-02
  3.382861E-01  3.441469E-02 -5.838342E-02
  3.424470E-01  3.558528E-02 -6.323076E-02
  3.466591E-01  3.679543E-02 -6.808740E-02
  3.509230E-01  3.804618E-02 -7.294931E-02
  3.552394E-01  3.933861E-02 -7.781238E-02
  3.596088E-01  4.067375E-02 -8.267241E-02
  3.640320E-01  4.205266E-02 -8.752514E-02
  3.685096E-01  4.347635E-02 -9.236621E-02
  3.730422E-01  4.494582E-02 -9.719120E-02
  3.776307E-01  4.646205E-02 -1.019956E-01
  3.822755E-01  4.802596E-02 -1.067749E-01
  3.869775E-01  4.963846E-02 -1.115245E-01
  3.917373E-01  5.130040E-02 -1.162397E-01
  3.965557E-01  5.301255E-02 -1.209159E-01
  4.014333E-01  5.477565E-02 -1.255482E-01
  4.063710E-01  5.659034E-02 -1.301319E-01
  4.113693E-01  5.845719E-02 -1.346621E-01
  4.164292E-01  6.037665E-02 -1.391341E-01
  4.215513E-01  6.234910E-02 -1.435427E-01
  4.267363E-01  6.437476E-02 -1.478833E-01
  4.319852E-01  6.645374E-02 -1.521506E-01
  4.372986E-01  6.858599E-02 -1.563398E-01
  4.426774E-01  7.077132E-02 -1.604458E-01
  4.481223E-01  7.300935E-02 -1.644635E-01
  4.536342E-01  7.529950E-02 -1.683878E-01
  4.592139E-01  7.764099E-02 -1.722135E-01
  4.648622E-01  8.003282E-02 -1.759356E-01
  4.705801E-01  8.247374E-02 -1.795489E-01
  4.763682E-01  8.496225E-02 -1.830482E-01
  4.822275E-01  8.749654E-02 -1.864285E-01
  4.881589E-01  9.007454E-02 -1.896846E-01
  4.941633E-01  9.269385E-02 -1.928116E-01
  5.002415E-01  9.535171E-02 -1.958046E-01
  5.063944E-01  9.804505E-02 -1.986585E-01
  5.126231E-01  1.007704E-01 -2.013687E-01
  5.189284E-01  1.035238E-01 -2.039304E-01
  5.253112E-01  1.063012E-01 -2.063390E-01
  5.317725E-01  1.090977E-01 -2.085900E-01
  5.383133E-01  1.119082E-01 -2.106790E-01
  5.449346E-01  1.147271E-01 -2.126018E-01
  5.516373E-01  1.175483E-01 -2.143543E-01
  5.584224E-01  1.203652E-01 -2.159324E-01
  5.652910E-01  1.231709E-01 -2.173323E-01
  5.722441E-01  1.259576E-01 -2.185502E-01
  5.792827E-01  1.287174E-01 -2.195827E-01
  5.864079E-01  1.314416E-01 -2.204262E-01
  5.936207E-01  1.341212E-01 -2.210777E-01
  6.009222E-01  1.367465E-01 -2.215339E-01
  6.083135E-01  1.393075E-01 -2.217920E-01
  6.157958E-01  1.417935E-01 -2.218493E-01
  6.233701E-01  1.441937E-01 -2.217032E-01
  6.310375E-01  1.464966E-01 -2.213514E-01
  6.387993E-01  1.486904E-01 -2.207918E-01
  6.466565E-01  1.507629E-01 -2.200224E-01
  6.546104E-01  1.527017E-01 -2.190414E-01
  6.626621E-01  1.544941E-01 -2.178474E-01
  6.708129E-01  1.561272E-01 -2.164390E-01
  6.790639E-01  1.575880E-01 -2.148151E-01
  6.874164E-01  1.588634E-01 -2.129748E-01
  6.958716E-01  1.599401E-01 -2.109174E-01
  7.044308E-01  1.608052E-01 -2.086425E-01
  7.130953E-01  1.614456E-01 -2.061497E-01
  7.218664E-01  1.618485E-01 -2.034390E-01
  7.307453E-01  1.620012E-01 -2.005107E-01
  7.397335E-01  1.618915E-01 -1.973652E-01
  7.488322E-01  1.615075E-01 -1.940030E-01
  7.580428E-01  1.608378E-01 -1.904249E-01
  7.673668E-01  1.598717E-01 -1.866321E-01
  7.768054E-01  1.585995E-01 -1.826257E-01
  7.863601E-01  1.570121E-01 -1.784073E-01
  7.960323E-01  1.551017E-01 -1.739784E-01
  8.058235E-01  1.528619E-01 -1.693410E-01
  8.157351E-01  1.502873E-01 -1.644972E-01
  8.257687E-01  1.473743E-01 -1.594491E-01
  8.359256E-01  1.441207E-01 -1.541992E-01
  8.462075E-01  1.405260E-01 -1.487502E-01
  8.566159E-01  1.365915E-01 -1.431049E-01
  8.671523E-01  1.323201E-01 -1.372663E-01
  8.778182E-01  1.277165E-01 -1.312376E-01
  8.886154E-01  1.227872E-01 -1.250220E-01
  8.995454E-01  1.175402E-01 -1.186232E-01
  9.106098E-01  1.119853E-01 -1.120448E-01
  9.218103E-01  1.061337E-01 -1.052907E-01
  9.331485E-01  9.999779E-02 -9.836469E-02
  9.446263E-01  9.359141E-02 -9.127106E-02
  9.562452E-01  8.692920E-02 -8.401402E-02
  9.680070E-01  8.002658E-02 -7.659796E-02
  9.799135E-01  7.289945E-02 -6.902743E-02
  9.919664E-01  6.556395E-02 -6.130705E-02
  1.004168E+00  5.803609E-02 -5.344161E-02
  1.016519E+00  5.033150E-02 -4.543599E-02
  1.029022E+00  4.246508E-02 -3.729516E-02
  1.041679E+00  3.445066E-02 -2.902421E-02
  1.054492E+00  2.630071E-02 -2.062833E-02
  1.067462E+00  1.802603E-02 -1.211280E-02
  1.080592E+00  9.635412E-03 -3.482954E-03
  1.093883E+00  1.135418E-03  5.255761E-03
  1.107338E+00 -7.469873E-03  1.409784E-02
  1.120958E+00 -1.617906E-02  2.303771E-02
  1.134746E+00 -2.499357E-02  3.206974E-02
  1.148703E+00 -3.391775E-02  4.118824E-02
  1.162832E+00 -4.295888E-02  5.038746E-02
  1.177135E+00 -5.212716E-02  5.966162E-02
  1.191614E+00 -6.143560E-02  6.900490E-02
  1.206271E+00 -7.089978E-02  7.841144E-02
  1.221108E+00 -8.053761E-02  8.787535E-02
  1.236127E+00 -9.036892E-02  9.739071E-02
  1.251332E+00 -1.004150E-01  1.069516E-01
  1.266723E+00 -1.106978E-01  1.165521E-01
  1.282304E+00 -1.212398E-01  1.261861E-01
  1.298076E+00 -1.320623E-01  1.358479E-01
  1.314042E+00 -1.431854E-01  1.455313E-01
  1.330205E+00 -1.546264E-01  1.552305E-01
  1.346567E+00 -1.663986E-01  1.649394E-01
  1.363130E+00 -1.785105E-01  1.746522E-01
  1.379896E+00 -1.909637E-01  1.843629E-01
  1.396869E+00 -2.037517E-01  1.940655E-01
  1.414050E+00 -2.168578E-01  2.037543E-01
  1.431443E+00 -2.302539E-01  2.134233E-01
  1.449050E+00 -2.438981E-01  2.230667E-01
  1.466873E+00 -2.577345E-01  2.326787E-01
  1.484916E+00 -2.716921E-01  2.422535E-01
  1.503180E+00 -2.856857E-01  2.517854E-01
  1.521669E+00 -2.996163E-01  2.612687E-01
  1.540386E+00 -3.133733E-01  2.706978E-01
  1.559332E+00 -3.268371E-01  2.800669E-01
  1.578512E+00 -3.398820E-01  2.893706E-01
  1.597928E+00 -3.523806E-01  2.986034E-01
  1.617582E+00 -3.642088E-01  3.077598E-01
  1.637479E+00 -3.752518E-01  3.168344E-01
  1.657620E+00 -3.854102E-01  3.258218E-01
  1.678008E+00 -3.946069E-01  3.347167E-01
  1.698648E+00 -4.027930E-01  3.435139E-01
  1.719541E+00 -4.099524E-01  3.522081E-01
  1.740692E+00 -4.161054E-01  3.607943E-01
  1.762102E+00 -4.213092E-01  3.692672E-01
  1.783776E+00 -4.256575E-01  3.776219E-01
  1.805717E+00 -4.292770E-01  3.858533E-01
  1.827927E+00 -4.323223E-01  3.939565E-01
  1.850410E+00 -4.349688E-01  4.019264E-01
  1.873170E+00 -4.374038E-01  4.097582E-01
  1.896210E+00 -4.398165E-01  4.174470E-01
  1.919534E+00 -4.423867E-01  4.249879E-01
  1.943144E+00 -4.452730E-01  4.323762E-01
  1.967045E+00 -4.486016E-01  4.396069E-01
  1.991239E+00 -4.524553E-01  4.466753E-01
  2.015732E+00 -4.568655E-01  4.535766E-01
  2.040525E+00 -4.618070E-01  4.603061E-01
  2.065624E+00 -4.671993E-01  4.668591E-01
  2.091031E+00 -4.729154E-01  4.732310E-01
  2.116750E+00 -4.788006E-01  4.794171E-01
  2.142786E+00 -4.846996E-01  4.854128E-01
  2.169143E+00 -4.904870E-01  4.912136E-01
  2.195823E+00 -4.960906E-01  4.968151E-01
  2.222832E+00 -5.014888E-01  5.022128E-01
  2.250173E+00 -5.066799E-01  5.074026E-01
  2.277850E+00 -5.116580E-01  5.123801E-01
  2.305867E+00 -5.164186E-01  5.171414E-01
  2.334229E+00 -5.209576E-01  5.216823E-01
  2.362940E+00 -5.252711E-01  5.259992E-01
  2.392005E+00 -5.293554E-01  5.300882E-01
  2.421426E+00 -5.332069E-01  5.339458E-01
  2.451210E+00 -5.368223E-01  5.375687E-01
  2.481360E+00 -5.401984E-01  5.409536E-01
  2.511880E+00 -5.433322E-01  5.440975E-01
  2.542777E+00 -5.462209E-01  5.469976E-01
  2.574053E+00 -5.488620E-01  5.496512E-01
  2.605714E+00 -5.512531E-01  5.520560E-01
  2.637764E+00 -5.533923E-01  5.542098E-01
  2.670208E+00 -5.552777E-01  5.561106E-01
  2.703052E+00 -5.569077E-01  5.577568E-01
  2.736299E+00 -5.582810E-01  5.591470E-01
  2.769956E+00 -5.593967E-01  5.602801E-01
  2.804026E+00 -5.602541E-01  5.611552E-01
  2.838516E+00 -5.608526E-01  5.617718E-01
  2.873430E+00 -5.611921E-01  5.621295E-01
  2.908773E+00 -5.612730E-01  5.622286E-01
  2.944551E+00 -5.610956E-01  5.620693E-01
  2.980769E+00 -5.606607E-01  5.616524E-01
  3.017432E+00 -5.599696E-01  5.609789E-01
  3.054547E+00 -5.590236E-01  5.600501E-01
  3.092118E+00 -5.578246E-01  5.588678E-01
  3.130151E+00 -5.563748E-01  5.574340E-01
  3.168651E+00 -5.546765E-01  5.557511E-01
  3.207626E+00 -5.527325E-01  5.538218E-01
  3.247080E+00 -5.505459E-01  5.516490E-01
  3.287019E+00 -5.481202E-01  5.492362E-01
  3.327449E+00 -5.454590E-01  5.465870E-01
  3.368377E+00 -5.425662E-01  5.437053E-01
  3.409808E+00 -5.394463E-01  5.405954E-01
  3.451748E+00 -5.361037E-01  5.372618E-01
  3.494205E+00 -5.325432E-01  5.337092E-01
  3.537184E+00 -5.287697E-01  5.299426E-01
  3.580691E+00 -5.247885E-01  5.259673E-01
  3.624733E+00 -5.206050E-01  5.217886E-01
  3.669318E+00 -5.162248E-01  5.174121E-01
  3.714450E+00 -5.116535E-01  5.128436E-01
  3.760138E+00 -5.068970E-01  5.080888E-01
  3.806388E+00 -5.019612E-01  5.031538E-01
  3.853206E+00 -4.968522E-01  4.980447E-01
  3.900601E+00 -4.915760E-01  4.927674E-01
  3.948578E+00 -4.861387E-01  4.873282E-01
  3.997146E+00 -4.805466E-01  4.817334E-01
  4.046310E+00 -4.748058E-01  4.759890E-01
  4.096080E+00 -4.689225E-01  4.701013E-01
  4.146462E+00 -4.629029E-01  4.640766E-01
  4.197463E+00 -4.567530E-01  4.579209E-01
  4.249092E+00 -4.504790E-01  4.516405E-01
  4.301356E+00 -4.440870E-01  4.452414E-01
  4.354263E+00 -4.375831E-01  4.387297E-01
  4.407820E+00 -4.309731E-01  4.321115E-01
  4.462036E+00 -4.242632E-01  4.253927E-01
  4.516919E+00 -4.174592E-01  4.185793E-01
  4.572477E+00 -4.105671E-01  4.116773E-01
  4.628719E+00 -4.035927E-01  4.046925E-01
  4.685652E+00 -3.965418E-01  3.976309E-01
  4.743286E+00 -3.894205E-01  3.904982E-01
  4.801628E+00 -3.822344E-01  3.833004E-01
  4.860688E+00 -3.749895E-01  3.760434E-01
  4.920475E+00 -3.676917E-01  3.687331E-01
  4.980996E+00 -3.603468E-01  3.613753E-01
  5.042263E+00 -3.529609E-01  3.539760E-01
  5.104282E+00 -3.455399E-01  3.465413E-01
  5.167065E+00 -3.380898E-01  3.390772E-01
  5.230620E+00 -3.306168E-01  3.315897E-01
  5.294957E+00 -3.231269E-01  3.240850E-01
  5.360085E+00 -3.156263E-01  3.165693E-01
  5.426014E+00 -3.081213E-01  3.090488E-01
  5.492754E+00 -3.006181E-01  3.015299E-01
  5.560315E+00 -2.931231E-01  2.940188E-01
  5.628706E+00 -2.856425E-01  2.865218E-01
  5.697939E+00 -2.781828E-01  2.790454E-01
  5.768024E+00 -2.707502E-01  2.715959E-01
  5.838971E+00 -2.633512E-01  2.641797E-01
  5.910790E+00 -2.559920E-01  2.568031E-01
  5.983493E+00 -2.486788E-01  2.494723E-01
  6.057090E+00 -2.414179E-01  2.421936E-01
  6.131592E+00 -2.342155E-01  2.349731E-01
  6.207011E+00 -2.270774E-01  2.278168E-01
  6.283357E+00 -2.200096E-01  2.207307E-01
  6.360642E+00 -2.130178E-01  2.137205E-01
  6.438878E+00 -2.061076E-01  2.067918E-01
  6.518076E+00 -1.992843E-01  1.999501E-01
  6.598249E+00 -1.925533E-01  1.932005E-01
  6.679407E+00 -1.859194E-01  1.865480E-01
  6.761564E+00 -1.793875E-01  1.799975E-01
  6.844731E+00 -1.729619E-01  1.735534E-01
  6.928921E+00 -1.666470E-01  1.672201E-01
  7.014147E+00 -1.604467E-01  1.610015E-01
  7.100421E+00 -1.543647E-01  1.549013E-01
  7.187756E+00 -1.484045E-01  1.489230E-01
  7.276166E+00 -1.425691E-01  1.430697E-01
  7.365662E+00 -1.368614E-01  1.373443E-01
  7.456260E+00 -1.312838E-01  1.317493E-01
  7.547972E+00 -1.258387E-01  1.262870E-01
  7.640812E+00 -1.205279E-01  1.209592E-01
  7.734794E+00 -1.153531E-01  1.157677E-01
  7.829932E+00 -1.103155E-01  1.107137E-01
  7.926240E+00 -1.054162E-01  1.057983E-01
  8.023733E+00 -1.006559E-01  1.010223E-01
  8.122425E+00 -9.603514E-02  9.638606E-02
  8.222331E+00 -9.155403E-02  9.188987E-02
  8.323465E+00 -8.721250E-02  8.753363E-02
  8.425844E+00 -8.301022E-02  8.331700E-02
  8.529482E+00 -7.894659E-02  7.923940E-02
  8.634394E+00 -7.502079E-02  7.530001E-02
  8.740598E+00 -7.123175E-02  7.149778E-02
  8.848107E+00 -6.757822E-02  6.783145E-02
  8.956939E+00 -6.405871E-02  6.429954E-02
  9.067109E+00 -6.067157E-02  6.090039E-02
  9.178634E+00 -5.741493E-02  5.763215E-02
  9.291532E+00 -5.428679E-02  5.449281E-02
  9.405817E+00 -5.128498E-02  5.148019E-02
  9.521509E+00 -4.840717E-02  4.859197E-02
  9.638624E+00 -4.565093E-02  4.582571E-02
  9.757179E+00 -4.301369E-02  4.317884E-02
  9.877192E+00 -4.049278E-02  4.064868E-02
  9.998681E+00 -3.808542E-02  3.823246E-02
  1.012167E+01 -3.578878E-02  3.592733E-02
  1.024616E+01 -3.359992E-02  3.373034E-02
  1.037219E+01 -3.151587E-02  3.163852E-02
  1.049977E+01 -2.953358E-02  2.964881E-02
  1.062891E+01 -2.764998E-02  2.775815E-02
  1.075965E+01 -2.586198E-02  2.596340E-02
  1.089199E+01 -2.416644E-02  2.426145E-02
  1.102597E+01 -2.256023E-02  2.264914E-02
  1.116158E+01 -2.104020E-02  2.112334E-02
  1.129887E+01 -1.960324E-02  1.968088E-02
  1.143785E+01 -1.824621E-02  1.831865E-02
  1.157853E+01 -1.696602E-02  1.703354E-02
  1.172095E+01 -1.575959E-02  1.582247E-02
  1.186512E+01 -1.462391E-02  1.468239E-02
  1.201106E+01 -1.355596E-02  1.361030E-02
  1.215879E+01 -1.255280E-02  1.260324E-02
  1.230835E+01 -1.161153E-02  1.165830E-02
  1.245974E+01 -1.072930E-02  1.077262E-02
  1.261300E+01 -9.903351E-03  9.943431E-03
  1.276813E+01 -9.130946E-03  9.167988E-03
  1.292518E+01 -8.409439E-03  8.443635E-03
  1.308416E+01 -7.736250E-03  7.767783E-03
  1.324510E+01 -7.108869E-03  7.137915E-03
  1.340801E+01 -6.524865E-03  6.551588E-03
  1.357293E+01 -5.981880E-03  6.006438E-03
  1.373988E+01 -5.477636E-03  5.500178E-03
  1.390888E+01 -5.009934E-03  5.030601E-03
  1.407996E+01 -4.576655E-03  4.595580E-03
  1.425314E+01 -4.175759E-03  4.193068E-03
  1.442846E+01 -3.805287E-03  3.821100E-03
  1.460593E+01 -3.463363E-03  3.477790E-03
  1.478558E+01 -3.148188E-03  3.161334E-03
  1.496744E+01 -2.858042E-03  2.870007E-03
  1.515154E+01 -2.591287E-03  2.602162E-03
  1.533790E+01 -2.346358E-03  2.356230E-03
  1.552656E+01 -2.121770E-03  2.130720E-03
  1.571754E+01 -1.916110E-03  1.924213E-03
  1.591086E+01 -1.728039E-03  1.735366E-03
  1.610657E+01 -1.556291E-03  1.562906E-03
  1.630468E+01 -1.399666E-03  1.405631E-03
  1.650522E+01 -1.257035E-03  1.262407E-03
  1.670824E+01 -1.127333E-03  1.132163E-03
  1.691375E+01 -1.009557E-03  1.013894E-03
  1.712179E+01 -9.027684E-04  9.066569E-04
  1.733239E+01 -8.060840E-04  8.095655E-04
  1.754558E+01 -7.186790E-04  7.217915E-04
  1.776139E+01 -6.397825E-04  6.425609E-04
  1.797985E+01 -5.686752E-04  5.711516E-04
  1.820100E+01 -5.046875E-04  5.068914E-04
  1.842488E+01 -4.471968E-04  4.491552E-04
  1.865150E+01 -3.956256E-04  3.973631E-04
  1.888092E+01 -3.494386E-04  3.509777E-04
  1.911315E+01 -3.081411E-04  3.095021E-04
  1.934824E+01 -2.712761E-04  2.724778E-04
  1.958623E+01 -2.384229E-04  2.394822E-04
  1.982714E+01 -2.091940E-04  2.101262E-04
  2.007101E+01 -1.832343E-04  1.840532E-04
  2.031788E+01 -1.602182E-04  1.609364E-04
  2.056779E+01 -1.398476E-04  1.404764E-04
  2.082078E+01 -1.218504E-04  1.224000E-04
  2.107687E+01 -1.059786E-04  1.064581E-04
  2.133612E+01 -9.200661E-05  9.242418E-05
  2.159855E+01 -7.972955E-05  8.009254E-05
  2.186421E+01 -6.896189E-05  6.927685E-05
  2.213314E+01 -5.953584E-05  5.980863E-05
  2.240538E+01 -5.129997E-05  5.153578E-05
  2.268097E+01 -4.411789E-05  4.432134E-05
  2.295994E+01 -3.786699E-05  3.804219E-05
  2.324235E+01 -3.243730E-05  3.258788E-05
  2.352823E+01 -2.773038E-05  2.785953E-05
  2.381763E+01 -2.365828E-05  2.376884E-05
  2.411059E+01 -2.014261E-05  2.023706E-05
  2.440715E+01 -1.711365E-05  1.719417E-05
  2.470735E+01 -1.450950E-05  1.457800E-05
  2.501126E+01 -1.227534E-05  1.233350E-05
  2.531889E+01 -1.036275E-05  1.041202E-05
  2.563032E+01 -8.729000E-06  8.770649E-06
  2.594557E+01 -7.336528E-06  7.371657E-06
  2.626470E+01 -6.152352E-06  6.181917E-06
  2.658776E+01 -5.147593E-06  5.172420E-06
  2.691478E+01 -4.297020E-06  4.317820E-06
  2.724584E+01 -3.578643E-06  3.596029E-06
  2.758096E+01 -2.973340E-06  2.987839E-06
  2.792021E+01 -2.464525E-06  2.476588E-06
  2.826362E+01 -2.037846E-06  2.047859E-06
  2.861127E+01 -1.680917E-06  1.689207E-06
  2.896319E+01 -1.383072E-06  1.389919E-06
  2.931943E+01 -1.135149E-06  1.140791E-06
  2.968006E+01 -9.293043E-07  9.339409E-07
  3.004513E+01 -7.588322E-07  7.626332E-07
  3.041468E+01 -6.180202E-07  6.211281E-07
  3.078878E+01 -5.020125E-07  5.045471E-07
  3.116748E+01 -4.066936E-07  4.087552E-07
  3.155084E+01 -3.285842E-07  3.302565E-07
  3.193892E+01 -2.647512E-07  2.661042E-07
  3.233177E+01 -2.127288E-07  2.138205E-07
  3.272945E+01 -1.704501E-07  1.713284E-07
  3.313202E+01 -1.361869E-07  1.368916E-07
  3.353955E+01 -1.084990E-07  1.090627E-07
  3.395208E+01 -8.618911E-08  8.663886E-08
  3.436969E+01 -6.826532E-08  6.862306E-08
  3.479244E+01 -5.390797E-08  5.419169E-08
  3.522039E+01 -4.244191E-08  4.266626E-08
  3.565360E+01 -3.331270E-08  3.348956E-08
  3.609214E+01 -2.606640E-08  2.620540E-08
  3.653607E+01 -2.033257E-08  2.044147E-08
  3.698546E+01 -1.580980E-08  1.589486E-08
  3.744039E+01 -1.225368E-08  1.231990E-08
  3.790090E+01 -9.466631E-09  9.518025E-09
  3.836708E+01 -7.289464E-09  7.329219E-09
  3.883900E+01 -5.594347E-09  5.624998E-09
  3.931672E+01 -4.278966E-09  4.302519E-09
  3.980031E+01 -3.261715E-09  3.279752E-09
  4.028986E+01 -2.477721E-09  2.491487E-09
  4.078542E+01 -1.875597E-09  1.886067E-09
  4.128708E+01 -1.414779E-09  1.422715E-09
  4.179491E+01 -1.063360E-09  1.069354E-09
  4.230899E+01 -7.963356E-10  8.008456E-10
  4.282939E+01 -5.941771E-10  5.975586E-10
  4.335619E+01 -4.416925E-10  4.442186E-10
  4.388948E+01 -3.271061E-10  3.289862E-10
  4.442932E+01 -2.413246E-10  2.427185E-10
  4.497580E+01 -1.773528E-10  1.783824E-10
  4.552900E+01 -1.298308E-10  1.305883E-10
  4.608901E+01 -9.466714E-11  9.522228E-11
  4.665590E+01 -6.875141E-11  6.915665E-11
  4.722977E+01 -4.972825E-11  5.002287E-11
  4.781069E+01 -3.582137E-11  3.603470E-11
  4.839877E+01 -2.569666E-11  2.585049E-11
  4.899407E+01 -1.835626E-11  1.846673E-11
  4.959670E+01 -1.305696E-11  1.313596E-11
  5.020674E+01 -9.247571E-12  9.303818E-12
  5.082428E+01 -6.521051E-12  6.560927E-12
  5.144942E+01 -4.578134E-12  4.606280E-12
  5.208225E+01 -3.199753E-12  3.219533E-12
  5.272286E+01 -2.226269E-12  2.240106E-12
  5.337135E+01 -1.541869E-12  1.551505E-12
  5.402782E+01 -1.062922E-12  1.069602E-12
  5.469236E+01 -7.293140E-13  7.339230E-13
  5.536507E+01 -4.980368E-13  5.012020E-13
  5.604606E+01 -3.384672E-13  3.406304E-13
  5.673543E+01 -2.289043E-13  2.303756E-13
  5.743328E+01 -1.540449E-13  1.550407E-13
  5.813971E+01 -1.031502E-13  1.038209E-13
  5.885482E+01 -6.872197E-14  6.917139E-14
  5.957874E+01 -4.555082E-14  4.585045E-14
  6.031156E+01 -3.003617E-14  3.023491E-14
  6.105339E+01 -1.970210E-14  1.983323E-14
  6.180435E+01 -1.285499E-14  1.294106E-14
  6.256454E+01 -8.342456E-15  8.398647E-15
  6.333408E+01 -5.384554E-15  5.421041E-15
  6.411309E+01 -3.456290E-15  3.479853E-15
  6.490168E+01 -2.206205E-15  2.221337E-15
  6.569997E+01 -1.400322E-15  1.409986E-15
  6.650808E+01 -8.837461E-16  8.898823E-16
  6.732613E+01 -5.545375E-16  5.584114E-16
  6.815425E+01  0.000000E+00  0.000000E+00
  6.899254E+01  0.000000E+00  0.000000E+00
  6.984115E+01  0.000000E+00  0.000000E+00
  7.070020E+01  0.000000E+00  0.000000E+00
  7.156981E+01  0.000000E+00  0.000000E+00
  7.245012E+01  0.000000E+00  0.000000E+00
  7.334125E+01  0.000000E+00  0.000000E+00
  7.424335E+01  0.000000E+00  0.000000E+00
  7.515655E+01  0.000000E+00  0.000000E+00
  7.608097E+01  0.000000E+00  0.000000E+00
  7.701677E+01  0.000000E+00  0.000000E+00
  7.796407E+01  0.000000E+00  0.000000E+00
  7.892303E+01  0.000000E+00  0.000000E+00
  7.989378E+01  0.000000E+00  0.000000E+00
