RUNNING THE L-BFGS-B CODE

it    = iteration number
nf    = number of function evaluations
nseg  = number of segments explored during the Cauchy search
nact  = number of active bounds at the generalized Cauchy point
sub   = manner in which the subspace minimization terminated:
        con = converged, bnd = a bound was reached
itls  = number of iterations performed in the line search
stepl = step length used
tstep = norm of the displacement (total step)
projg = norm of the projected gradient
f     = function value

           * * *

Machine precision = 2.220D-16
 N =            7     M =           10

   it   nf  nseg  nact  sub  itls  stepl    tstep     projg        f
    0    1     -     -   -     -     -        -     3.188D-04  3.124D-05
    1    4     1     0  ---    2  3.8D+00  1.7D-03  2.922D-04  3.086D-05
    2    5     0     0  con    0  1.0D+00  9.7D-04  7.184D-05  3.069D-05
    3    6     0     0  con    0  1.0D+00  5.0D-04  3.579D-05  3.066D-05
    4    7     0     0  con    0  1.0D+00  3.7D-04  4.977D-05  3.065D-05
    5    8     0     0  con    0  1.0D+00  2.9D-03  1.766D-04  3.054D-05
    6    9     0     0  con    0  1.0D+00  6.4D-03  3.259D-04  3.032D-05
    7   10     0     0  con    0  1.0D+00  1.9D-02  5.691D-04  2.974D-05
    8   11     0     0  con    0  1.0D+00  4.1D-02  8.393D-04  2.858D-05
    9   12     0     0  con    0  1.0D+00  7.0D-02  9.830D-04  2.668D-05
   10   13     0     0  con    0  1.0D+00  7.4D-02  7.420D-04  2.462D-05
   11   14     0     0  con    0  1.0D+00  3.8D-02  2.019D-04  2.352D-05
   12   15     0     0  con    0  1.0D+00  2.5D-03  2.719D-05  2.343D-05
   13   16     0     0  con    0  1.0D+00  1.3D-03  2.832D-05  2.343D-05
   14   17     0     0  con    0  1.0D+00  3.2D-03  4.896D-05  2.341D-05
   15   18     0     0  con    0  1.0D+00  4.8D-03  9.641D-05  2.338D-05
   16   19     0     0  con    0  1.0D+00  8.4D-03  1.697D-04  2.328D-05
   17   20     0     0  con    0  1.0D+00  1.7D-02  3.222D-04  2.303D-05
   18   21     0     0  con    0  1.0D+00  3.9D-02  4.942D-04  2.242D-05
   19   22     0     0  con    0  1.0D+00  1.1D-01  8.297D-04  2.078D-05
   20   23     0     0  con    0  1.0D+00  2.9D-01  8.572D-04  1.682D-05
   21   25     0     0  con    1  4.8D-01  3.6D-01  6.638D-04  1.289D-05
   22   26     0     0  con    0  1.0D+00  2.4D-01  7.690D-04  9.151D-06
   23   27     0     0  con    0  1.0D+00  8.5D-02  1.913D-04  5.783D-06
   24   28     0     0  con    0  1.0D+00  2.3D-01  8.240D-04  4.974D-06
   25   29     0     0  con    0  1.0D+00  8.6D-02  2.504D-04  4.275D-06
   26   30     0     0  con    0  1.0D+00  4.6D-02  2.088D-04  3.984D-06
   27   31     0     0  con    0  1.0D+00  2.5D-01  2.226D-04  3.193D-06
   28   32     0     0  con    0  1.0D+00  2.8D-02  2.907D-05  3.051D-06
   29   33     0     0  con    0  1.0D+00  5.3D-02  1.721D-05  3.019D-06
   30   34     0     0  con    0  1.0D+00  7.2D-03  1.123D-05  3.016D-06
   31   35     0     0  con    0  1.0D+00  3.4D-03  4.563D-06  3.016D-06
   32   36     0     0  con    0  1.0D+00  2.9D-03  7.023D-06  3.015D-06
   33   37     0     0  con    0  1.0D+00  6.3D-03  2.070D-05  3.012D-06
   34   38     0     0  con    0  1.0D+00  1.1D-02  4.008D-05  3.006D-06
   35   39     0     0  con    0  1.0D+00  2.3D-02  6.892D-05  2.989D-06
   36   40     0     0  con    0  1.0D+00  7.1D-02  6.151D-05  2.915D-06
   37   43     0     0  con    2  2.9D-02  5.3D-02  9.619D-05  2.868D-06
   38   44     0     0  con    0  1.0D+00  4.3D-02  2.077D-04  2.826D-06
   39   45     0     0  con    0  1.0D+00  4.4D-02  1.379D-04  2.688D-06
   40   46     0     0  con    0  1.0D+00  5.6D-02  1.632D-04  2.583D-06
   41   48     0     0  con    1  4.4D-01  6.7D-03  8.127D-05  2.564D-06
   42   49     0     0  con    0  1.0D+00  7.4D-03  8.399D-05  2.552D-06
   43   50     0     0  con    0  1.0D+00  6.6D-02  1.782D-04  2.479D-06
   44   51     0     0  con    0  1.0D+00  1.6D-02  1.375D-05  2.428D-06
   45   52     0     0  con    0  1.0D+00  3.3D-02  3.295D-05  2.386D-06
   46   54     0     0  con    1  2.5D-01  4.0D-02  7.989D-05  2.351D-06
   47   55     0     0  con    0  1.0D+00  5.5D-02  1.270D-04  2.320D-06
   48   56     0     0  con    0  1.0D+00  3.8D-02  5.374D-05  2.278D-06
   49   57     0     0  con    0  1.0D+00  5.4D-02  8.190D-05  2.235D-06
   50   58     0     0  con    0  1.0D+00  7.0D-02  1.226D-04  2.172D-06
   51   59     0     0  con    0  1.0D+00  1.8D-02  5.713D-05  2.132D-06
   52   60     0     0  con    0  1.0D+00  3.7D-02  8.815D-05  2.112D-06
   53   61     0     0  con    0  1.0D+00  1.5D-02  3.158D-05  2.103D-06
   54   62     0     0  con    0  1.0D+00  5.1D-03  2.433D-05  2.098D-06
   55   63     0     0  con    0  1.0D+00  4.6D-02  6.828D-05  2.068D-06
   56   64     0     0  con    0  1.0D+00  2.1D-02  5.274D-05  2.038D-06
   57   65     0     0  con    0  1.0D+00  1.1D-01  1.303D-04  2.010D-06
   58   67     0     0  con    1  3.9D-01  2.0D-02  3.446D-05  1.978D-06
   59   68     0     0  con    0  1.0D+00  1.4D-02  3.284D-05  1.970D-06
   60   70     0     0  con    1  4.9D-01  3.9D-02  6.024D-05  1.953D-06
   61   71     0     0  con    0  1.0D+00  1.7D-02  1.972D-05  1.940D-06
   62   73     0     0  con    1  4.5D-01  2.9D-02  3.872D-05  1.934D-06
   63   74     0     0  con    0  1.0D+00  7.9D-02  5.869D-05  1.919D-06
   64   75     0     0  con    0  1.0D+00  1.7D-02  1.860D-05  1.914D-06
   65   76     0     0  con    0  1.0D+00  2.8D-02  1.673D-05  1.906D-06
   66   78     0     0  con    1  4.6D-01  1.7D-02  3.025D-05  1.904D-06
   67   79     0     0  con    0  1.0D+00  1.6D-02  2.991D-05  1.900D-06
   68   81     0     0  con    1  3.6D-01  6.6D-03  3.254D-05  1.899D-06
   69   82     0     0  con    0  1.0D+00  1.8D-02  1.392D-05  1.895D-06
   70   83     0     0  con    0  1.0D+00  4.9D-02  3.784D-05  1.894D-06
   71   84     0     0  con    0  1.0D+00  6.0D-03  1.229D-05  1.891D-06
   72   85     0     0  con    0  1.0D+00  1.5D-02  5.546D-06  1.890D-06
   73   86     0     0  con    0  1.0D+00  2.2D-02  1.527D-05  1.889D-06
   74   87     0     0  con    0  1.0D+00  1.0D-03  8.552D-06  1.888D-06
   75   88     0     0  con    0  1.0D+00  2.0D-02  4.943D-06  1.887D-06
   76   89     0     0  con    0  1.0D+00  1.1D-02  3.393D-06  1.887D-06
   77   90     0     0  con    0  1.0D+00  8.2D-03  2.009D-06  1.887D-06
   78   91     0     0  con    0  1.0D+00  5.5D-03  1.658D-07  1.887D-06
   79   92     0     0  con    0  1.0D+00  4.5D-03  1.391D-06  1.887D-06
   80   93     0     0  con    0  1.0D+00  1.3D-03  3.846D-07  1.887D-06
   81   94     0     0  con    0  1.0D+00  2.4D-04  8.516D-08  1.887D-06
   82   95     0     0  con    0  1.0D+00  9.6D-05  3.282D-08  1.887D-06
   83   96     0     0  con    0  1.0D+00  8.3D-05  1.054D-08  1.887D-06
   84   97     0     0  con    0  1.0D+00  1.3D-04  3.581D-08  1.887D-06
   85   98     0     0  con    0  1.0D+00  1.4D-05  7.746D-09  1.887D-06
   86  108     0     0  con    9  2.2D-13  3.4D-18  7.752D-09  1.887D-06
   87  114     0     0  con    5  0.0D+00  0.0D+00  7.736D-09  1.887D-06

CONVERGENCE: REL_REDUCTION_OF_F_<=_FACTR*EPSMCH             

 Total User time 3.827E+02 seconds.

