  2.403846E-04  5.296855E-08  2.052700E-05
  2.433413E-04  5.427959E-08  2.094483E-05
  2.463344E-04  5.562308E-08  2.137114E-05
  2.493644E-04  5.699982E-08  2.180611E-05
  2.524315E-04  5.841064E-08  2.225041E-05
  2.555364E-04  5.985638E-08  2.270533E-05
  2.586795E-04  6.133791E-08  2.317081E-05
  2.618613E-04  6.285610E-08  2.364712E-05
  2.650822E-04  6.441187E-08  2.413450E-05
  2.683427E-04  6.600614E-08  2.463319E-05
  2.716433E-04  6.763988E-08  2.514343E-05
  2.749845E-04  6.931406E-08  2.566547E-05
  2.783668E-04  7.102967E-08  2.619957E-05
  2.817908E-04  7.278775E-08  2.674598E-05
  2.852568E-04  7.458934E-08  2.730497E-05
  2.887654E-04  7.643552E-08  2.787682E-05
  2.923173E-04  7.832740E-08  2.846181E-05
  2.959128E-04  8.026610E-08  2.906022E-05
  2.995525E-04  8.225279E-08  2.967234E-05
  3.032370E-04  8.428866E-08  3.029848E-05
  3.069668E-04  8.637491E-08  3.093895E-05
  3.107425E-04  8.851280E-08  3.159405E-05
  3.145646E-04  9.070361E-08  3.226411E-05
  3.184338E-04  9.294864E-08  3.294946E-05
  3.223505E-04  9.524925E-08  3.365044E-05
  3.263154E-04  9.760679E-08  3.436739E-05
  3.303291E-04  1.000227E-07  3.510066E-05
  3.343921E-04  1.024984E-07  3.585062E-05
  3.385052E-04  1.050353E-07  3.661763E-05
  3.426688E-04  1.076351E-07  3.740208E-05
  3.468836E-04  1.102992E-07  3.820435E-05
  3.511503E-04  1.130293E-07  3.902484E-05
  3.554694E-04  1.158269E-07  3.986396E-05
  3.598417E-04  1.186938E-07  4.072211E-05
  3.642677E-04  1.216316E-07  4.159973E-05
  3.687482E-04  1.246421E-07  4.249724E-05
  3.732838E-04  1.277272E-07  4.341510E-05
  3.778752E-04  1.308886E-07  4.435376E-05
  3.825231E-04  1.341283E-07  4.531369E-05
  3.872281E-04  1.374481E-07  4.629536E-05
  3.919910E-04  1.408501E-07  4.729926E-05
  3.968125E-04  1.443364E-07  4.832589E-05
  4.016933E-04  1.479089E-07  4.937577E-05
  4.066342E-04  1.515698E-07  5.044941E-05
  4.116358E-04  1.553214E-07  5.154734E-05
  4.166989E-04  1.591658E-07  5.267013E-05
  4.218243E-04  1.631054E-07  5.381833E-05
  4.270127E-04  1.671424E-07  5.499251E-05
  4.322650E-04  1.712794E-07  5.619326E-05
  4.375818E-04  1.755188E-07  5.742118E-05
  4.429641E-04  1.798631E-07  5.867689E-05
  4.484125E-04  1.843150E-07  5.996101E-05
  4.539280E-04  1.888770E-07  6.127419E-05
  4.595113E-04  1.935520E-07  6.261709E-05
  4.651633E-04  1.983427E-07  6.399038E-05
  4.708848E-04  2.032519E-07  6.539476E-05
  4.766767E-04  2.082827E-07  6.683092E-05
  4.825398E-04  2.134379E-07  6.829960E-05
  4.884751E-04  2.187208E-07  6.980153E-05
  4.944833E-04  2.241345E-07  7.133746E-05
  5.005655E-04  2.296821E-07  7.290818E-05
  5.067224E-04  2.353670E-07  7.451448E-05
  5.129551E-04  2.411927E-07  7.615717E-05
  5.192644E-04  2.471625E-07  7.783707E-05
  5.256514E-04  2.532801E-07  7.955504E-05
  5.321169E-04  2.595491E-07  8.131195E-05
  5.386620E-04  2.659733E-07  8.310869E-05
  5.452875E-04  2.725565E-07  8.494616E-05
  5.519945E-04  2.793027E-07  8.682531E-05
  5.587841E-04  2.862158E-07  8.874708E-05
  5.656571E-04  2.933000E-07  9.071245E-05
  5.726147E-04  3.005596E-07  9.272242E-05
  5.796579E-04  3.079989E-07  9.477801E-05
  5.867876E-04  3.156223E-07  9.688027E-05
  5.940051E-04  3.234343E-07  9.903027E-05
  6.013114E-04  3.314398E-07  1.012291E-04
  6.087075E-04  3.396434E-07  1.034779E-04
  6.161946E-04  3.480500E-07  1.057778E-04
  6.237738E-04  3.566647E-07  1.081300E-04
  6.314462E-04  3.654927E-07  1.105356E-04
  6.392130E-04  3.745391E-07  1.129960E-04
  6.470753E-04  3.838095E-07  1.155123E-04
  6.550344E-04  3.933093E-07  1.180859E-04
  6.630913E-04  4.030443E-07  1.207181E-04
  6.712473E-04  4.130202E-07  1.234102E-04
  6.795037E-04  4.232430E-07  1.261637E-04
  6.878616E-04  4.337188E-07  1.289798E-04
  6.963223E-04  4.444540E-07  1.318601E-04
  7.048870E-04  4.554548E-07  1.348061E-04
  7.135571E-04  4.667280E-07  1.378192E-04
  7.223339E-04  4.782802E-07  1.409011E-04
  7.312186E-04  4.901183E-07  1.440533E-04
  7.402126E-04  5.022494E-07  1.472774E-04
  7.493172E-04  5.146808E-07  1.505751E-04
  7.585338E-04  5.274199E-07  1.539481E-04
  7.678638E-04  5.404742E-07  1.573982E-04
  7.773085E-04  5.538518E-07  1.609270E-04
  7.868694E-04  5.675604E-07  1.645365E-04
  7.965479E-04  5.816083E-07  1.682286E-04
  8.063454E-04  5.960039E-07  1.720051E-04
  8.162635E-04  6.107559E-07  1.758679E-04
  8.263035E-04  6.258730E-07  1.798192E-04
  8.364670E-04  6.413642E-07  1.838608E-04
  8.467556E-04  6.572389E-07  1.879951E-04
  8.571707E-04  6.735066E-07  1.922240E-04
  8.677139E-04  6.901768E-07  1.965497E-04
  8.783867E-04  7.072597E-07  2.009747E-04
  8.891909E-04  7.247654E-07  2.055010E-04
  9.001280E-04  7.427044E-07  2.101311E-04
  9.111995E-04  7.610875E-07  2.148675E-04
  9.224073E-04  7.799255E-07  2.197125E-04
  9.337529E-04  7.992298E-07  2.246687E-04
  9.452381E-04  8.190119E-07  2.297386E-04
  9.568645E-04  8.392837E-07  2.349250E-04
  9.686339E-04  8.600572E-07  2.402305E-04
  9.805481E-04  8.813450E-07  2.456580E-04
  9.926089E-04  9.031596E-07  2.512101E-04
  1.004818E-03  9.255141E-07  2.568899E-04
  1.017177E-03  9.484220E-07  2.627004E-04
  1.029688E-03  9.718969E-07  2.686444E-04
  1.042354E-03  9.959528E-07  2.747253E-04
  1.055175E-03  1.020604E-06  2.809461E-04
  1.068153E-03  1.045866E-06  2.873101E-04
  1.081292E-03  1.071753E-06  2.938207E-04
  1.094591E-03  1.098280E-06  3.004812E-04
  1.108055E-03  1.125464E-06  3.072953E-04
  1.121684E-03  1.153321E-06  3.142663E-04
  1.135481E-03  1.181868E-06  3.213981E-04
  1.149447E-03  1.211121E-06  3.286943E-04
  1.163585E-03  1.241098E-06  3.361588E-04
  1.177897E-03  1.271817E-06  3.437955E-04
  1.192386E-03  1.303297E-06  3.516085E-04
  1.207052E-03  1.335555E-06  3.596018E-04
  1.221899E-03  1.368613E-06  3.677797E-04
  1.236928E-03  1.402488E-06  3.761464E-04
  1.252142E-03  1.437202E-06  3.847064E-04
  1.267544E-03  1.472775E-06  3.934642E-04
  1.283134E-03  1.509229E-06  4.024244E-04
  1.298917E-03  1.546584E-06  4.115918E-04
  1.314894E-03  1.584865E-06  4.209711E-04
  1.331067E-03  1.624093E-06  4.305673E-04
  1.347439E-03  1.664292E-06  4.403855E-04
  1.364012E-03  1.705486E-06  4.504309E-04
  1.380790E-03  1.747700E-06  4.607088E-04
  1.397773E-03  1.790959E-06  4.712246E-04
  1.414966E-03  1.835288E-06  4.819838E-04
  1.432370E-03  1.880714E-06  4.929922E-04
  1.449988E-03  1.927265E-06  5.042556E-04
  1.467823E-03  1.974969E-06  5.157800E-04
  1.485877E-03  2.023853E-06  5.275713E-04
  1.504154E-03  2.073947E-06  5.396360E-04
  1.522655E-03  2.125281E-06  5.519803E-04
  1.541383E-03  2.177885E-06  5.646108E-04
  1.560342E-03  2.231792E-06  5.775342E-04
  1.579535E-03  2.287033E-06  5.907573E-04
  1.598963E-03  2.343641E-06  6.042872E-04
  1.618630E-03  2.401651E-06  6.181310E-04
  1.638539E-03  2.461096E-06  6.322960E-04
  1.658693E-03  2.522013E-06  6.467898E-04
  1.679095E-03  2.584437E-06  6.616200E-04
  1.699748E-03  2.648407E-06  6.767945E-04
  1.720655E-03  2.713960E-06  6.923213E-04
  1.741819E-03  2.781136E-06  7.082087E-04
  1.763243E-03  2.849975E-06  7.244651E-04
  1.784931E-03  2.920518E-06  7.410992E-04
  1.806886E-03  2.992806E-06  7.581196E-04
  1.829111E-03  3.066884E-06  7.755355E-04
  1.851609E-03  3.142796E-06  7.933562E-04
  1.874384E-03  3.220587E-06  8.115909E-04
  1.897438E-03  3.300303E-06  8.302495E-04
  1.920777E-03  3.381992E-06  8.493418E-04
  1.944402E-03  3.465704E-06  8.688780E-04
  1.968319E-03  3.551488E-06  8.888683E-04
  1.992529E-03  3.639395E-06  9.093235E-04
  2.017037E-03  3.729478E-06  9.302543E-04
  2.041847E-03  3.821790E-06  9.516719E-04
  2.066961E-03  3.916388E-06  9.735876E-04
  2.092385E-03  4.013328E-06  9.960130E-04
  2.118121E-03  4.112667E-06  1.018960E-03
  2.144174E-03  4.214465E-06  1.042441E-03
  2.170548E-03  4.318783E-06  1.066468E-03
  2.197245E-03  4.425683E-06  1.091054E-03
  2.224271E-03  4.535229E-06  1.116212E-03
  2.251630E-03  4.647487E-06  1.141955E-03
  2.279325E-03  4.762524E-06  1.168298E-03
  2.307361E-03  4.880408E-06  1.195253E-03
  2.335741E-03  5.001210E-06  1.222835E-03
  2.364471E-03  5.125003E-06  1.251059E-03
  2.393554E-03  5.251860E-06  1.279940E-03
  2.422995E-03  5.381857E-06  1.309493E-03
  2.452797E-03  5.515072E-06  1.339734E-03
  2.482967E-03  5.651585E-06  1.370678E-03
  2.513507E-03  5.791477E-06  1.402342E-03
  2.544423E-03  5.934832E-06  1.434743E-03
  2.575720E-03  6.081736E-06  1.467897E-03
  2.607401E-03  6.232276E-06  1.501823E-03
  2.639472E-03  6.386542E-06  1.536539E-03
  2.671938E-03  6.544628E-06  1.572062E-03
  2.704803E-03  6.706627E-06  1.608411E-03
  2.738072E-03  6.872635E-06  1.645605E-03
  2.771750E-03  7.042754E-06  1.683665E-03
  2.805842E-03  7.217084E-06  1.722610E-03
  2.840354E-03  7.395729E-06  1.762461E-03
  2.875291E-03  7.578796E-06  1.803238E-03
  2.910657E-03  7.766396E-06  1.844964E-03
  2.946458E-03  7.958639E-06  1.887659E-03
  2.982699E-03  8.155642E-06  1.931348E-03
  3.019386E-03  8.357521E-06  1.976051E-03
  3.056525E-03  8.564398E-06  2.021794E-03
  3.094120E-03  8.776396E-06  2.068599E-03
  3.132178E-03  8.993643E-06  2.116492E-03
  3.170704E-03  9.216268E-06  2.165498E-03
  3.209703E-03  9.444403E-06  2.215642E-03
  3.249183E-03  9.678187E-06  2.266951E-03
  3.289148E-03  9.917758E-06  2.319451E-03
  3.329604E-03  1.016326E-05  2.373170E-03
  3.370558E-03  1.041484E-05  2.428136E-03
  3.412016E-03  1.067265E-05  2.484377E-03
  3.453984E-03  1.093684E-05  2.541924E-03
  3.496468E-03  1.120757E-05  2.600805E-03
  3.539474E-03  1.148500E-05  2.661053E-03
  3.583010E-03  1.176931E-05  2.722697E-03
  3.627081E-03  1.206065E-05  2.785771E-03
  3.671694E-03  1.235920E-05  2.850307E-03
  3.716856E-03  1.266514E-05  2.916338E-03
  3.762573E-03  1.297866E-05  2.983899E-03
  3.808853E-03  1.329994E-05  3.053025E-03
  3.855702E-03  1.362918E-05  3.123751E-03
  3.903127E-03  1.396657E-05  3.196115E-03
  3.951135E-03  1.431231E-05  3.270154E-03
  3.999734E-03  1.466661E-05  3.345905E-03
  4.048931E-03  1.502968E-05  3.423409E-03
  4.098733E-03  1.540174E-05  3.502704E-03
  4.149147E-03  1.578301E-05  3.583833E-03
  4.200182E-03  1.617373E-05  3.666836E-03
  4.251844E-03  1.657412E-05  3.751757E-03
  4.304142E-03  1.698442E-05  3.838638E-03
  4.357083E-03  1.740488E-05  3.927526E-03
  4.410675E-03  1.783575E-05  4.018464E-03
  4.464926E-03  1.827729E-05  4.111500E-03
  4.519845E-03  1.872976E-05  4.206681E-03
  4.575439E-03  1.919343E-05  4.304056E-03
  4.631717E-03  1.966859E-05  4.403675E-03
  4.688687E-03  2.015551E-05  4.505588E-03
  4.746358E-03  2.065449E-05  4.609847E-03
  4.804738E-03  2.116582E-05  4.716505E-03
  4.863836E-03  2.168982E-05  4.825617E-03
  4.923661E-03  2.222679E-05  4.937237E-03
  4.984222E-03  2.277706E-05  5.051423E-03
  5.045528E-03  2.334096E-05  5.168231E-03
  5.107588E-03  2.391882E-05  5.287721E-03
  5.170412E-03  2.451098E-05  5.409953E-03
  5.234008E-03  2.511782E-05  5.534989E-03
  5.298386E-03  2.573968E-05  5.662891E-03
  5.363556E-03  2.637694E-05  5.793724E-03
  5.429528E-03  2.702998E-05  5.927554E-03
  5.496311E-03  2.769920E-05  6.064446E-03
  5.563916E-03  2.838499E-05  6.204470E-03
  5.632352E-03  2.908776E-05  6.347695E-03
  5.701630E-03  2.980794E-05  6.494193E-03
  5.771760E-03  3.054596E-05  6.644037E-03
  5.842752E-03  3.130225E-05  6.797300E-03
  5.914618E-03  3.207728E-05  6.954060E-03
  5.987368E-03  3.287150E-05  7.114392E-03
  6.061013E-03  3.368539E-05  7.278377E-03
  6.135563E-03  3.451944E-05  7.446096E-03
  6.211031E-03  3.537416E-05  7.617630E-03
  6.287426E-03  3.625004E-05  7.793065E-03
  6.364762E-03  3.714762E-05  7.972485E-03
  6.443048E-03  3.806743E-05  8.155979E-03
  6.522298E-03  3.901003E-05  8.343637E-03
  6.602522E-03  3.997598E-05  8.535549E-03
  6.683733E-03  4.096585E-05  8.731808E-03
  6.765943E-03  4.198025E-05  8.932512E-03
  6.849164E-03  4.301978E-05  9.137755E-03
  6.933409E-03  4.408506E-05  9.347638E-03
  7.018690E-03  4.517674E-05  9.562261E-03
  7.105020E-03  4.629546E-05  9.781728E-03
  7.192411E-03  4.744189E-05  1.000614E-02
  7.280878E-03  4.861674E-05  1.023562E-02
  7.370433E-03  4.982069E-05  1.047025E-02
  7.461089E-03  5.105447E-05  1.071017E-02
  7.552860E-03  5.231883E-05  1.095548E-02
  7.645761E-03  5.361451E-05  1.120629E-02
  7.739803E-03  5.494231E-05  1.146274E-02
  7.835003E-03  5.630300E-05  1.172493E-02
  7.931374E-03  5.769742E-05  1.199299E-02
  8.028930E-03  5.912639E-05  1.226705E-02
  8.127685E-03  6.059078E-05  1.254723E-02
  8.227656E-03  6.209146E-05  1.283367E-02
  8.328856E-03  6.362933E-05  1.312649E-02
  8.431301E-03  6.520532E-05  1.342585E-02
  8.535006E-03  6.682038E-05  1.373186E-02
  8.639987E-03  6.847546E-05  1.404468E-02
  8.746258E-03  7.017158E-05  1.436445E-02
  8.853837E-03  7.190974E-05  1.469131E-02
  8.962740E-03  7.369098E-05  1.502542E-02
  9.072981E-03  7.551639E-05  1.536692E-02
  9.184579E-03  7.738705E-05  1.571598E-02
  9.297549E-03  7.930410E-05  1.607274E-02
  9.411909E-03  8.126867E-05  1.643738E-02
  9.527676E-03  8.328196E-05  1.681005E-02
  9.644866E-03  8.534517E-05  1.719092E-02
  9.763498E-03  8.745954E-05  1.758017E-02
  9.883589E-03  8.962634E-05  1.797796E-02
  1.000516E-02  9.184688E-05  1.838447E-02
  1.012822E-02  9.412250E-05  1.879989E-02
  1.025280E-02  9.645455E-05  1.922439E-02
  1.037891E-02  9.884444E-05  1.965816E-02
  1.050657E-02  1.012936E-04  2.010139E-02
  1.063580E-02  1.038036E-04  2.055427E-02
  1.076662E-02  1.063758E-04  2.101701E-02
  1.089905E-02  1.090118E-04  2.148979E-02
  1.103311E-02  1.117132E-04  2.197283E-02
  1.116881E-02  1.144816E-04  2.246633E-02
  1.130619E-02  1.173187E-04  2.297049E-02
  1.144526E-02  1.202263E-04  2.348555E-02
  1.158603E-02  1.232060E-04  2.401170E-02
  1.172854E-02  1.262596E-04  2.454918E-02
  1.187280E-02  1.293890E-04  2.509821E-02
  1.201884E-02  1.325961E-04  2.565902E-02
  1.216667E-02  1.358828E-04  2.623184E-02
  1.231632E-02  1.392511E-04  2.681691E-02
  1.246781E-02  1.427030E-04  2.741446E-02
  1.262116E-02  1.462407E-04  2.802475E-02
  1.277640E-02  1.498661E-04  2.864802E-02
  1.293355E-02  1.535816E-04  2.928453E-02
  1.309264E-02  1.573894E-04  2.993453E-02
  1.325368E-02  1.612917E-04  3.059828E-02
  1.341670E-02  1.652909E-04  3.127605E-02
  1.358172E-02  1.693895E-04  3.196810E-02
  1.374878E-02  1.735899E-04  3.267471E-02
  1.391789E-02  1.778947E-04  3.339616E-02
  1.408908E-02  1.823064E-04  3.413272E-02
  1.426237E-02  1.868277E-04  3.488469E-02
  1.443780E-02  1.914614E-04  3.565235E-02
  1.461538E-02  1.962102E-04  3.643600E-02
  1.479515E-02  2.010771E-04  3.723593E-02
  1.497713E-02  2.060649E-04  3.805245E-02
  1.516135E-02  2.111767E-04  3.888586E-02
  1.534784E-02  2.164157E-04  3.973648E-02
  1.553662E-02  2.217849E-04  4.060461E-02
  1.572772E-02  2.272876E-04  4.149059E-02
  1.592117E-02  2.329271E-04  4.239474E-02
  1.611700E-02  2.387070E-04  4.331738E-02
  1.631524E-02  2.446306E-04  4.425884E-02
  1.651591E-02  2.507015E-04  4.521947E-02
  1.671906E-02  2.569236E-04  4.619960E-02
  1.692470E-02  2.633004E-04  4.719958E-02
  1.713288E-02  2.698360E-04  4.821976E-02
  1.734361E-02  2.765342E-04  4.926049E-02
  1.755694E-02  2.833992E-04  5.032214E-02
  1.777289E-02  2.904351E-04  5.140506E-02
  1.799150E-02  2.976461E-04  5.250962E-02
  1.821279E-02  3.050368E-04  5.363619E-02
  1.843681E-02  3.126116E-04  5.478514E-02
  1.866358E-02  3.203750E-04  5.595687E-02
  1.889314E-02  3.283318E-04  5.715174E-02
  1.912553E-02  3.364870E-04  5.837014E-02
  1.936077E-02  3.448453E-04  5.961247E-02
  1.959891E-02  3.534121E-04  6.087911E-02
  1.983998E-02  3.621923E-04  6.217047E-02
  2.008401E-02  3.711915E-04  6.348695E-02
  2.033104E-02  3.804152E-04  6.482896E-02
  2.058111E-02  3.898689E-04  6.619689E-02
  2.083426E-02  3.995584E-04  6.759117E-02
  2.109052E-02  4.094897E-04  6.901220E-02
  2.134994E-02  4.196689E-04  7.046041E-02
  2.161254E-02  4.301021E-04  7.193622E-02
  2.187838E-02  4.407958E-04  7.344005E-02
  2.214748E-02  4.517566E-04  7.497232E-02
  2.241989E-02  4.629911E-04  7.653347E-02
  2.269566E-02  4.745062E-04  7.812393E-02
  2.297481E-02  4.863091E-04  7.974414E-02
  2.325740E-02  4.984070E-04  8.139452E-02
  2.354347E-02  5.108073E-04  8.307551E-02
  2.383306E-02  5.235176E-04  8.478757E-02
  2.412620E-02  5.365459E-04  8.653112E-02
  2.442295E-02  5.499000E-04  8.830661E-02
  2.472336E-02  5.635883E-04  9.011448E-02
  2.502745E-02  5.776192E-04  9.195518E-02
  2.533529E-02  5.920014E-04  9.382915E-02
  2.564692E-02  6.067437E-04  9.573684E-02
  2.596237E-02  6.218553E-04  9.767870E-02
  2.628171E-02  6.373456E-04  9.965516E-02
  2.660498E-02  6.532241E-04  1.016667E-01
  2.693222E-02  6.695006E-04  1.037137E-01
  2.726348E-02  6.861854E-04  1.057967E-01
  2.759882E-02  7.032886E-04  1.079160E-01
  2.793829E-02  7.208211E-04  1.100722E-01
  2.828193E-02  7.387937E-04  1.122656E-01
  2.862980E-02  7.572176E-04  1.144967E-01
  2.898194E-02  7.761043E-04  1.167660E-01
  2.933842E-02  7.954655E-04  1.190738E-01
  2.969928E-02  8.153135E-04  1.214206E-01
  3.006459E-02  8.356605E-04  1.238068E-01
  3.043438E-02  8.565194E-04  1.262328E-01
  3.080872E-02  8.779032E-04  1.286991E-01
  3.118767E-02  8.998253E-04  1.312060E-01
  3.157128E-02  9.222996E-04  1.337540E-01
  3.195961E-02  9.453401E-04  1.363434E-01
  3.235271E-02  9.689614E-04  1.389746E-01
  3.275065E-02  9.931784E-04  1.416480E-01
  3.315348E-02  1.018006E-03  1.443640E-01
  3.356127E-02  1.043461E-03  1.471230E-01
  3.397407E-02  1.069558E-03  1.499253E-01
  3.439195E-02  1.096315E-03  1.527712E-01
  3.481497E-02  1.123748E-03  1.556610E-01
  3.524320E-02  1.151875E-03  1.585952E-01
  3.567669E-02  1.180713E-03  1.615740E-01
  3.611551E-02  1.210282E-03  1.645977E-01
  3.655973E-02  1.240599E-03  1.676666E-01
  3.700942E-02  1.271685E-03  1.707810E-01
  3.746463E-02  1.303559E-03  1.739411E-01
  3.792545E-02  1.336242E-03  1.771471E-01
  3.839193E-02  1.369754E-03  1.803994E-01
  3.886415E-02  1.404118E-03  1.836981E-01
  3.934218E-02  1.439355E-03  1.870433E-01
  3.982609E-02  1.475488E-03  1.904353E-01
  4.031595E-02  1.512541E-03  1.938743E-01
  4.081184E-02  1.550538E-03  1.973602E-01
  4.131382E-02  1.589503E-03  2.008934E-01
  4.182198E-02  1.629462E-03  2.044738E-01
  4.233639E-02  1.670440E-03  2.081015E-01
  4.285713E-02  1.712465E-03  2.117765E-01
  4.338427E-02  1.755564E-03  2.154989E-01
  4.391790E-02  1.799765E-03  2.192687E-01
  4.445809E-02  1.845098E-03  2.230858E-01
  4.500492E-02  1.891592E-03  2.269502E-01
  4.555849E-02  1.939278E-03  2.308617E-01
  4.611885E-02  1.988188E-03  2.348202E-01
  4.668612E-02  2.038353E-03  2.388256E-01
  4.726036E-02  2.089809E-03  2.428777E-01
  4.784166E-02  2.142587E-03  2.469763E-01
  4.843011E-02  2.196725E-03  2.511210E-01
  4.902580E-02  2.252259E-03  2.553117E-01
  4.962882E-02  2.309224E-03  2.595479E-01
  5.023925E-02  2.367661E-03  2.638293E-01
  5.085720E-02  2.427609E-03  2.681555E-01
  5.148274E-02  2.489107E-03  2.725261E-01
  5.211598E-02  2.552199E-03  2.769404E-01
  5.275700E-02  2.616926E-03  2.813980E-01
  5.340591E-02  2.683333E-03  2.858984E-01
  5.406281E-02  2.751466E-03  2.904408E-01
  5.472778E-02  2.821372E-03  2.950246E-01
  5.540093E-02  2.893098E-03  2.996491E-01
  5.608236E-02  2.966694E-03  3.043134E-01
  5.677218E-02  3.042212E-03  3.090168E-01
  5.747047E-02  3.119704E-03  3.137584E-01
  5.817736E-02  3.199223E-03  3.185371E-01
  5.889294E-02  3.280827E-03  3.233521E-01
  5.961733E-02  3.364572E-03  3.282023E-01
  6.035062E-02  3.450517E-03  3.330866E-01
  6.109293E-02  3.538723E-03  3.380037E-01
  6.184437E-02  3.629253E-03  3.429525E-01
  6.260506E-02  3.722172E-03  3.479316E-01
  6.337510E-02  3.817545E-03  3.529398E-01
  6.415462E-02  3.915442E-03  3.579755E-01
  6.494372E-02  4.015934E-03  3.630372E-01
  6.574253E-02  4.119093E-03  3.681236E-01
  6.655116E-02  4.224993E-03  3.732327E-01
  6.736974E-02  4.333714E-03  3.783631E-01
  6.819839E-02  4.445334E-03  3.835129E-01
  6.903723E-02  4.559935E-03  3.886802E-01
  6.988638E-02  4.677603E-03  3.938631E-01
  7.074599E-02  4.798425E-03  3.990597E-01
  7.161616E-02  4.922492E-03  4.042679E-01
  7.249704E-02  5.049895E-03  4.094854E-01
  7.338875E-02  5.180732E-03  4.147102E-01
  7.429144E-02  5.315101E-03  4.199397E-01
  7.520522E-02  5.453104E-03  4.251718E-01
  7.613024E-02  5.594848E-03  4.304038E-01
  7.706665E-02  5.740440E-03  4.356332E-01
  7.801457E-02  5.889995E-03  4.408574E-01
  7.897415E-02  6.043626E-03  4.460736E-01
  7.994553E-02  6.201455E-03  4.512791E-01
  8.092886E-02  6.363605E-03  4.564709E-01
  8.192428E-02  6.530204E-03  4.616460E-01
  8.293195E-02  6.701384E-03  4.668013E-01
  8.395201E-02  6.877281E-03  4.719337E-01
  8.498462E-02  7.058036E-03  4.770399E-01
  8.602993E-02  7.243796E-03  4.821166E-01
  8.708810E-02  7.434710E-03  4.871603E-01
  8.815929E-02  7.630934E-03  4.921675E-01
  8.924365E-02  7.832629E-03  4.971345E-01
  9.034134E-02  8.039961E-03  5.020577E-01
  9.145254E-02  8.253102E-03  5.069332E-01
  9.257741E-02  8.472231E-03  5.117571E-01
  9.371611E-02  8.697530E-03  5.165255E-01
  9.486882E-02  8.929191E-03  5.212342E-01
  9.603570E-02  9.167409E-03  5.258791E-01
  9.721694E-02  9.412390E-03  5.304559E-01
  9.841271E-02  9.664344E-03  5.349602E-01
  9.962319E-02  9.923489E-03  5.393876E-01
  1.008486E-01  1.019005E-02  5.437336E-01
  1.020890E-01  1.046426E-02  5.479934E-01
  1.033447E-01  1.074637E-02  5.521624E-01
  1.046158E-01  1.103662E-02  5.562357E-01
  1.059026E-01  1.133527E-02  5.602085E-01
  1.072052E-01  1.164260E-02  5.640757E-01
  1.085238E-01  1.195888E-02  5.678323E-01
  1.098587E-01  1.228440E-02  5.714731E-01
  1.112099E-01  1.261946E-02  5.749929E-01
  1.125778E-01  1.296437E-02  5.783864E-01
  1.139625E-01  1.331945E-02  5.816482E-01
  1.153643E-01  1.368504E-02  5.847728E-01
  1.167832E-01  1.406148E-02  5.877547E-01
  1.182197E-01  1.444914E-02  5.905883E-01
  1.196738E-01  1.484837E-02  5.932679E-01
  1.211458E-01  1.525958E-02  5.957879E-01
  1.226359E-01  1.568315E-02  5.981424E-01
  1.241443E-01  1.611951E-02  6.003257E-01
  1.256713E-01  1.656909E-02  6.023318E-01
  1.272170E-01  1.703233E-02  6.041549E-01
  1.287818E-01  1.750969E-02  6.057889E-01
  1.303658E-01  1.800167E-02  6.072280E-01
  1.319693E-01  1.850876E-02  6.084662E-01
  1.335925E-01  1.903148E-02  6.094973E-01
  1.352357E-01  1.957037E-02  6.103154E-01
  1.368991E-01  2.012599E-02  6.109144E-01
  1.385830E-01  2.069892E-02  6.112882E-01
  1.402875E-01  2.128977E-02  6.114308E-01
  1.420131E-01  2.189917E-02  6.113362E-01
  1.437598E-01  2.252777E-02  6.109982E-01
  1.455281E-01  2.317624E-02  6.104110E-01
  1.473181E-01  2.384530E-02  6.095685E-01
  1.491301E-01  2.453568E-02  6.084648E-01
  1.509644E-01  2.524813E-02  6.070940E-01
  1.528212E-01  2.598345E-02  6.054502E-01
  1.547009E-01  2.674246E-02  6.035277E-01
  1.566038E-01  2.752602E-02  6.013206E-01
  1.585300E-01  2.833502E-02  5.988235E-01
  1.604799E-01  2.917037E-02  5.960307E-01
  1.624538E-01  3.003306E-02  5.929367E-01
  1.644520E-01  3.092406E-02  5.895362E-01
  1.664748E-01  3.184444E-02  5.858238E-01
  1.685224E-01  3.279525E-02  5.817946E-01
  1.705952E-01  3.377764E-02  5.774434E-01
  1.726935E-01  3.479278E-02  5.727653E-01
  1.748177E-01  3.584187E-02  5.677557E-01
  1.769679E-01  3.692618E-02  5.624099E-01
  1.791446E-01  3.804704E-02  5.567235E-01
  1.813481E-01  3.920582E-02  5.506923E-01
  1.835787E-01  4.040393E-02  5.443123E-01
  1.858367E-01  4.164286E-02  5.375795E-01
  1.881225E-01  4.292415E-02  5.304904E-01
  1.904364E-01  4.424941E-02  5.230414E-01
  1.927788E-01  4.562031E-02  5.152294E-01
  1.951500E-01  4.703858E-02  5.070513E-01
  1.975503E-01  4.850602E-02  4.985045E-01
  1.999802E-01  5.002452E-02  4.895863E-01
  2.024399E-01  5.159603E-02  4.802947E-01
  2.049299E-01  5.322258E-02  4.706277E-01
  2.074506E-01  5.490628E-02  4.605836E-01
  2.100022E-01  5.664932E-02  4.501610E-01
  2.125852E-01  5.845399E-02  4.393588E-01
  2.152000E-01  6.032268E-02  4.281764E-01
  2.178470E-01  6.225783E-02  4.166132E-01
  2.205265E-01  6.426202E-02  4.046693E-01
  2.232390E-01  6.633791E-02  3.923447E-01
  2.259848E-01  6.848829E-02  3.796402E-01
  2.287645E-01  7.071601E-02  3.665567E-01
  2.315783E-01  7.302408E-02  3.530954E-01
  2.344267E-01  7.541559E-02  3.392582E-01
  2.373101E-01  7.789378E-02  3.250470E-01
  2.402290E-01  8.046200E-02  3.104644E-01
  2.431838E-01  8.312371E-02  2.955133E-01
  2.461750E-01  8.588253E-02  2.801968E-01
  2.492030E-01  8.874220E-02  2.645188E-01
  2.522682E-01  9.170660E-02  2.484832E-01
  2.553711E-01  9.477975E-02  2.320948E-01
  2.585121E-01  9.796584E-02  2.153583E-01
  2.616918E-01  1.012692E-01  1.982793E-01
  2.649106E-01  1.046943E-01  1.808636E-01
  2.681690E-01  1.082457E-01  1.631174E-01
  2.714675E-01  1.119283E-01  1.450474E-01
  2.748066E-01  1.157471E-01  1.266609E-01
  2.781867E-01  1.197072E-01  1.079655E-01
  2.816084E-01  1.238138E-01  8.896916E-02
  2.850722E-01  1.280726E-01  6.968049E-02
  2.885785E-01  1.324891E-01  5.010843E-02
  2.921281E-01  1.370693E-01  3.026240E-02
  2.957212E-01  1.418191E-01  1.015225E-02
  2.993586E-01  1.467449E-01 -1.021172E-02
  3.030407E-01  1.518530E-01 -3.081877E-02
  3.067681E-01  1.571500E-01 -5.165771E-02
  3.105414E-01  1.626427E-01 -7.271695E-02
  3.143610E-01  1.683382E-01 -9.398447E-02
  3.182277E-01  1.742436E-01 -1.154478E-01
  3.221419E-01  1.803663E-01 -1.370941E-01
  3.261042E-01  1.867139E-01 -1.589102E-01
  3.301153E-01  1.932941E-01 -1.808823E-01
  3.341757E-01  2.001148E-01 -2.029966E-01
  3.382861E-01  2.071842E-01 -2.252385E-01
  3.424470E-01  2.145105E-01 -2.475934E-01
  3.466591E-01  2.221022E-01 -2.700463E-01
  3.509230E-01  2.299678E-01 -2.925816E-01
  3.552394E-01  2.381162E-01 -3.151838E-01
  3.596088E-01  2.465560E-01 -3.378368E-01
  3.640320E-01  2.552964E-01 -3.605245E-01
  3.685096E-01  2.643464E-01 -3.832303E-01
  3.730422E-01  2.737152E-01 -4.059375E-01
  3.776307E-01  2.834118E-01 -4.286292E-01
  3.822755E-01  2.934457E-01 -4.512883E-01
  3.869775E-01  3.038260E-01 -4.738975E-01
  3.917373E-01  3.145620E-01 -4.964396E-01
  3.965557E-01  3.256628E-01 -5.188968E-01
  4.014333E-01  3.371375E-01 -5.412517E-01
  4.063710E-01  3.489950E-01 -5.634865E-01
  4.113693E-01  3.612441E-01 -5.855835E-01
  4.164292E-01  3.738934E-01 -6.075246E-01
  4.215513E-01  3.869510E-01 -6.292921E-01
  4.267363E-01  4.004250E-01 -6.508680E-01
  4.319852E-01  4.143229E-01 -6.722340E-01
  4.372986E-01  4.286517E-01 -6.933722E-01
  4.426774E-01  4.434179E-01 -7.142643E-01
  4.481223E-01  4.586276E-01 -7.348920E-01
  4.536342E-01  4.742859E-01 -7.552371E-01
  4.592139E-01  4.903974E-01 -7.752813E-01
  4.648622E-01  5.069655E-01 -7.950063E-01
  4.705801E-01  5.239931E-01 -8.143940E-01
  4.763682E-01  5.414816E-01 -8.334261E-01
  4.822275E-01  5.594315E-01 -8.520849E-01
  4.881589E-01  5.778418E-01 -8.703525E-01
  4.941633E-01  5.967104E-01 -8.882117E-01
  5.002415E-01  6.160333E-01 -9.056452E-01
  5.063944E-01  6.358051E-01 -9.226365E-01
  5.126231E-01  6.560185E-01 -9.391693E-01
  5.189284E-01  6.766643E-01 -9.552277E-01
  5.253112E-01  6.977313E-01 -9.707964E-01
  5.317725E-01  7.192058E-01 -9.858607E-01
  5.383133E-01  7.410720E-01 -1.000406E+00
  5.449346E-01  7.633116E-01 -1.014419E+00
  5.516373E-01  7.859033E-01 -1.027887E+00
  5.584224E-01  8.088234E-01 -1.040796E+00
  5.652910E-01  8.320448E-01 -1.053136E+00
  5.722441E-01  8.555375E-01 -1.064895E+00
  5.792827E-01  8.792683E-01 -1.076062E+00
  5.864079E-01  9.032004E-01 -1.086627E+00
  5.936207E-01  9.272937E-01 -1.096582E+00
  6.009222E-01  9.515041E-01 -1.105918E+00
  6.083135E-01  9.757842E-01 -1.114627E+00
  6.157958E-01  1.000082E+00 -1.122703E+00
  6.233701E-01  1.024344E+00 -1.130139E+00
  6.310375E-01  1.048509E+00 -1.136930E+00
  6.387993E-01  1.072515E+00 -1.143072E+00
  6.466565E-01  1.096296E+00 -1.148560E+00
  6.546104E-01  1.119780E+00 -1.153392E+00
  6.626621E-01  1.142894E+00 -1.157567E+00
  6.708129E-01  1.165560E+00 -1.161082E+00
  6.790639E-01  1.187697E+00 -1.163937E+00
  6.874164E-01  1.209223E+00 -1.166134E+00
  6.958716E-01  1.230050E+00 -1.167672E+00
  7.044308E-01  1.250091E+00 -1.168556E+00
  7.130953E-01  1.269253E+00 -1.168787E+00
  7.218664E-01  1.287444E+00 -1.168369E+00
  7.307453E-01  1.304570E+00 -1.167308E+00
  7.397335E-01  1.320534E+00 -1.165608E+00
  7.488322E-01  1.335241E+00 -1.163276E+00
  7.580428E-01  1.348594E+00 -1.160319E+00
  7.673668E-01  1.360495E+00 -1.156746E+00
  7.768054E-01  1.370851E+00 -1.152563E+00
  7.863601E-01  1.379566E+00 -1.147782E+00
  7.960323E-01  1.386553E+00 -1.142411E+00
  8.058235E-01  1.391724E+00 -1.136461E+00
  8.157351E-01  1.395002E+00 -1.129945E+00
  8.257687E-01  1.396313E+00 -1.122873E+00
  8.359256E-01  1.395596E+00 -1.115259E+00
  8.462075E-01  1.392797E+00 -1.107115E+00
  8.566159E-01  1.387875E+00 -1.098455E+00
  8.671523E-01  1.380800E+00 -1.089294E+00
  8.778182E-01  1.371558E+00 -1.079646E+00
  8.886154E-01  1.360147E+00 -1.069527E+00
  8.995454E-01  1.346582E+00 -1.058952E+00
  9.106098E-01  1.330893E+00 -1.047937E+00
  9.218103E-01  1.313126E+00 -1.036498E+00
  9.331485E-01  1.293343E+00 -1.024652E+00
  9.446263E-01  1.271623E+00 -1.012417E+00
  9.562452E-01  1.248061E+00 -9.998095E-01
  9.680070E-01  1.222766E+00 -9.868472E-01
  9.799135E-01  1.195863E+00 -9.735479E-01
  9.919664E-01  1.167489E+00 -9.599296E-01
  1.004168E+00  1.137793E+00 -9.460104E-01
  1.016519E+00  1.106937E+00 -9.318086E-01
  1.029022E+00  1.075089E+00 -9.173426E-01
  1.041679E+00  1.042425E+00 -9.026306E-01
  1.054492E+00  1.009126E+00 -8.876913E-01
  1.067462E+00  9.753741E-01 -8.725429E-01
  1.080592E+00  9.413538E-01 -8.572039E-01
  1.093883E+00  9.072465E-01 -8.416927E-01
  1.107338E+00  8.732297E-01 -8.260274E-01
  1.120958E+00  8.394751E-01 -8.102262E-01
  1.134746E+00  8.061459E-01 -7.943071E-01
  1.148703E+00  7.733958E-01 -7.782879E-01
  1.162832E+00  7.413668E-01 -7.621863E-01
  1.177135E+00  7.101886E-01 -7.460195E-01
  1.191614E+00  6.799764E-01 -7.298048E-01
  1.206271E+00  6.508313E-01 -7.135590E-01
  1.221108E+00  6.228385E-01 -6.972986E-01
  1.236127E+00  5.960678E-01 -6.810400E-01
  1.251332E+00  5.705731E-01 -6.647990E-01
  1.266723E+00  5.463923E-01 -6.485912E-01
  1.282304E+00  5.235482E-01 -6.324318E-01
  1.298076E+00  5.020482E-01 -6.163355E-01
  1.314042E+00  4.818856E-01 -6.003166E-01
  1.330205E+00  4.630400E-01 -5.843892E-01
  1.346567E+00  4.454780E-01 -5.685667E-01
  1.363130E+00  4.291542E-01 -5.528621E-01
  1.379896E+00  4.140109E-01 -5.372879E-01
  1.396869E+00  3.999792E-01 -5.218563E-01
  1.414050E+00  3.869782E-01 -5.065787E-01
  1.431443E+00  3.749155E-01 -4.914664E-01
  1.449050E+00  3.636880E-01 -4.765298E-01
  1.466873E+00  3.531832E-01 -4.617791E-01
  1.484916E+00  3.432819E-01 -4.472236E-01
  1.503180E+00  3.338617E-01 -4.328726E-01
  1.521669E+00  3.247998E-01 -4.187344E-01
  1.540386E+00  3.159764E-01 -4.048169E-01
  1.559332E+00  3.072770E-01 -3.911278E-01
  1.578512E+00  2.985956E-01 -3.776737E-01
  1.597928E+00  2.898373E-01 -3.644612E-01
  1.617582E+00  2.809213E-01 -3.514960E-01
  1.637479E+00  2.717840E-01 -3.387835E-01
  1.657620E+00  2.623822E-01 -3.263285E-01
  1.678008E+00  2.526950E-01 -3.141354E-01
  1.698648E+00  2.427255E-01 -3.022077E-01
  1.719541E+00  2.325004E-01 -2.905490E-01
  1.740692E+00  2.220684E-01 -2.791618E-01
  1.762102E+00  2.114964E-01 -2.680487E-01
  1.783776E+00  2.008661E-01 -2.572112E-01
  1.805717E+00  1.902682E-01 -2.466509E-01
  1.827927E+00  1.797976E-01 -2.363686E-01
  1.850410E+00  1.695479E-01 -2.263646E-01
  1.873170E+00  1.596064E-01 -2.166392E-01
  1.896210E+00  1.500494E-01 -2.071917E-01
  1.919534E+00  1.409389E-01 -1.980215E-01
  1.943144E+00  1.323193E-01 -1.891272E-01
  1.967045E+00  1.242160E-01 -1.805074E-01
  1.991239E+00  1.166351E-01 -1.721600E-01
  2.015732E+00  1.095640E-01 -1.640827E-01
  2.040525E+00  1.029736E-01 -1.562730E-01
  2.065624E+00  9.682199E-02 -1.487280E-01
  2.091031E+00  9.105949E-02 -1.414443E-01
  2.116750E+00  8.563498E-02 -1.344186E-01
  2.142786E+00  8.050258E-02 -1.276472E-01
  2.169143E+00  7.562746E-02 -1.211259E-01
  2.195823E+00  7.098927E-02 -1.148508E-01
  2.222832E+00  6.657745E-02 -1.088173E-01
  2.250173E+00  6.238447E-02 -1.030209E-01
  2.277850E+00  5.840314E-02 -9.745693E-02
  2.305867E+00  5.462629E-02 -9.212044E-02
  2.334229E+00  5.104680E-02 -8.700642E-02
  2.362940E+00  4.765757E-02 -8.210973E-02
  2.392005E+00  4.445157E-02 -7.742512E-02
  2.421426E+00  4.142183E-02 -7.294727E-02
  2.451210E+00  3.856147E-02 -6.867074E-02
  2.481360E+00  3.586368E-02 -6.459007E-02
  2.511880E+00  3.332179E-02 -6.069972E-02
  2.542777E+00  3.092920E-02 -5.699414E-02
  2.574053E+00  2.867945E-02 -5.346771E-02
  2.605714E+00  2.656620E-02 -5.011485E-02
  2.637764E+00  2.458324E-02 -4.692995E-02
  2.670208E+00  2.272452E-02 -4.390740E-02
  2.703052E+00  2.098410E-02 -4.104163E-02
  2.736299E+00  1.935623E-02 -3.832710E-02
  2.769956E+00  1.783529E-02 -3.575829E-02
  2.804026E+00  1.641583E-02 -3.332975E-02
  2.838516E+00  1.509257E-02 -3.103608E-02
  2.873430E+00  1.386038E-02 -2.887195E-02
  2.908773E+00  1.271432E-02 -2.683209E-02
  2.944551E+00  1.164959E-02 -2.491134E-02
  2.980769E+00  1.066160E-02 -2.310459E-02
  3.017432E+00  9.745893E-03 -2.140687E-02
  3.054547E+00  8.898207E-03 -1.981327E-02
  3.092118E+00  8.114443E-03 -1.831900E-02
  3.130151E+00  7.390674E-03 -1.691939E-02
  3.168651E+00  6.723140E-03 -1.560989E-02
  3.207626E+00  6.108248E-03 -1.438603E-02
  3.247080E+00  5.542570E-03 -1.324351E-02
  3.287019E+00  5.022838E-03 -1.217813E-02
  3.327449E+00  4.545945E-03 -1.118582E-02
  3.368377E+00  4.108939E-03 -1.026264E-02
  3.409808E+00  3.709018E-03 -9.404776E-03
  3.451748E+00  3.343531E-03 -8.608564E-03
  3.494205E+00  3.009971E-03 -7.870458E-03
  3.537184E+00  2.705969E-03 -7.187048E-03
  3.580691E+00  2.429295E-03 -6.555058E-03
  3.624733E+00  2.177849E-03 -5.971345E-03
  3.669318E+00  1.949658E-03 -5.432899E-03
  3.714450E+00  1.742870E-03 -4.936839E-03
  3.760138E+00  1.555753E-03 -4.480414E-03
  3.806388E+00  1.386687E-03 -4.061003E-03
  3.853206E+00  1.234158E-03 -3.676108E-03
  3.900601E+00  1.096757E-03 -3.323356E-03
  3.948578E+00  9.731737E-04 -3.000494E-03
  3.997146E+00  8.621895E-04 -2.705390E-03
  4.046310E+00  7.626761E-04 -2.436025E-03
  4.096080E+00  6.735888E-04 -2.190492E-03
  4.146462E+00  5.939625E-04 -1.966995E-03
  4.197463E+00  5.229074E-04 -1.763842E-03
  4.249092E+00  4.596043E-04 -1.579443E-03
  4.301356E+00  4.033004E-04 -1.412308E-03
  4.354263E+00  3.533053E-04 -1.261039E-03
  4.407820E+00  3.089870E-04 -1.124332E-03
  4.462036E+00  2.697678E-04 -1.000967E-03
  4.516919E+00  2.351207E-04 -8.898085E-04
  4.572477E+00  2.045662E-04 -7.898004E-04
  4.628719E+00  1.776682E-04 -6.999616E-04
  4.685652E+00  1.540314E-04 -6.193829E-04
  4.743286E+00  1.332978E-04 -5.472226E-04
  4.801628E+00  1.151440E-04 -4.827034E-04
  4.860688E+00  9.927823E-05 -4.251085E-04
  4.920475E+00  8.543811E-05 -3.737777E-04
  4.980996E+00  7.338778E-05 -3.281048E-04
  5.042263E+00  6.291585E-05 -2.875333E-04
  5.104282E+00  5.383319E-05 -2.515539E-04
  5.167065E+00  4.597092E-05 -2.197009E-04
  5.230620E+00  3.917855E-05 -1.915496E-04
  5.294957E+00  3.332229E-05 -1.667130E-04
  5.360085E+00  2.828338E-05 -1.448395E-04
  5.426014E+00  2.395668E-05 -1.256098E-04
  5.492754E+00  2.024926E-05 -1.087351E-04
  5.560315E+00  1.707920E-05 -9.395388E-05
  5.628706E+00  1.437441E-05 -8.103053E-05
  5.697939E+00  1.207159E-05 -6.975272E-05
  5.768024E+00  1.011531E-05 -5.992964E-05
  5.838971E+00  8.457107E-06 -5.139012E-05
  5.910790E+00  7.054729E-06 -4.398093E-05
  5.983493E+00  5.871409E-06 -3.756515E-05
  6.057090E+00  4.875232E-06 -3.202071E-05
  6.131592E+00  4.038561E-06 -2.723899E-05
  6.207011E+00  3.337518E-06 -2.312353E-05
  6.283357E+00  2.751524E-06 -1.958886E-05
  6.360642E+00  2.262887E-06 -1.655941E-05
  6.438878E+00  1.856433E-06 -1.396850E-05
  6.518076E+00  1.519180E-06 -1.175744E-05
  6.598249E+00  1.240050E-06 -9.874657E-06
  6.679407E+00  1.009616E-06 -8.274961E-06
  6.761564E+00  8.198723E-07 -6.918834E-06
  6.844731E+00  6.640422E-07 -5.771796E-06
  6.928921E+00  5.364024E-07 -4.803836E-06
  7.014147E+00  4.321329E-07 -3.988894E-06
  7.100421E+00  3.471854E-07 -3.304393E-06
  7.187756E+00  2.781689E-07 -2.730823E-06
  7.276166E+00  2.222514E-07 -2.251363E-06
  7.365662E+00  1.770739E-07 -1.851549E-06
  7.456260E+00  1.406773E-07 -1.518972E-06
  7.547972E+00  1.114392E-07 -1.243016E-06
  7.640812E+00  8.801996E-08 -1.014618E-06
  7.734794E+00  6.931680E-08 -8.260655E-07
  7.829932E+00  5.442451E-08 -6.708096E-07
  7.926240E+00  4.260235E-08 -5.433048E-07
  8.023733E+00  3.324604E-08 -4.388677E-07
  8.122425E+00  2.586411E-08 -3.535541E-07
  8.222331E+00  2.005812E-08 -2.840511E-07
  8.323465E+00  1.550607E-08 -2.275837E-07
  8.425844E+00  1.194855E-08 -1.818344E-07
  8.529482E+00  9.177286E-09 -1.448727E-07
  8.634394E+00  7.025571E-09 -1.150954E-07
  8.740598E+00  5.360437E-09 -9.117499E-08
  8.848107E+00  4.076172E-09 -7.201532E-08
  8.956939E+00  3.089022E-09 -5.671400E-08
  9.067109E+00  2.332855E-09 -4.453041E-08
  9.178634E+00  1.755637E-09 -3.485848E-08
  9.291532E+00  1.316569E-09 -2.720383E-08
  9.405817E+00  9.837751E-10 -2.116437E-08
  9.521509E+00  7.324409E-10 -1.641415E-08
  9.638624E+00  5.433190E-10 -1.268974E-08
  9.757179E+00  4.015351E-10 -9.778941E-09
  9.877192E+00  2.956370E-10 -7.511369E-09
  9.998681E+00  2.168408E-10 -5.750657E-09
  1.012167E+01  1.584347E-10 -4.388031E-09
  1.024616E+01  1.153098E-10 -3.337017E-09
  1.037219E+01  8.359267E-11 -2.529100E-09
  1.049977E+01  6.035809E-11 -1.910181E-09
  1.062891E+01  4.340572E-11 -1.437692E-09
  1.075965E+01  3.108717E-11 -1.078256E-09
  1.089199E+01  2.217261E-11 -8.057933E-10
  1.102597E+01  1.574822E-11 -6.000018E-10
  1.116158E+01  1.113790E-11 -4.451327E-10
  1.129887E+01  7.843498E-12 -3.290145E-10
  1.143785E+01  5.499560E-12 -2.422757E-10
  1.157853E+01  3.839148E-12 -1.777272E-10
  1.172095E+01  2.668131E-12 -1.298754E-10
  1.186512E+01  1.845954E-12 -9.453855E-11
  1.201106E+01  1.271313E-12 -6.854553E-11
  1.215879E+01  8.715198E-13 -4.950130E-11
  1.230835E+01  5.946628E-13 -3.560412E-11
  1.245974E+01  4.038388E-13 -2.550402E-11
  1.261300E+01  2.729378E-13 -1.819365E-11
  1.276813E+01  1.835745E-13 -1.292445E-11
  1.292518E+01  1.228649E-13 -9.142463E-12
  1.308416E+01  8.182467E-14 -6.439474E-12
  1.324510E+01  5.421939E-14 -4.515967E-12
  1.340801E+01  3.574474E-14 -3.153126E-12
  1.357293E+01  2.344388E-14 -2.191787E-12
  1.373988E+01  1.529604E-14 -1.516696E-12
  1.390888E+01  9.927330E-15 -1.044762E-12
  1.407996E+01  6.408580E-15 -7.163584E-13
  1.425314E+01  4.114700E-15 -4.888924E-13
  1.442846E+01  2.627437E-15 -3.320786E-13
  1.460593E+01  1.668457E-15 -2.244852E-13
  1.478558E+01  1.053552E-15 -1.510178E-13
  1.496744E+01  6.614928E-16 -1.010966E-13
  1.515154E+01  4.129446E-16 -6.734197E-14
  1.533790E+01  2.562860E-16 -4.463235E-14
  1.552656E+01  1.581222E-16 -2.943073E-14
  1.571754E+01  9.697594E-17 -1.930684E-14
  1.591086E+01  5.911610E-17 -1.259955E-14
  1.610657E+01  3.581670E-17 -1.873595E-12
  1.630468E+01  2.156602E-17 -1.300735E-12
  1.650522E+01  1.290404E-17 -8.989202E-13
  1.670824E+01  7.672180E-18 -6.183699E-13
  1.691375E+01  4.532255E-18 -4.233961E-13
  1.712179E+01  2.659976E-18 -2.885316E-13
  1.733239E+01  1.550863E-18 -1.956912E-13
  1.754558E+01  8.981841E-19  0.000000E+00
  1.776139E+01  5.166751E-19  0.000000E+00
  1.797985E+01  2.951840E-19  0.000000E+00
  1.820100E+01  1.674766E-19  0.000000E+00
  1.842488E+01  9.435470E-20  0.000000E+00
  1.865150E+01  5.278162E-20  0.000000E+00
  1.888092E+01  2.931385E-20  0.000000E+00
  1.911315E+01  1.616198E-20  0.000000E+00
  1.934824E+01  8.845206E-21  0.000000E+00
  1.958623E+01  4.804770E-21  0.000000E+00
  1.982714E+01  2.590284E-21  0.000000E+00
  2.007101E+01  1.385768E-21  0.000000E+00
  2.031788E+01  7.356317E-22  0.000000E+00
  2.056779E+01  3.874489E-22  0.000000E+00
  2.082078E+01  2.024462E-22  0.000000E+00
  2.107687E+01  1.049305E-22  0.000000E+00
  2.133612E+01  5.394445E-23  0.000000E+00
  2.159855E+01  2.750423E-23  0.000000E+00
  2.186421E+01  1.390639E-23  0.000000E+00
  2.213314E+01  6.971802E-24  0.000000E+00
  2.240538E+01  3.465332E-24  0.000000E+00
  2.268097E+01  1.707521E-24  0.000000E+00
  2.295994E+01  8.339895E-25  0.000000E+00
  2.324235E+01  4.037193E-25  0.000000E+00
  2.352823E+01  1.936750E-25  0.000000E+00
  2.381763E+01  9.206450E-26  0.000000E+00
  2.411059E+01  4.335955E-26  0.000000E+00
  2.440715E+01  2.023016E-26  0.000000E+00
  2.470735E+01  9.349404E-27  0.000000E+00
  2.501126E+01  4.279372E-27  0.000000E+00
  2.531889E+01  1.939711E-27  0.000000E+00
  2.563032E+01  8.703614E-28  0.000000E+00
  2.594557E+01  3.865116E-28  0.000000E+00
  2.626470E+01  0.000000E+00  0.000000E+00
  2.658776E+01  0.000000E+00  0.000000E+00
  2.691478E+01  0.000000E+00  0.000000E+00
  2.724584E+01  0.000000E+00  0.000000E+00
  2.758096E+01  0.000000E+00  0.000000E+00
  2.792021E+01  0.000000E+00  0.000000E+00
  2.826362E+01  0.000000E+00  0.000000E+00
  2.861127E+01  0.000000E+00  0.000000E+00
  2.896319E+01  0.000000E+00  0.000000E+00
  2.931943E+01  0.000000E+00  0.000000E+00
  2.968006E+01  0.000000E+00  0.000000E+00
  3.004513E+01  0.000000E+00  0.000000E+00
  3.041468E+01  0.000000E+00  0.000000E+00
  3.078878E+01  0.000000E+00  0.000000E+00
  3.116748E+01  0.000000E+00  0.000000E+00
  3.155084E+01  0.000000E+00  0.000000E+00
  3.193892E+01  0.000000E+00  0.000000E+00
  3.233177E+01  0.000000E+00  0.000000E+00
  3.272945E+01  0.000000E+00  0.000000E+00
  3.313202E+01  0.000000E+00  0.000000E+00
  3.353955E+01  0.000000E+00  0.000000E+00
  3.395208E+01  0.000000E+00  0.000000E+00
  3.436969E+01  0.000000E+00  0.000000E+00
  3.479244E+01  0.000000E+00  0.000000E+00
  3.522039E+01  0.000000E+00  0.000000E+00
  3.565360E+01  0.000000E+00  0.000000E+00
  3.609214E+01  0.000000E+00  0.000000E+00
  3.653607E+01  0.000000E+00  0.000000E+00
  3.698546E+01  0.000000E+00  0.000000E+00
  3.744039E+01  0.000000E+00  0.000000E+00
  3.790090E+01  0.000000E+00  0.000000E+00
  3.836708E+01  0.000000E+00  0.000000E+00
  3.883900E+01  0.000000E+00  0.000000E+00
  3.931672E+01  0.000000E+00  0.000000E+00
  3.980031E+01  0.000000E+00  0.000000E+00
  4.028986E+01  0.000000E+00  0.000000E+00
  4.078542E+01  0.000000E+00  0.000000E+00
  4.128708E+01  0.000000E+00  0.000000E+00
  4.179491E+01  0.000000E+00  0.000000E+00
  4.230899E+01  0.000000E+00  0.000000E+00
  4.282939E+01  0.000000E+00  0.000000E+00
  4.335619E+01  0.000000E+00  0.000000E+00
  4.388948E+01  0.000000E+00  0.000000E+00
  4.442932E+01  0.000000E+00  0.000000E+00
  4.497580E+01  0.000000E+00  0.000000E+00
  4.552900E+01  0.000000E+00  0.000000E+00
  4.608901E+01  0.000000E+00  0.000000E+00
  4.665590E+01  0.000000E+00  0.000000E+00
  4.722977E+01  0.000000E+00  0.000000E+00
  4.781069E+01  0.000000E+00  0.000000E+00
  4.839877E+01  0.000000E+00  0.000000E+00
  4.899407E+01  0.000000E+00  0.000000E+00
  4.959670E+01  0.000000E+00  0.000000E+00
  5.020674E+01  0.000000E+00  0.000000E+00
  5.082428E+01  0.000000E+00  0.000000E+00
  5.144942E+01  0.000000E+00  0.000000E+00
  5.208225E+01  0.000000E+00  0.000000E+00
  5.272286E+01  0.000000E+00  0.000000E+00
  5.337135E+01  0.000000E+00  0.000000E+00
  5.402782E+01  0.000000E+00  0.000000E+00
  5.469236E+01  0.000000E+00  0.000000E+00
  5.536507E+01  0.000000E+00  0.000000E+00
  5.604606E+01  0.000000E+00  0.000000E+00
  5.673543E+01  0.000000E+00  0.000000E+00
  5.743328E+01  0.000000E+00  0.000000E+00
  5.813971E+01  0.000000E+00  0.000000E+00
  5.885482E+01  0.000000E+00  0.000000E+00
  5.957874E+01  0.000000E+00  0.000000E+00
  6.031156E+01  0.000000E+00  0.000000E+00
  6.105339E+01  0.000000E+00  0.000000E+00
  6.180435E+01  0.000000E+00  0.000000E+00
  6.256454E+01  0.000000E+00  0.000000E+00
  6.333408E+01  0.000000E+00  0.000000E+00
  6.411309E+01  0.000000E+00  0.000000E+00
  6.490168E+01  0.000000E+00  0.000000E+00
  6.569997E+01  0.000000E+00  0.000000E+00
  6.650808E+01  0.000000E+00  0.000000E+00
  6.732613E+01  0.000000E+00  0.000000E+00
  6.815425E+01  0.000000E+00  0.000000E+00
  6.899254E+01  0.000000E+00  0.000000E+00
  6.984115E+01  0.000000E+00  0.000000E+00
  7.070020E+01  0.000000E+00  0.000000E+00
  7.156981E+01  0.000000E+00  0.000000E+00
  7.245012E+01  0.000000E+00  0.000000E+00
  7.334125E+01  0.000000E+00  0.000000E+00
  7.424335E+01  0.000000E+00  0.000000E+00
  7.515655E+01  0.000000E+00  0.000000E+00
  7.608097E+01  0.000000E+00  0.000000E+00
  7.701677E+01  0.000000E+00  0.000000E+00
  7.796407E+01  0.000000E+00  0.000000E+00
  7.892303E+01  0.000000E+00  0.000000E+00
  7.989378E+01  0.000000E+00  0.000000E+00
