  2.403846E-04  1.632484E-05  2.220724E-03
  2.433413E-04  1.652563E-05  2.247367E-03
  2.463344E-04  1.672890E-05  2.274327E-03
  2.493644E-04  1.693466E-05  2.301609E-03
  2.524315E-04  1.714296E-05  2.329216E-03
  2.555364E-04  1.735382E-05  2.357151E-03
  2.586795E-04  1.756727E-05  2.385419E-03
  2.618613E-04  1.778335E-05  2.414023E-03
  2.650822E-04  1.800208E-05  2.442968E-03
  2.683427E-04  1.822351E-05  2.472257E-03
  2.716433E-04  1.844766E-05  2.501894E-03
  2.749845E-04  1.867457E-05  2.531884E-03
  2.783668E-04  1.890426E-05  2.562230E-03
  2.817908E-04  1.913679E-05  2.592938E-03
  2.852568E-04  1.937217E-05  2.624010E-03
  2.887654E-04  1.961045E-05  2.655451E-03
  2.923173E-04  1.985165E-05  2.687266E-03
  2.959128E-04  2.009583E-05  2.719459E-03
  2.995525E-04  2.034301E-05  2.752035E-03
  3.032370E-04  2.059323E-05  2.784997E-03
  3.069668E-04  2.084653E-05  2.818350E-03
  3.107425E-04  2.110294E-05  2.852100E-03
  3.145646E-04  2.136250E-05  2.886250E-03
  3.184338E-04  2.162526E-05  2.920805E-03
  3.223505E-04  2.189125E-05  2.955770E-03
  3.263154E-04  2.216052E-05  2.991149E-03
  3.303291E-04  2.243309E-05  3.026948E-03
  3.343921E-04  2.270902E-05  3.063172E-03
  3.385052E-04  2.298834E-05  3.099825E-03
  3.426688E-04  2.327110E-05  3.136912E-03
  3.468836E-04  2.355733E-05  3.174438E-03
  3.511503E-04  2.384709E-05  3.212409E-03
  3.554694E-04  2.414041E-05  3.250829E-03
  3.598417E-04  2.443734E-05  3.289705E-03
  3.642677E-04  2.473792E-05  3.329040E-03
  3.687482E-04  2.504219E-05  3.368841E-03
  3.732838E-04  2.535021E-05  3.409112E-03
  3.778752E-04  2.566202E-05  3.449860E-03
  3.825231E-04  2.597767E-05  3.491090E-03
  3.872281E-04  2.629719E-05  3.532807E-03
  3.919910E-04  2.662065E-05  3.575016E-03
  3.968125E-04  2.694808E-05  3.617725E-03
  4.016933E-04  2.727955E-05  3.660938E-03
  4.066342E-04  2.761509E-05  3.704661E-03
  4.116358E-04  2.795475E-05  3.748900E-03
  4.166989E-04  2.829860E-05  3.793661E-03
  4.218243E-04  2.864667E-05  3.838950E-03
  4.270127E-04  2.899903E-05  3.884774E-03
  4.322650E-04  2.935572E-05  3.931137E-03
  4.375818E-04  2.971679E-05  3.978048E-03
  4.429641E-04  3.008231E-05  4.025510E-03
  4.484125E-04  3.045233E-05  4.073532E-03
  4.539280E-04  3.082689E-05  4.122120E-03
  4.595113E-04  3.120606E-05  4.171279E-03
  4.651633E-04  3.158990E-05  4.221017E-03
  4.708848E-04  3.197846E-05  4.271340E-03
  4.766767E-04  3.237180E-05  4.322255E-03
  4.825398E-04  3.276997E-05  4.373769E-03
  4.884751E-04  3.317304E-05  4.425887E-03
  4.944833E-04  3.358108E-05  4.478619E-03
  5.005655E-04  3.399412E-05  4.531969E-03
  5.067224E-04  3.441226E-05  4.585946E-03
  5.129551E-04  3.483553E-05  4.640557E-03
  5.192644E-04  3.526401E-05  4.695808E-03
  5.256514E-04  3.569776E-05  4.751707E-03
  5.321169E-04  3.613684E-05  4.808262E-03
  5.386620E-04  3.658133E-05  4.865479E-03
  5.452875E-04  3.703128E-05  4.923367E-03
  5.519945E-04  3.748677E-05  4.981933E-03
  5.587841E-04  3.794786E-05  5.041184E-03
  5.656571E-04  3.841463E-05  5.101129E-03
  5.726147E-04  3.888713E-05  5.161774E-03
  5.796579E-04  3.936545E-05  5.223129E-03
  5.867876E-04  3.984964E-05  5.285201E-03
  5.940051E-04  4.033980E-05  5.347998E-03
  6.013114E-04  4.083598E-05  5.411529E-03
  6.087075E-04  4.133827E-05  5.475801E-03
  6.161946E-04  4.184674E-05  5.540823E-03
  6.237738E-04  4.236146E-05  5.606603E-03
  6.314462E-04  4.288251E-05  5.673150E-03
  6.392130E-04  4.340997E-05  5.740473E-03
  6.470753E-04  4.394392E-05  5.808580E-03
  6.550344E-04  4.448443E-05  5.877480E-03
  6.630913E-04  4.503160E-05  5.947181E-03
  6.712473E-04  4.558549E-05  6.017694E-03
  6.795037E-04  4.614620E-05  6.089026E-03
  6.878616E-04  4.671381E-05  6.161186E-03
  6.963223E-04  4.728839E-05  6.234185E-03
  7.048870E-04  4.787005E-05  6.308032E-03
  7.135571E-04  4.845886E-05  6.382735E-03
  7.223339E-04  4.905491E-05  6.458305E-03
  7.312186E-04  4.965830E-05  6.534750E-03
  7.402126E-04  5.026910E-05  6.612082E-03
  7.493172E-04  5.088742E-05  6.690308E-03
  7.585338E-04  5.151335E-05  6.769440E-03
  7.678638E-04  5.214697E-05  6.849487E-03
  7.773085E-04  5.278839E-05  6.930460E-03
  7.868694E-04  5.343770E-05  7.012368E-03
  7.965479E-04  5.409499E-05  7.095222E-03
  8.063454E-04  5.476037E-05  7.179032E-03
  8.162635E-04  5.543394E-05  7.263809E-03
  8.263035E-04  5.611579E-05  7.349563E-03
  8.364670E-04  5.680602E-05  7.436305E-03
  8.467556E-04  5.750475E-05  7.524045E-03
  8.571707E-04  5.821207E-05  7.612795E-03
  8.677139E-04  5.892810E-05  7.702566E-03
  8.783867E-04  5.965293E-05  7.793369E-03
  8.891909E-04  6.038667E-05  7.885214E-03
  9.001280E-04  6.112945E-05  7.978113E-03
  9.111995E-04  6.188135E-05  8.072078E-03
  9.224073E-04  6.264251E-05  8.167120E-03
  9.337529E-04  6.341303E-05  8.263251E-03
  9.452381E-04  6.419303E-05  8.360482E-03
  9.568645E-04  6.498263E-05  8.458825E-03
  9.686339E-04  6.578193E-05  8.558292E-03
  9.805481E-04  6.659107E-05  8.658896E-03
  9.926089E-04  6.741017E-05  8.760648E-03
  1.004818E-03  6.823933E-05  8.863560E-03
  1.017177E-03  6.907870E-05  8.967646E-03
  1.029688E-03  6.992839E-05  9.072917E-03
  1.042354E-03  7.078854E-05  9.179386E-03
  1.055175E-03  7.165926E-05  9.287066E-03
  1.068153E-03  7.254070E-05  9.395969E-03
  1.081292E-03  7.343298E-05  9.506109E-03
  1.094591E-03  7.433623E-05  9.617499E-03
  1.108055E-03  7.525060E-05  9.730151E-03
  1.121684E-03  7.617622E-05  9.844079E-03
  1.135481E-03  7.711322E-05  9.959296E-03
  1.149447E-03  7.806174E-05  1.007582E-02
  1.163585E-03  7.902194E-05  1.019365E-02
  1.177897E-03  7.999395E-05  1.031282E-02
  1.192386E-03  8.097791E-05  1.043333E-02
  1.207052E-03  8.197398E-05  1.055520E-02
  1.221899E-03  8.298230E-05  1.067844E-02
  1.236928E-03  8.400302E-05  1.080307E-02
  1.252142E-03  8.503631E-05  1.092909E-02
  1.267544E-03  8.608230E-05  1.105654E-02
  1.283134E-03  8.714116E-05  1.118541E-02
  1.298917E-03  8.821305E-05  1.131572E-02
  1.314894E-03  8.929812E-05  1.144750E-02
  1.331067E-03  9.039654E-05  1.158075E-02
  1.347439E-03  9.150847E-05  1.171548E-02
  1.364012E-03  9.263408E-05  1.185172E-02
  1.380790E-03  9.377354E-05  1.198948E-02
  1.397773E-03  9.492702E-05  1.212877E-02
  1.414966E-03  9.609469E-05  1.226962E-02
  1.432370E-03  9.727672E-05  1.241202E-02
  1.449988E-03  9.847329E-05  1.255601E-02
  1.467823E-03  9.968458E-05  1.270160E-02
  1.485877E-03  1.009108E-04  1.284879E-02
  1.504154E-03  1.021521E-04  1.299762E-02
  1.522655E-03  1.034086E-04  1.314809E-02
  1.541383E-03  1.046806E-04  1.330022E-02
  1.560342E-03  1.059683E-04  1.345403E-02
  1.579535E-03  1.072718E-04  1.360953E-02
  1.598963E-03  1.085913E-04  1.376674E-02
  1.618630E-03  1.099271E-04  1.392568E-02
  1.638539E-03  1.112793E-04  1.408636E-02
  1.658693E-03  1.126481E-04  1.424880E-02
  1.679095E-03  1.140338E-04  1.441302E-02
  1.699748E-03  1.154365E-04  1.457903E-02
  1.720655E-03  1.168565E-04  1.474685E-02
  1.741819E-03  1.182940E-04  1.491650E-02
  1.763243E-03  1.197491E-04  1.508800E-02
  1.784931E-03  1.212222E-04  1.526136E-02
  1.806886E-03  1.227133E-04  1.543660E-02
  1.829111E-03  1.242228E-04  1.561375E-02
  1.851609E-03  1.257509E-04  1.579280E-02
  1.874384E-03  1.272978E-04  1.597379E-02
  1.897438E-03  1.288637E-04  1.615674E-02
  1.920777E-03  1.304489E-04  1.634165E-02
  1.944402E-03  1.320536E-04  1.652855E-02
  1.968319E-03  1.336781E-04  1.671746E-02
  1.992529E-03  1.353225E-04  1.690839E-02
  2.017037E-03  1.369871E-04  1.710137E-02
  2.041847E-03  1.386723E-04  1.729641E-02
  2.066961E-03  1.403781E-04  1.749352E-02
  2.092385E-03  1.421050E-04  1.769274E-02
  2.118121E-03  1.438531E-04  1.789407E-02
  2.144174E-03  1.456227E-04  1.809754E-02
  2.170548E-03  1.474141E-04  1.830316E-02
  2.197245E-03  1.492276E-04  1.851096E-02
  2.224271E-03  1.510633E-04  1.872095E-02
  2.251630E-03  1.529217E-04  1.893315E-02
  2.279325E-03  1.548029E-04  1.914758E-02
  2.307361E-03  1.567072E-04  1.936426E-02
  2.335741E-03  1.586350E-04  1.958321E-02
  2.364471E-03  1.605865E-04  1.980445E-02
  2.393554E-03  1.625621E-04  2.002800E-02
  2.422995E-03  1.645619E-04  2.025387E-02
  2.452797E-03  1.665864E-04  2.048209E-02
  2.482967E-03  1.686357E-04  2.071267E-02
  2.513507E-03  1.707103E-04  2.094563E-02
  2.544423E-03  1.728104E-04  2.118100E-02
  2.575720E-03  1.749364E-04  2.141880E-02
  2.607401E-03  1.770885E-04  2.165903E-02
  2.639472E-03  1.792671E-04  2.190173E-02
  2.671938E-03  1.814725E-04  2.214691E-02
  2.704803E-03  1.837051E-04  2.239459E-02
  2.738072E-03  1.859652E-04  2.264479E-02
  2.771750E-03  1.882530E-04  2.289753E-02
  2.805842E-03  1.905690E-04  2.315283E-02
  2.840354E-03  1.929136E-04  2.341070E-02
  2.875291E-03  1.952870E-04  2.367118E-02
  2.910657E-03  1.976896E-04  2.393427E-02
  2.946458E-03  2.001217E-04  2.419999E-02
  2.982699E-03  2.025838E-04  2.446837E-02
  3.019386E-03  2.050763E-04  2.473943E-02
  3.056525E-03  2.075994E-04  2.501318E-02
  3.094120E-03  2.101535E-04  2.528964E-02
  3.132178E-03  2.127391E-04  2.556883E-02
  3.170704E-03  2.153566E-04  2.585078E-02
  3.209703E-03  2.180062E-04  2.613549E-02
  3.249183E-03  2.206885E-04  2.642299E-02
  3.289148E-03  2.234038E-04  2.671329E-02
  3.329604E-03  2.261525E-04  2.700642E-02
  3.370558E-03  2.289351E-04  2.730239E-02
  3.412016E-03  2.317519E-04  2.760122E-02
  3.453984E-03  2.346034E-04  2.790293E-02
  3.496468E-03  2.374900E-04  2.820754E-02
  3.539474E-03  2.404122E-04  2.851506E-02
  3.583010E-03  2.433703E-04  2.882551E-02
  3.627081E-03  2.463649E-04  2.913891E-02
  3.671694E-03  2.493963E-04  2.945528E-02
  3.716856E-03  2.524651E-04  2.977463E-02
  3.762573E-03  2.555717E-04  3.009698E-02
  3.808853E-03  2.587165E-04  3.042235E-02
  3.855702E-03  2.619000E-04  3.075074E-02
  3.903127E-03  2.651228E-04  3.108219E-02
  3.951135E-03  2.683852E-04  3.141670E-02
  3.999734E-03  2.716879E-04  3.175429E-02
  4.048931E-03  2.750312E-04  3.209497E-02
  4.098733E-03  2.784157E-04  3.243877E-02
  4.149147E-03  2.818419E-04  3.278568E-02
  4.200182E-03  2.853103E-04  3.313574E-02
  4.251844E-03  2.888214E-04  3.348894E-02
  4.304142E-03  2.923757E-04  3.384531E-02
  4.357083E-03  2.959739E-04  3.420486E-02
  4.410675E-03  2.996164E-04  3.456760E-02
  4.464926E-03  3.033038E-04  3.493354E-02
  4.519845E-03  3.070366E-04  3.530270E-02
  4.575439E-03  3.108154E-04  3.567509E-02
  4.631717E-03  3.146408E-04  3.605071E-02
  4.688687E-03  3.185133E-04  3.642957E-02
  4.746358E-03  3.224335E-04  3.681170E-02
  4.804738E-03  3.264020E-04  3.719709E-02
  4.863836E-03  3.304195E-04  3.758576E-02
  4.923661E-03  3.344865E-04  3.797772E-02
  4.984222E-03  3.386036E-04  3.837296E-02
  5.045528E-03  3.427715E-04  3.877151E-02
  5.107588E-03  3.469907E-04  3.917336E-02
  5.170412E-03  3.512620E-04  3.957852E-02
  5.234008E-03  3.555859E-04  3.998700E-02
  5.298386E-03  3.599631E-04  4.039880E-02
  5.363556E-03  3.643943E-04  4.081392E-02
  5.429528E-03  3.688802E-04  4.123238E-02
  5.496311E-03  3.734214E-04  4.165416E-02
  5.563916E-03  3.780185E-04  4.207928E-02
  5.632352E-03  3.826724E-04  4.250773E-02
  5.701630E-03  3.873837E-04  4.293952E-02
  5.771760E-03  3.921531E-04  4.337464E-02
  5.842752E-03  3.969814E-04  4.381309E-02
  5.914618E-03  4.018692E-04  4.425487E-02
  5.987368E-03  4.068173E-04  4.469997E-02
  6.061013E-03  4.118265E-04  4.514840E-02
  6.135563E-03  4.168975E-04  4.560014E-02
  6.211031E-03  4.220311E-04  4.605518E-02
  6.287426E-03  4.272280E-04  4.651353E-02
  6.364762E-03  4.324892E-04  4.697517E-02
  6.443048E-03  4.378152E-04  4.744010E-02
  6.522298E-03  4.432070E-04  4.790830E-02
  6.602522E-03  4.486654E-04  4.837975E-02
  6.683733E-03  4.541912E-04  4.885446E-02
  6.765943E-03  4.597852E-04  4.933240E-02
  6.849164E-03  4.654483E-04  4.981355E-02
  6.933409E-03  4.711814E-04  5.029790E-02
  7.018690E-03  4.769853E-04  5.078544E-02
  7.105020E-03  4.828610E-04  5.127614E-02
  7.192411E-03  4.888092E-04  5.176997E-02
  7.280878E-03  4.948309E-04  5.226693E-02
  7.370433E-03  5.009271E-04  5.276698E-02
  7.461089E-03  5.070986E-04  5.327010E-02
  7.552860E-03  5.133464E-04  5.377626E-02
  7.645761E-03  5.196715E-04  5.428544E-02
  7.739803E-03  5.260747E-04  5.479759E-02
  7.835003E-03  5.325572E-04  5.531270E-02
  7.931374E-03  5.391199E-04  5.583072E-02
  8.028930E-03  5.457637E-04  5.635163E-02
  8.127685E-03  5.524898E-04  5.687538E-02
  8.227656E-03  5.592991E-04  5.740194E-02
  8.328856E-03  5.661927E-04  5.793125E-02
  8.431301E-03  5.731716E-04  5.846329E-02
  8.535006E-03  5.802369E-04  5.899801E-02
  8.639987E-03  5.873897E-04  5.953535E-02
  8.746258E-03  5.946311E-04  6.007528E-02
  8.853837E-03  6.019622E-04  6.061773E-02
  8.962740E-03  6.093842E-04  6.116266E-02
  9.072981E-03  6.168981E-04  6.171001E-02
  9.184579E-03  6.245051E-04  6.225972E-02
  9.297549E-03  6.322065E-04  6.281173E-02
  9.411909E-03  6.400033E-04  6.336598E-02
  9.527676E-03  6.478968E-04  6.392240E-02
  9.644866E-03  6.558882E-04  6.448093E-02
  9.763498E-03  6.639788E-04  6.504150E-02
  9.883589E-03  6.721698E-04  6.560403E-02
  1.000516E-02  6.804625E-04  6.616844E-02
  1.012822E-02  6.888581E-04  6.673467E-02
  1.025280E-02  6.973579E-04  6.730263E-02
  1.037891E-02  7.059634E-04  6.787224E-02
  1.050657E-02  7.146757E-04  6.844340E-02
  1.063580E-02  7.234963E-04  6.901604E-02
  1.076662E-02  7.324266E-04  6.959005E-02
  1.089905E-02  7.414678E-04  7.016535E-02
  1.103311E-02  7.506216E-04  7.074183E-02
  1.116881E-02  7.598892E-04  7.131940E-02
  1.130619E-02  7.692721E-04  7.189794E-02
  1.144526E-02  7.787717E-04  7.247736E-02
  1.158603E-02  7.883897E-04  7.305753E-02
  1.172854E-02  7.981275E-04  7.363835E-02
  1.187280E-02  8.079865E-04  7.421969E-02
  1.201884E-02  8.179684E-04  7.480144E-02
  1.216667E-02  8.280747E-04  7.538347E-02
  1.231632E-02  8.383071E-04  7.596565E-02
  1.246781E-02  8.486670E-04  7.654785E-02
  1.262116E-02  8.591563E-04  7.712992E-02
  1.277640E-02  8.697764E-04  7.771174E-02
  1.293355E-02  8.805292E-04  7.829316E-02
  1.309264E-02  8.914162E-04  7.887402E-02
  1.325368E-02  9.024393E-04  7.945418E-02
  1.341670E-02  9.136002E-04  8.003348E-02
  1.358172E-02  9.249006E-04  8.061177E-02
  1.374878E-02  9.363423E-04  8.118886E-02
  1.391789E-02  9.479272E-04  8.176461E-02
  1.408908E-02  9.596572E-04  8.233883E-02
  1.426237E-02  9.715340E-04  8.291134E-02
  1.443780E-02  9.835597E-04  8.348197E-02
  1.461538E-02  9.957361E-04  8.405053E-02
  1.479515E-02  1.008065E-03  8.461683E-02
  1.497713E-02  1.020549E-03  8.518067E-02
  1.516135E-02  1.033189E-03  8.574184E-02
  1.534784E-02  1.045988E-03  8.630016E-02
  1.553662E-02  1.058948E-03  8.685540E-02
  1.572772E-02  1.072071E-03  8.740735E-02
  1.592117E-02  1.085359E-03  8.795580E-02
  1.611700E-02  1.098814E-03  8.850051E-02
  1.631524E-02  1.112438E-03  8.904126E-02
  1.651591E-02  1.126234E-03  8.957781E-02
  1.671906E-02  1.140204E-03  9.010992E-02
  1.692470E-02  1.154350E-03  9.063735E-02
  1.713288E-02  1.168674E-03  9.115985E-02
  1.734361E-02  1.183179E-03  9.167716E-02
  1.755694E-02  1.197867E-03  9.218902E-02
  1.777289E-02  1.212741E-03  9.269517E-02
  1.799150E-02  1.227803E-03  9.319532E-02
  1.821279E-02  1.243056E-03  9.368921E-02
  1.843681E-02  1.258501E-03  9.417656E-02
  1.866358E-02  1.274142E-03  9.465706E-02
  1.889314E-02  1.289982E-03  9.513044E-02
  1.912553E-02  1.306022E-03  9.559638E-02
  1.936077E-02  1.322267E-03  9.605459E-02
  1.959891E-02  1.338717E-03  9.650476E-02
  1.983998E-02  1.355377E-03  9.694656E-02
  2.008401E-02  1.372248E-03  9.737967E-02
  2.033104E-02  1.389334E-03  9.780378E-02
  2.058111E-02  1.406638E-03  9.821853E-02
  2.083426E-02  1.424163E-03  9.862360E-02
  2.109052E-02  1.441911E-03  9.901864E-02
  2.134994E-02  1.459886E-03  9.940329E-02
  2.161254E-02  1.478091E-03  9.977721E-02
  2.187838E-02  1.496529E-03  1.001400E-01
  2.214748E-02  1.515203E-03  1.004914E-01
  2.241989E-02  1.534116E-03  1.008309E-01
  2.269566E-02  1.553272E-03  1.011581E-01
  2.297481E-02  1.572673E-03  1.014728E-01
  2.325740E-02  1.592325E-03  1.017745E-01
  2.354347E-02  1.612229E-03  1.020627E-01
  2.383306E-02  1.632389E-03  1.023372E-01
  2.412620E-02  1.652810E-03  1.025974E-01
  2.442295E-02  1.673494E-03  1.028431E-01
  2.472336E-02  1.694445E-03  1.030737E-01
  2.502745E-02  1.715667E-03  1.032888E-01
  2.533529E-02  1.737164E-03  1.034880E-01
  2.564692E-02  1.758940E-03  1.036709E-01
  2.596237E-02  1.780998E-03  1.038370E-01
  2.628171E-02  1.803344E-03  1.039859E-01
  2.660498E-02  1.825980E-03  1.041172E-01
  2.693222E-02  1.848911E-03  1.042303E-01
  2.726348E-02  1.872141E-03  1.043248E-01
  2.759882E-02  1.895674E-03  1.044003E-01
  2.793829E-02  1.919516E-03  1.044563E-01
  2.828193E-02  1.943670E-03  1.044923E-01
  2.862980E-02  1.968141E-03  1.045078E-01
  2.898194E-02  1.992933E-03  1.045024E-01
  2.933842E-02  2.018051E-03  1.044756E-01
  2.969928E-02  2.043501E-03  1.044268E-01
  3.006459E-02  2.069286E-03  1.043556E-01
  3.043438E-02  2.095413E-03  1.042615E-01
  3.080872E-02  2.121885E-03  1.041440E-01
  3.118767E-02  2.148708E-03  1.040026E-01
  3.157128E-02  2.175888E-03  1.038367E-01
  3.195961E-02  2.203430E-03  1.036460E-01
  3.235271E-02  2.231339E-03  1.034298E-01
  3.275065E-02  2.259620E-03  1.031876E-01
  3.315348E-02  2.288280E-03  1.029190E-01
  3.356127E-02  2.317325E-03  1.026235E-01
  3.397407E-02  2.346759E-03  1.023004E-01
  3.439195E-02  2.376590E-03  1.019494E-01
  3.481497E-02  2.406823E-03  1.015698E-01
  3.524320E-02  2.437465E-03  1.011612E-01
  3.567669E-02  2.468522E-03  1.007230E-01
  3.611551E-02  2.500000E-03  1.002548E-01
  3.655973E-02  2.531906E-03  9.975596E-02
  3.700942E-02  2.564248E-03  9.922605E-02
  3.746463E-02  2.597031E-03  9.866454E-02
  3.792545E-02  2.630264E-03  9.807090E-02
  3.839193E-02  2.663953E-03  9.744465E-02
  3.886415E-02  2.698105E-03  9.678527E-02
  3.934218E-02  2.732729E-03  9.609226E-02
  3.982609E-02  2.767831E-03  9.536514E-02
  4.031595E-02  2.803421E-03  9.460340E-02
  4.081184E-02  2.839505E-03  9.380657E-02
  4.131382E-02  2.876092E-03  9.297417E-02
  4.182198E-02  2.913191E-03  9.210571E-02
  4.233639E-02  2.950810E-03  9.120074E-02
  4.285713E-02  2.988958E-03  9.025880E-02
  4.338427E-02  3.027644E-03  8.927943E-02
  4.391790E-02  3.066877E-03  8.826220E-02
  4.445809E-02  3.106666E-03  8.720666E-02
  4.500492E-02  3.147021E-03  8.611240E-02
  4.555849E-02  3.187953E-03  8.497900E-02
  4.611885E-02  3.229470E-03  8.380607E-02
  4.668612E-02  3.271584E-03  8.259320E-02
  4.726036E-02  3.314305E-03  8.134004E-02
  4.784166E-02  3.357643E-03  8.004621E-02
  4.843011E-02  3.401611E-03  7.871136E-02
  4.902580E-02  3.446219E-03  7.733517E-02
  4.962882E-02  3.491478E-03  7.591731E-02
  5.023925E-02  3.537401E-03  7.445748E-02
  5.085720E-02  3.584000E-03  7.295540E-02
  5.148274E-02  3.631288E-03  7.141080E-02
  5.211598E-02  3.679277E-03  6.982344E-02
  5.275700E-02  3.727980E-03  6.819309E-02
  5.340591E-02  3.777411E-03  6.651954E-02
  5.406281E-02  3.827584E-03  6.480261E-02
  5.472778E-02  3.878513E-03  6.304214E-02
  5.540093E-02  3.930213E-03  6.123799E-02
  5.608236E-02  3.982698E-03  5.939006E-02
  5.677218E-02  4.035983E-03  5.749824E-02
  5.747047E-02  4.090085E-03  5.556248E-02
  5.817736E-02  4.145020E-03  5.358274E-02
  5.889294E-02  4.200804E-03  5.155903E-02
  5.961733E-02  4.257454E-03  4.949136E-02
  6.035062E-02  4.314988E-03  4.737979E-02
  6.109293E-02  4.373424E-03  4.522440E-02
  6.184437E-02  4.432780E-03  4.302531E-02
  6.260506E-02  4.493074E-03  4.078268E-02
  6.337510E-02  4.554328E-03  3.849669E-02
  6.415462E-02  4.616560E-03  3.616756E-02
  6.494372E-02  4.679791E-03  3.379555E-02
  6.574253E-02  4.744043E-03  3.138096E-02
  6.655116E-02  4.809337E-03  2.892411E-02
  6.736974E-02  4.875696E-03  2.642539E-02
  6.819839E-02  4.943143E-03  2.388521E-02
  6.903723E-02  5.011700E-03  2.130401E-02
  6.988638E-02  5.081394E-03  1.868232E-02
  7.074599E-02  5.152248E-03  1.602065E-02
  7.161616E-02  5.224290E-03  1.331961E-02
  7.249704E-02  5.297544E-03  1.057982E-02
  7.338875E-02  5.372040E-03  7.801969E-03
  7.429144E-02  5.447804E-03  4.986777E-03
  7.520522E-02  5.524867E-03  2.135021E-03
  7.613024E-02  5.603258E-03 -7.524713E-04
  7.706665E-02  5.683007E-03 -3.674826E-03
  7.801457E-02  5.764147E-03 -6.631116E-03
  7.897415E-02  5.846711E-03 -9.620363E-03
  7.994553E-02  5.930732E-03 -1.264153E-02
  8.092886E-02  6.016245E-03 -1.569354E-02
  8.192428E-02  6.103285E-03 -1.877525E-02
  8.293195E-02  6.191891E-03 -2.188545E-02
  8.395201E-02  6.282100E-03 -2.502291E-02
  8.498462E-02  6.373951E-03 -2.818631E-02
  8.602993E-02  6.467485E-03 -3.137428E-02
  8.708810E-02  6.562745E-03 -3.458540E-02
  8.815929E-02  6.659772E-03 -3.781819E-02
  8.924365E-02  6.758612E-03 -4.107111E-02
  9.034134E-02  6.859311E-03 -4.434254E-02
  9.145254E-02  6.961916E-03 -4.763084E-02
  9.257741E-02  7.066477E-03 -5.093428E-02
  9.371611E-02  7.173044E-03 -5.425107E-02
  9.486882E-02  7.281669E-03 -5.757938E-02
  9.603570E-02  7.392406E-03 -6.091729E-02
  9.721694E-02  7.505312E-03 -6.426284E-02
  9.841271E-02  7.620443E-03 -6.761399E-02
  9.962319E-02  7.737860E-03 -7.096866E-02
  1.008486E-01  7.857623E-03 -7.432470E-02
  1.020890E-01  7.979797E-03 -7.767989E-02
  1.033447E-01  8.104446E-03 -8.103195E-02
  1.046158E-01  8.231640E-03 -8.437854E-02
  1.059026E-01  8.361448E-03 -8.771728E-02
  1.072052E-01  8.493942E-03 -9.104569E-02
  1.085238E-01  8.629197E-03 -9.436126E-02
  1.098587E-01  8.767292E-03 -9.766141E-02
  1.112099E-01  8.908306E-03 -1.009435E-01
  1.125778E-01  9.052321E-03 -1.042049E-01
  1.139625E-01  9.199425E-03 -1.074427E-01
  1.153643E-01  9.349704E-03 -1.106542E-01
  1.167832E-01  9.503252E-03 -1.138366E-01
  1.182197E-01  9.660163E-03 -1.169869E-01
  1.196738E-01  9.820534E-03 -1.201021E-01
  1.211458E-01  9.984468E-03 -1.231793E-01
  1.226359E-01  1.015207E-02 -1.262154E-01
  1.241443E-01  1.032345E-02 -1.292072E-01
  1.256713E-01  1.049871E-02 -1.321516E-01
  1.272170E-01  1.067798E-02 -1.350454E-01
  1.287818E-01  1.086138E-02 -1.378855E-01
  1.303658E-01  1.104902E-02 -1.406684E-01
  1.319693E-01  1.124105E-02 -1.433909E-01
  1.335925E-01  1.143758E-02 -1.460497E-01
  1.352357E-01  1.163877E-02 -1.486413E-01
  1.368991E-01  1.184475E-02 -1.511625E-01
  1.385830E-01  1.205567E-02 -1.536097E-01
  1.402875E-01  1.227168E-02 -1.559796E-01
  1.420131E-01  1.249295E-02 -1.582686E-01
  1.437598E-01  1.271963E-02 -1.604734E-01
  1.455281E-01  1.295190E-02 -1.625904E-01
  1.473181E-01  1.318994E-02 -1.646161E-01
  1.491301E-01  1.343392E-02 -1.665472E-01
  1.509644E-01  1.368403E-02 -1.683800E-01
  1.528212E-01  1.394047E-02 -1.701111E-01
  1.547009E-01  1.420345E-02 -1.717371E-01
  1.566038E-01  1.447316E-02 -1.732545E-01
  1.585300E-01  1.474983E-02 -1.746598E-01
  1.604799E-01  1.503368E-02 -1.759498E-01
  1.624538E-01  1.532494E-02 -1.771209E-01
  1.644520E-01  1.562385E-02 -1.781699E-01
  1.664748E-01  1.593067E-02 -1.790934E-01
  1.685224E-01  1.624564E-02 -1.798883E-01
  1.705952E-01  1.656904E-02 -1.805512E-01
  1.726935E-01  1.690114E-02 -1.810792E-01
  1.748177E-01  1.724222E-02 -1.814690E-01
  1.769679E-01  1.759258E-02 -1.817176E-01
  1.791446E-01  1.795253E-02 -1.818221E-01
  1.813481E-01  1.832237E-02 -1.817797E-01
  1.835787E-01  1.870244E-02 -1.815875E-01
  1.858367E-01  1.909308E-02 -1.812429E-01
  1.881225E-01  1.949463E-02 -1.807432E-01
  1.904364E-01  1.990745E-02 -1.800860E-01
  1.927788E-01  2.033192E-02 -1.792689E-01
  1.951500E-01  2.076841E-02 -1.782895E-01
  1.975503E-01  2.121734E-02 -1.771458E-01
  1.999802E-01  2.167912E-02 -1.758357E-01
  2.024399E-01  2.215415E-02 -1.743572E-01
  2.049299E-01  2.264290E-02 -1.727088E-01
  2.074506E-01  2.314580E-02 -1.708887E-01
  2.100022E-01  2.366333E-02 -1.688954E-01
  2.125852E-01  2.419597E-02 -1.667278E-01
  2.152000E-01  2.474421E-02 -1.643846E-01
  2.178470E-01  2.530858E-02 -1.618648E-01
  2.205265E-01  2.588960E-02 -1.591677E-01
  2.232390E-01  2.648782E-02 -1.562927E-01
  2.259848E-01  2.710379E-02 -1.532393E-01
  2.287645E-01  2.773811E-02 -1.500073E-01
  2.315783E-01  2.839136E-02 -1.465966E-01
  2.344267E-01  2.906416E-02 -1.430075E-01
  2.373101E-01  2.975715E-02 -1.392403E-01
  2.402290E-01  3.047096E-02 -1.352955E-01
  2.431838E-01  3.120627E-02 -1.311741E-01
  2.461750E-01  3.196377E-02 -1.268769E-01
  2.492030E-01  3.274415E-02 -1.224054E-01
  2.522682E-01  3.354814E-02 -1.177610E-01
  2.553711E-01  3.437648E-02 -1.129453E-01
  2.585121E-01  3.522992E-02 -1.079605E-01
  2.616918E-01  3.610925E-02 -1.028086E-01
  2.649106E-01  3.701525E-02 -9.749220E-02
  2.681690E-01  3.794875E-02 -9.201396E-02
  2.714675E-01  3.891056E-02 -8.637686E-02
  2.748066E-01  3.990153E-02 -8.058411E-02
  2.781867E-01  4.092252E-02 -7.463919E-02
  2.816084E-01  4.197442E-02 -6.854583E-02
  2.850722E-01  4.305812E-02 -6.230801E-02
  2.885785E-01  4.417451E-02 -5.593001E-02
  2.921281E-01  4.532453E-02 -4.941632E-02
  2.957212E-01  4.650910E-02 -4.277172E-02
  2.993586E-01  4.772916E-02 -3.600125E-02
  3.030407E-01  4.898568E-02 -2.911019E-02
  3.067681E-01  5.027959E-02 -2.210410E-02
  3.105414E-01  5.161188E-02 -1.498877E-02
  3.143610E-01  5.298350E-02 -7.770264E-03
  3.182277E-01  5.439543E-02 -4.548892E-04
  3.221419E-01  5.584863E-02  6.950804E-03
  3.261042E-01  5.734406E-02  1.444002E-02
  3.301153E-01  5.888269E-02  2.200573E-02
  3.341757E-01  6.046545E-02  2.964066E-02
  3.382861E-01  6.209328E-02  3.733733E-02
  3.424470E-01  6.376708E-02  4.508802E-02
  3.466591E-01  6.548775E-02  5.288481E-02
  3.509230E-01  6.725613E-02  6.071956E-02
  3.552394E-01  6.907305E-02  6.858395E-02
  3.596088E-01  7.093931E-02  7.646944E-02
  3.640320E-01  7.285563E-02  8.436736E-02
  3.685096E-01  7.482269E-02  9.226881E-02
  3.730422E-01  7.684114E-02  1.001648E-01
  3.776307E-01  7.891151E-02  1.080461E-01
  3.822755E-01  8.103430E-02  1.159034E-01
  3.869775E-01  8.320989E-02  1.237274E-01
  3.917373E-01  8.543858E-02  1.315083E-01
  3.965557E-01  8.772056E-02  1.392367E-01
  4.014333E-01  9.005590E-02  1.469026E-01
  4.063710E-01  9.244456E-02  1.544964E-01
  4.113693E-01  9.488632E-02  1.620080E-01
  4.164292E-01  9.738084E-02  1.694275E-01
  4.215513E-01  9.992760E-02  1.767449E-01
  4.267363E-01  1.025259E-01  1.839501E-01
  4.319852E-01  1.051748E-01  1.910330E-01
  4.372986E-01  1.078732E-01  1.979834E-01
  4.426774E-01  1.106198E-01  2.047911E-01
  4.481223E-01  1.134130E-01  2.114459E-01
  4.536342E-01  1.162508E-01  2.179376E-01
  4.592139E-01  1.191312E-01  2.242560E-01
  4.648622E-01  1.220517E-01  2.303910E-01
  4.705801E-01  1.250096E-01  2.363323E-01
  4.763682E-01  1.280016E-01  2.420699E-01
  4.822275E-01  1.310243E-01  2.475938E-01
  4.881589E-01  1.340739E-01  2.528943E-01
  4.941633E-01  1.371460E-01  2.579615E-01
  5.002415E-01  1.402361E-01  2.627860E-01
  5.063944E-01  1.433388E-01  2.673583E-01
  5.126231E-01  1.464487E-01  2.716694E-01
  5.189284E-01  1.495597E-01  2.757104E-01
  5.253112E-01  1.526651E-01  2.794725E-01
  5.317725E-01  1.557579E-01  2.829474E-01
  5.383133E-01  1.588304E-01  2.861269E-01
  5.449346E-01  1.618744E-01  2.890033E-01
  5.516373E-01  1.648811E-01  2.915690E-01
  5.584224E-01  1.678413E-01  2.938168E-01
  5.652910E-01  1.707449E-01  2.957399E-01
  5.722441E-01  1.735815E-01  2.973317E-01
  5.792827E-01  1.763400E-01  2.985862E-01
  5.864079E-01  1.790087E-01  2.994975E-01
  5.936207E-01  1.815753E-01  3.000602E-01
  6.009222E-01  1.840270E-01  3.002695E-01
  6.083135E-01  1.863503E-01  3.001207E-01
  6.157958E-01  1.885314E-01  2.996097E-01
  6.233701E-01  1.905558E-01  2.987328E-01
  6.310375E-01  1.924086E-01  2.974867E-01
  6.387993E-01  1.940747E-01  2.958687E-01
  6.466565E-01  1.955382E-01  2.938763E-01
  6.546104E-01  1.967833E-01  2.915076E-01
  6.626621E-01  1.977939E-01  2.887614E-01
  6.708129E-01  1.985536E-01  2.856366E-01
  6.790639E-01  1.990461E-01  2.821327E-01
  6.874164E-01  1.992551E-01  2.782498E-01
  6.958716E-01  1.991645E-01  2.739885E-01
  7.044308E-01  1.987583E-01  2.693497E-01
  7.130953E-01  1.980210E-01  2.643349E-01
  7.218664E-01  1.969374E-01  2.589460E-01
  7.307453E-01  1.954930E-01  2.531856E-01
  7.397335E-01  1.936737E-01  2.470566E-01
  7.488322E-01  1.914666E-01  2.405622E-01
  7.580428E-01  1.888592E-01  2.337066E-01
  7.673668E-01  1.858404E-01  2.264938E-01
  7.768054E-01  1.824003E-01  2.189289E-01
  7.863601E-01  1.785302E-01  2.110169E-01
  7.960323E-01  1.742232E-01  2.027636E-01
  8.058235E-01  1.694739E-01  1.941752E-01
  8.157351E-01  1.642792E-01  1.852580E-01
  8.257687E-01  1.586379E-01  1.760192E-01
  8.359256E-01  1.525512E-01  1.664659E-01
  8.462075E-01  1.460225E-01  1.566061E-01
  8.566159E-01  1.390577E-01  1.464477E-01
  8.671523E-01  1.316654E-01  1.359994E-01
  8.778182E-01  1.238561E-01  1.252698E-01
  8.886154E-01  1.156433E-01  1.142682E-01
  8.995454E-01  1.070424E-01  1.030042E-01
  9.106098E-01  9.807099E-02  9.148745E-02
  9.218103E-01  8.874857E-02  7.972814E-02
  9.331485E-01  7.909634E-02  6.773665E-02
  9.446263E-01  6.913679E-02  5.552366E-02
  9.562452E-01  5.889344E-02  4.310007E-02
  9.680070E-01  4.839036E-02  3.047704E-02
  9.799135E-01  3.765179E-02  1.766596E-02
  9.919664E-01  2.670167E-02  4.678389E-03
  1.004168E+00  1.556309E-02 -8.473887E-03
  1.016519E+00  4.257786E-03 -2.177893E-02
  1.029022E+00 -7.194358E-03 -3.522463E-02
  1.041679E+00 -1.877587E-02 -4.879875E-02
  1.054492E+00 -3.047220E-02 -6.248892E-02
  1.067462E+00 -4.227219E-02 -7.628266E-02
  1.080592E+00 -5.416856E-02 -9.016741E-02
  1.093883E+00 -6.615827E-02 -1.041305E-01
  1.107338E+00 -7.824288E-02 -1.181593E-01
  1.120958E+00 -9.042884E-02 -1.322410E-01
  1.134746E+00 -1.027276E-01 -1.463628E-01
  1.148703E+00 -1.151559E-01 -1.605119E-01
  1.162832E+00 -1.277353E-01 -1.746757E-01
  1.177135E+00 -1.404925E-01 -1.888412E-01
  1.191614E+00 -1.534591E-01 -2.029959E-01
  1.206271E+00 -1.666706E-01 -2.171270E-01
  1.221108E+00 -1.801666E-01 -2.312218E-01
  1.236127E+00 -1.939893E-01 -2.452680E-01
  1.251332E+00 -2.081831E-01 -2.592530E-01
  1.266723E+00 -2.227936E-01 -2.731645E-01
  1.282304E+00 -2.378658E-01 -2.869904E-01
  1.298076E+00 -2.534428E-01 -3.007185E-01
  1.314042E+00 -2.695645E-01 -3.143370E-01
  1.330205E+00 -2.862653E-01 -3.278340E-01
  1.346567E+00 -3.035720E-01 -3.411980E-01
  1.363130E+00 -3.215017E-01 -3.544175E-01
  1.379896E+00 -3.400586E-01 -3.674814E-01
  1.396869E+00 -3.592314E-01 -3.803787E-01
  1.414050E+00 -3.789888E-01 -3.930985E-01
  1.431443E+00 -3.992761E-01 -4.056303E-01
  1.449050E+00 -4.200118E-01 -4.179638E-01
  1.466873E+00 -4.410851E-01 -4.300889E-01
  1.484916E+00 -4.623548E-01 -4.419957E-01
  1.503180E+00 -4.836513E-01 -4.536747E-01
  1.521669E+00 -5.047783E-01 -4.651167E-01
  1.540386E+00 -5.255166E-01 -4.763124E-01
  1.559332E+00 -5.456290E-01 -4.872534E-01
  1.578512E+00 -5.648663E-01 -4.979310E-01
  1.597928E+00 -5.829749E-01 -5.083373E-01
  1.617582E+00 -5.997067E-01 -5.184642E-01
  1.637479E+00 -6.148310E-01 -5.283044E-01
  1.657620E+00 -6.281473E-01 -5.378506E-01
  1.678008E+00 -6.394990E-01 -5.470960E-01
  1.698648E+00 -6.487864E-01 -5.560338E-01
  1.719541E+00 -6.559759E-01 -5.646579E-01
  1.740692E+00 -6.611060E-01 -5.729623E-01
  1.762102E+00 -6.642889E-01 -5.809413E-01
  1.783776E+00 -6.657065E-01 -5.885897E-01
  1.805717E+00 -6.656035E-01 -5.959024E-01
  1.827927E+00 -6.642755E-01 -6.028747E-01
  1.850410E+00 -6.620548E-01 -6.095021E-01
  1.873170E+00 -6.592926E-01 -6.157806E-01
  1.896210E+00 -6.563398E-01 -6.217064E-01
  1.919534E+00 -6.535262E-01 -6.272758E-01
  1.943144E+00 -6.511399E-01 -6.324857E-01
  1.967045E+00 -6.494081E-01 -6.373331E-01
  1.991239E+00 -6.484795E-01 -6.418153E-01
  2.015732E+00 -6.484121E-01 -6.459299E-01
  2.040525E+00 -6.491663E-01 -6.496749E-01
  2.065624E+00 -6.506083E-01 -6.530484E-01
  2.091031E+00 -6.525272E-01 -6.560490E-01
  2.116750E+00 -6.546669E-01 -6.586755E-01
  2.142786E+00 -6.567727E-01 -6.609270E-01
  2.169143E+00 -6.586423E-01 -6.628030E-01
  2.195823E+00 -6.601632E-01 -6.643033E-01
  2.222832E+00 -6.613074E-01 -6.654281E-01
  2.250173E+00 -6.620798E-01 -6.661777E-01
  2.277850E+00 -6.624785E-01 -6.665532E-01
  2.305867E+00 -6.625040E-01 -6.665556E-01
  2.334229E+00 -6.621578E-01 -6.661866E-01
  2.362940E+00 -6.614419E-01 -6.654481E-01
  2.392005E+00 -6.603588E-01 -6.643426E-01
  2.421426E+00 -6.589110E-01 -6.628727E-01
  2.451210E+00 -6.571020E-01 -6.610417E-01
  2.481360E+00 -6.549352E-01 -6.588530E-01
  2.511880E+00 -6.524147E-01 -6.563107E-01
  2.542777E+00 -6.495449E-01 -6.534192E-01
  2.574053E+00 -6.463308E-01 -6.501831E-01
  2.605714E+00 -6.427777E-01 -6.466077E-01
  2.637764E+00 -6.388912E-01 -6.426986E-01
  2.670208E+00 -6.346774E-01 -6.384618E-01
  2.703052E+00 -6.301429E-01 -6.339037E-01
  2.736299E+00 -6.252947E-01 -6.290312E-01
  2.769956E+00 -6.201400E-01 -6.238514E-01
  2.804026E+00 -6.146865E-01 -6.183719E-01
  2.838516E+00 -6.089424E-01 -6.126007E-01
  2.873430E+00 -6.029161E-01 -6.065462E-01
  2.908773E+00 -5.966164E-01 -6.002172E-01
  2.944551E+00 -5.900525E-01 -5.936226E-01
  2.980769E+00 -5.832338E-01 -5.867720E-01
  3.017432E+00 -5.761702E-01 -5.796750E-01
  3.054547E+00 -5.688718E-01 -5.723417E-01
  3.092118E+00 -5.613491E-01 -5.647826E-01
  3.130151E+00 -5.536125E-01 -5.570082E-01
  3.168651E+00 -5.456731E-01 -5.490294E-01
  3.207626E+00 -5.375421E-01 -5.408574E-01
  3.247080E+00 -5.292306E-01 -5.325035E-01
  3.287019E+00 -5.207502E-01 -5.239792E-01
  3.327449E+00 -5.121126E-01 -5.152961E-01
  3.368377E+00 -5.033294E-01 -5.064661E-01
  3.409808E+00 -4.944125E-01 -4.975011E-01
  3.451748E+00 -4.853739E-01 -4.884129E-01
  3.494205E+00 -4.762253E-01 -4.792136E-01
  3.537184E+00 -4.669788E-01 -4.699151E-01
  3.580691E+00 -4.576461E-01 -4.605294E-01
  3.624733E+00 -4.482390E-01 -4.510683E-01
  3.669318E+00 -4.387693E-01 -4.415437E-01
  3.714450E+00 -4.292485E-01 -4.319671E-01
  3.760138E+00 -4.196880E-01 -4.223502E-01
  3.806388E+00 -4.100989E-01 -4.127041E-01
  3.853206E+00 -4.004924E-01 -4.030400E-01
  3.900601E+00 -3.908791E-01 -3.933687E-01
  3.948578E+00 -3.812695E-01 -3.837008E-01
  3.997146E+00 -3.716739E-01 -3.740467E-01
  4.046310E+00 -3.621022E-01 -3.644163E-01
  4.096080E+00 -3.525640E-01 -3.548195E-01
  4.146462E+00 -3.430686E-01 -3.452654E-01
  4.197463E+00 -3.336250E-01 -3.357633E-01
  4.249092E+00 -3.242418E-01 -3.263218E-01
  4.301356E+00 -3.149273E-01 -3.169493E-01
  4.354263E+00 -3.056895E-01 -3.076537E-01
  4.407820E+00 -2.965358E-01 -2.984428E-01
  4.462036E+00 -2.874735E-01 -2.893238E-01
  4.516919E+00 -2.785096E-01 -2.803037E-01
  4.572477E+00 -2.696506E-01 -2.713890E-01
  4.628719E+00 -2.609027E-01 -2.625861E-01
  4.685652E+00 -2.522717E-01 -2.539008E-01
  4.743286E+00 -2.437633E-01 -2.453388E-01
  4.801628E+00 -2.353826E-01 -2.369053E-01
  4.860688E+00 -2.271345E-01 -2.286052E-01
  4.920475E+00 -2.190237E-01 -2.204432E-01
  4.980996E+00 -2.110544E-01 -2.124236E-01
  5.042263E+00 -2.032306E-01 -2.045504E-01
  5.104282E+00 -1.955562E-01 -1.968274E-01
  5.167065E+00 -1.880344E-01 -1.892580E-01
  5.230620E+00 -1.806685E-01 -1.818454E-01
  5.294957E+00 -1.734612E-01 -1.745925E-01
  5.360085E+00 -1.664153E-01 -1.675018E-01
  5.426014E+00 -1.595329E-01 -1.605757E-01
  5.492754E+00 -1.528162E-01 -1.538162E-01
  5.560315E+00 -1.462670E-01 -1.472252E-01
  5.628706E+00 -1.398867E-01 -1.408042E-01
  5.697939E+00 -1.336766E-01 -1.345543E-01
  5.768024E+00 -1.276376E-01 -1.284767E-01
  5.838971E+00 -1.217705E-01 -1.225719E-01
  5.910790E+00 -1.160757E-01 -1.168405E-01
  5.983493E+00 -1.105533E-01 -1.112825E-01
  6.057090E+00 -1.052033E-01 -1.058980E-01
  6.131592E+00 -1.000253E-01 -1.006865E-01
  6.207011E+00 -9.501869E-02 -9.564737E-02
  6.283357E+00 -9.018256E-02 -9.077982E-02
  6.360642E+00 -8.551579E-02 -8.608267E-02
  6.438878E+00 -8.101702E-02 -8.155455E-02
  6.518076E+00 -7.668462E-02 -7.719383E-02
  6.598249E+00 -7.251675E-02 -7.299865E-02
  6.679407E+00 -6.851132E-02 -6.896694E-02
  6.761564E+00 -6.466606E-02 -6.509640E-02
  6.844731E+00 -6.097846E-02 -6.138451E-02
  6.928921E+00 -5.744584E-02 -5.782857E-02
  7.014147E+00 -5.406532E-02 -5.442571E-02
  7.100421E+00 -5.083387E-02 -5.117287E-02
  7.187756E+00 -4.774829E-02 -4.806682E-02
  7.276166E+00 -4.480523E-02 -4.510422E-02
  7.365662E+00 -4.200122E-02 -4.228156E-02
  7.456260E+00 -3.933267E-02 -3.959524E-02
  7.547972E+00 -3.679589E-02 -3.704155E-02
  7.640812E+00 -3.438709E-02 -3.461668E-02
  7.734794E+00 -3.210242E-02 -3.231675E-02
  7.829932E+00 -2.993797E-02 -3.013783E-02
  7.926240E+00 -2.788977E-02 -2.807592E-02
  8.023733E+00 -2.595383E-02 -2.612701E-02
  8.122425E+00 -2.412612E-02 -2.428706E-02
  8.222331E+00 -2.240263E-02 -2.255201E-02
  8.323465E+00 -2.077932E-02 -2.091782E-02
  8.425844E+00 -1.925220E-02 -1.938046E-02
  8.529482E+00 -1.781729E-02 -1.793591E-02
  8.634394E+00 -1.647064E-02 -1.658023E-02
  8.740598E+00 -1.520835E-02 -1.530948E-02
  8.848107E+00 -1.402660E-02 -1.411979E-02
  8.956939E+00 -1.292159E-02 -1.300737E-02
  9.067109E+00 -1.188963E-02 -1.196850E-02
  9.178634E+00 -1.092709E-02 -1.099950E-02
  9.291532E+00 -1.003043E-02 -1.009684E-02
  9.405817E+00 -9.196203E-03 -9.257018E-03
  9.521509E+00 -8.421042E-03 -8.476670E-03
  9.638624E+00 -7.701696E-03 -7.752513E-03
  9.757179E+00 -7.035012E-03 -7.081372E-03
  9.877192E+00 -6.417940E-03 -6.460180E-03
  9.998681E+00 -5.847541E-03 -5.885977E-03
  1.012167E+01 -5.320986E-03 -5.355912E-03
  1.024616E+01 -4.835555E-03 -4.867250E-03
  1.037219E+01 -4.388641E-03 -4.417364E-03
  1.049977E+01 -3.977749E-03 -4.003742E-03
  1.062891E+01 -3.600494E-03 -3.623985E-03
  1.075965E+01 -3.254603E-03 -3.275803E-03
  1.089199E+01 -2.937913E-03 -2.957018E-03
  1.102597E+01 -2.648368E-03 -2.665561E-03
  1.116158E+01 -2.384020E-03 -2.399469E-03
  1.129887E+01 -2.143022E-03 -2.156885E-03
  1.143785E+01 -1.923633E-03 -1.936053E-03
  1.157853E+01 -1.724207E-03 -1.735318E-03
  1.172095E+01 -1.543197E-03 -1.553123E-03
  1.186512E+01 -1.379149E-03 -1.388001E-03
  1.201106E+01 -1.230697E-03 -1.238581E-03
  1.215879E+01 -1.096565E-03 -1.103575E-03
  1.230835E+01 -9.755586E-04 -9.817817E-04
  1.245974E+01 -8.665635E-04 -8.720793E-04
  1.261300E+01 -7.685423E-04 -7.734234E-04
  1.276813E+01 -6.805308E-04 -6.848432E-04
  1.292518E+01 -6.016340E-04 -6.054377E-04
  1.308416E+01 -5.310233E-04 -5.343728E-04
  1.324510E+01 -4.679325E-04 -4.708769E-04
  1.340801E+01 -4.116544E-04 -4.142385E-04
  1.357293E+01 -3.615381E-04 -3.638020E-04
  1.373988E+01 -3.169848E-04 -3.189647E-04
  1.390888E+01 -2.774451E-04 -2.791737E-04
  1.407996E+01 -2.424161E-04 -2.439224E-04
  1.425314E+01 -2.114376E-04 -2.127480E-04
  1.442846E+01 -1.840902E-04 -1.852280E-04
  1.460593E+01 -1.599916E-04 -1.609778E-04
  1.478558E+01 -1.387947E-04 -1.396479E-04
  1.496744E+01 -1.201844E-04 -1.209210E-04
  1.515154E+01 -1.038754E-04 -1.045103E-04
  1.533790E+01 -8.961031E-05 -9.015643E-05
  1.552656E+01 -7.715664E-05 -7.762548E-05
  1.571754E+01 -6.630540E-05 -6.670709E-05
  1.591086E+01 -5.686886E-05 -5.721233E-05
  1.610657E+01 -4.867881E-05 -4.897191E-05
  1.630468E+01 -4.158482E-05 -4.183441E-05
  1.650522E+01 -3.545263E-05 -3.566473E-05
  1.670824E+01 -3.016269E-05 -3.034256E-05
  1.691375E+01 -2.560879E-05 -2.576100E-05
  1.712179E+01 -2.169672E-05 -2.182525E-05
  1.733239E+01 -1.834317E-05 -1.845146E-05
  1.754558E+01 -1.547456E-05 -1.556561E-05
  1.776139E+01 -1.302611E-05 -1.310248E-05
  1.797985E+01 -1.094087E-05 -1.100479E-05
  1.820100E+01 -9.168919E-06 -9.222289E-06
  1.842488E+01 -7.666577E-06 -7.711038E-06
  1.865150E+01 -6.395727E-06 -6.432679E-06
  1.888092E+01 -5.323180E-06 -5.353819E-06
  1.911315E+01 -4.420108E-06 -4.445452E-06
  1.934824E+01 -3.661529E-06 -3.682441E-06
  1.958623E+01 -3.025850E-06 -3.043062E-06
  1.982714E+01 -2.494446E-06 -2.508579E-06
  2.007101E+01 -2.051305E-06 -2.062879E-06
  2.031788E+01 -1.682685E-06 -1.692139E-06
  2.056779E+01 -1.376825E-06 -1.384528E-06
  2.082078E+01 -1.123685E-06 -1.129945E-06
  2.107687E+01 -9.147172E-07 -9.197907E-07
  2.133612E+01 -7.426624E-07 -7.467633E-07
  2.159855E+01 -6.013737E-07 -6.046794E-07
  2.186421E+01 -4.856592E-07 -4.883166E-07
  2.213314E+01 -3.911458E-07 -3.932760E-07
  2.240538E+01 -3.141601E-07 -3.158630E-07
  2.268097E+01 -2.516252E-07 -2.529825E-07
  2.295994E+01 -2.009707E-07 -2.020495E-07
  2.324235E+01 -1.600561E-07 -1.609109E-07
  2.352823E+01 -1.271033E-07 -1.277787E-07
  2.381763E+01 -1.006402E-07 -1.011722E-07
  2.411059E+01 -7.945121E-08 -7.986901E-08
  2.440715E+01 -6.253568E-08 -6.286277E-08
  2.470735E+01 -4.907244E-08 -4.932772E-08
  2.501126E+01 -3.838960E-08 -3.858821E-08
  2.531889E+01 -2.993914E-08 -3.009315E-08
  2.563032E+01 -2.327545E-08 -2.339450E-08
  2.594557E+01 -1.803737E-08 -1.812909E-08
  2.626470E+01 -1.393309E-08 -1.400352E-08
  2.658776E+01 -1.072763E-08 -1.078153E-08
  2.691478E+01 -8.232363E-09 -8.273472E-09
  2.724584E+01 -6.296396E-09 -6.327641E-09
  2.758096E+01 -4.799417E-09 -4.823082E-09
  2.792021E+01 -3.645824E-09 -3.663684E-09
  2.826362E+01 -2.759912E-09 -2.773343E-09
  2.861127E+01 -2.081942E-09 -2.092006E-09
  2.896319E+01 -1.564938E-09 -1.572451E-09
  2.931943E+01 -1.172092E-09 -1.177679E-09
  2.968006E+01 -8.746667E-10 -8.788067E-10
  3.004513E+01 -6.503106E-10 -6.533663E-10
  3.041468E+01 -4.816998E-10 -4.839465E-10
  3.078878E+01 -3.554590E-10 -3.571044E-10
  3.116748E+01 -2.613001E-10 -2.625004E-10
  3.155084E+01 -1.913403E-10 -1.922123E-10
  3.193892E+01 -1.395626E-10 -1.401935E-10
  3.233177E+01 -1.013926E-10 -1.018473E-10
  3.272945E+01 -7.336643E-11 -7.369267E-11
  3.313202E+01 -5.287134E-11 -5.310445E-11
  3.353955E+01 -3.794490E-11 -3.811075E-11
  3.395208E+01 -2.711906E-11 -2.723654E-11
  3.436969E+01 -1.930018E-11 -1.938304E-11
  3.479244E+01 -1.367701E-11 -1.373519E-11
  3.522039E+01 -9.650311E-12 -9.690970E-12
  3.565360E+01 -6.779352E-12 -6.807640E-12
  3.609214E+01 -4.741420E-12 -4.761010E-12
  3.653607E+01 -3.301249E-12 -3.314752E-12
  3.698546E+01 -2.288093E-12 -2.297355E-12
  3.744039E+01 -1.578592E-12 -1.584915E-12
  3.790090E+01 -1.084033E-12 -1.088329E-12
  3.836708E+01 -7.409120E-13 -7.438156E-13
  3.883900E+01 -5.039839E-13 -5.059367E-13
  3.931672E+01 -3.411669E-13 -3.424736E-13
  3.980031E+01 -2.298219E-13 -2.306918E-13
  4.028986E+01 -1.540509E-13 -1.546269E-13
  4.078542E+01 -1.027444E-13 -1.031238E-13
  4.128708E+01 -6.817833E-14 -6.842692E-14
  4.179491E+01 -4.500925E-14 -4.517122E-14
  4.230899E+01 -2.955946E-14 -2.966442E-14
  4.282939E+01 -1.931090E-14 -1.937853E-14
  4.335619E+01 -1.254849E-14 -1.259183E-14
  4.388948E+01 -8.110262E-15 -8.137864E-15
  4.442932E+01 -5.213186E-15 -5.230666E-15
  4.497580E+01 -3.332477E-15 -3.343481E-15
  4.552900E+01 -2.118346E-15 -2.125232E-15
  4.608901E+01 -1.338943E-15 -1.343225E-15
  4.665590E+01 -8.414577E-16 -8.441044E-16
  4.722977E+01 -5.257463E-16 -5.273719E-16
  4.781069E+01 -3.265597E-16 -3.275517E-16
  4.839877E+01 -2.016321E-16 -2.022335E-16
  4.899407E+01 -1.237470E-16 -1.241093E-16
  4.959670E+01 -7.548424E-17 -7.570096E-17
  5.020674E+01 -4.576024E-17 -4.588900E-17
  5.082428E+01 -2.756840E-17 -2.764434E-17
  5.144942E+01  0.000000E+00 -1.305695E-17
  5.208225E+01  0.000000E+00 -2.376657E-12
  5.272286E+01  0.000000E+00 -1.618412E-12
  5.337135E+01  0.000000E+00 -1.096607E-12
  5.402782E+01  0.000000E+00 -7.393087E-13
  5.469236E+01  0.000000E+00 -4.958908E-13
  5.536507E+01  0.000000E+00 -3.309058E-13
  5.604606E+01  0.000000E+00 -2.196612E-13
  5.673543E+01  0.000000E+00 -1.450456E-13
  5.743328E+01  0.000000E+00 -9.526416E-14
  5.813971E+01  0.000000E+00 -6.222998E-14
  5.885482E+01  0.000000E+00 -4.042832E-14
  5.957874E+01  0.000000E+00 -2.611909E-14
  6.031156E+01  0.000000E+00 -1.677980E-14
  6.105339E+01  0.000000E+00 -1.071869E-14
  6.180435E+01  0.000000E+00 -6.807566E-15
  6.256454E+01  0.000000E+00 -4.298395E-15
  6.333408E+01  0.000000E+00 -2.698072E-15
  6.411309E+01  0.000000E+00 -1.683455E-15
  6.490168E+01  0.000000E+00 -1.044042E-15
  6.569997E+01  0.000000E+00 -6.435324E-16
  6.650808E+01  0.000000E+00 -3.942079E-16
  6.732613E+01  0.000000E+00 -2.399658E-16
  6.815425E+01  0.000000E+00 -1.451471E-16
  6.899254E+01  0.000000E+00 -8.723037E-17
  6.984115E+01  0.000000E+00 -5.208262E-17
  7.070020E+01  0.000000E+00 -3.089216E-17
  7.156981E+01  0.000000E+00 -1.820113E-17
  7.245012E+01  0.000000E+00 -1.065145E-17
  7.334125E+01  0.000000E+00 -6.190708E-18
  7.424335E+01  0.000000E+00 -3.573460E-18
  7.515655E+01  0.000000E+00  0.000000E+00
  7.608097E+01  0.000000E+00  0.000000E+00
  7.701677E+01  0.000000E+00  0.000000E+00
  7.796407E+01  0.000000E+00  0.000000E+00
  7.892303E+01  0.000000E+00  0.000000E+00
  7.989378E+01  0.000000E+00  0.000000E+00
