  2.314814814814800E-004  0.170774051559246     
  2.343287037037000E-004  0.170774059799441     
  2.372109467592600E-004  0.170774068243591     
  2.401286414044000E-004  0.170774076896746     
  2.430822236936700E-004  0.170774085876421     
  2.460721350451000E-004  0.170774095416300     
  2.490988223061600E-004  0.170774105466949     
  2.521627378205200E-004  0.170774116049242     
  2.552643394957200E-004  0.170774127172920     
  2.584040908715100E-004  0.170774138848023     
  2.615824611892300E-004  0.170774151084814     
  2.647999254618600E-004  0.170774163893892     
  2.680569645450400E-004  0.170774177286157     
  2.713540652089500E-004  0.170774191272798     
  2.746917202110200E-004  0.170774205865351     
  2.780704283696100E-004  0.170774221075657     
  2.814906946385600E-004  0.170774236915873     
  2.849530301826100E-004  0.170774253398536     
  2.884579524538600E-004  0.170774270536485     
  2.920059852690400E-004  0.170774288342956     
  2.955976588878500E-004  0.170774306831517     
  2.992335100921700E-004  0.170774326016126     
  3.029140822663000E-004  0.170774345911120     
  3.066399254781800E-004  0.170774366531209     
  3.104115965615600E-004  0.170774387891533     
  3.142296591992700E-004  0.170774410007613     
  3.180946840074200E-004  0.170774432895407     
  3.220072486207100E-004  0.170774456571292     
  3.259679377787500E-004  0.170774481052078     
  3.299773434134200E-004  0.170774506355053     
  3.340360647374100E-004  0.170774532497915     
  3.381447083336800E-004  0.170774559498882     
  3.423038882461800E-004  0.170774587376632     
  3.465142260716100E-004  0.170774616150328     
  3.507763510522900E-004  0.170774645839659     
  3.550909001702400E-004  0.170774676464811     
  3.594585182423300E-004  0.170774708046529     
  3.638798580167100E-004  0.170774740606068     
  3.683555802703200E-004  0.170774774165255     
  3.728863539076400E-004  0.170774808746496     
  3.774728560607100E-004  0.170774844372752     
  3.821157721902500E-004  0.170774881067621     
  3.868157961881900E-004  0.170774918855272     
  3.915736304813100E-004  0.170774957760522     
  3.963899861362300E-004  0.170774997808834     
  4.012655829657000E-004  0.170775039026323     
  4.062011496361800E-004  0.170775081439764     
  4.111974237767100E-004  0.170775125076637     
  4.162551520891600E-004  0.170775169965134     
  4.213750904598600E-004  0.170775216134149     
  4.265580040725100E-004  0.170775263613342     
  4.318046675226000E-004  0.170775312433109     
  4.371158649331300E-004  0.170775362624636     
  4.424923900718100E-004  0.170775414219906     
  4.479350464696900E-004  0.170775467251721     
  4.534446475412700E-004  0.170775521753707     
  4.590220167060300E-004  0.170775577760358     
  4.646679875115100E-004  0.170775635307048     
  4.703834037579000E-004  0.170775694430037     
  4.761691196241300E-004  0.170775755166507     
  4.820259997955000E-004  0.170775817554607     
  4.879549195929900E-004  0.170775881633418     
  4.939567651039800E-004  0.170775947443043     
  5.000324333147600E-004  0.170776015024575     
  5.061828322445300E-004  0.170776084420163     
  5.124088810811400E-004  0.170776155673011     
  5.187115103184400E-004  0.170776228827421     
  5.250916618953500E-004  0.170776303928817     
  5.315502893366700E-004  0.170776381023746     
  5.380883578955100E-004  0.170776460159961     
  5.447068446976200E-004  0.170776541386397     
  5.514067388874000E-004  0.170776624753222     
  5.581890417757200E-004  0.170776710311870     
  5.650547669895600E-004  0.170776798115074     
  5.720049406235300E-004  0.170776888216886     
  5.790406013932000E-004  0.170776980672715     
  5.861628007903400E-004  0.170777075539363     
  5.933726032400600E-004  0.170777172875064     
  6.006710862599100E-004  0.170777272739506     
  6.080593406209100E-004  0.170777375193872     
  6.155384705105400E-004  0.170777480300892     
  6.231095936978200E-004  0.170777588124848     
  6.307738417003100E-004  0.170777698731646     
  6.385323599532200E-004  0.170777812188848     
  6.463863079806500E-004  0.170777928565689     
  6.543368595688099E-004  0.170778047933155     
  6.623852029415000E-004  0.170778170364000     
  6.705325409376800E-004  0.170778295932790     
  6.787800911912200E-004  0.170778424715965     
  6.871290863128700E-004  0.170778556791880     
  6.955807740745200E-004  0.170778692240837     
  7.041364175956300E-004  0.170778831145155     
  7.127972955320600E-004  0.170778973589195     
  7.215647022671100E-004  0.170779119659437     
  7.304399481049900E-004  0.170779269444524     
  7.394243594666800E-004  0.170779423035295     
  7.485192790881200E-004  0.170779580524870     
  7.577260662209100E-004  0.170779742008684     
  7.670460968354200E-004  0.170779907584567     
  7.764807638265000E-004  0.170780077352769     
  7.860314772215600E-004  0.170780251416060     
  7.956996643913900E-004  0.170780429879756     
  8.054867702634001E-004  0.170780612851814     
  8.153942575376400E-004  0.170780800442871     
  8.254236069053600E-004  0.170780992766324     
  8.355763172702900E-004  0.170781189938409     
  8.458539059727199E-004  0.170781392078237     
  8.562579090161800E-004  0.170781599307908     
  8.667898812970800E-004  0.170781811752548     
  8.774513968370300E-004  0.170782029540414     
  8.882440490181300E-004  0.170782252802945     
  8.991694508210500E-004  0.170782481674869     
  9.102292350661500E-004  0.170782716294258     
  9.214250546574700E-004  0.170782956802626     
  9.327585828297500E-004  0.170783203345021     
  9.442315133985600E-004  0.170783456070088     
  9.558455610133600E-004  0.170783715130187     
  9.676024614138300E-004  0.170783980681462     
  9.795039716892200E-004  0.170784252883956     
  9.915518705409900E-004  0.170784531901693     
  1.003747958548600E-003  0.170784817902791     
  1.016094058438800E-003  0.170785111059498     
  1.028592015357600E-003  0.170785411548448     
  1.041243697146500E-003  0.170785719550607     
  1.054050994621400E-003  0.170786035251464     
  1.067015821855200E-003  0.170786358841137     
  1.080140116464100E-003  0.170786690514416     
  1.093425839896600E-003  0.170787030471062     
  1.106874977727300E-003  0.170787378915720     
  1.120489539953300E-003  0.170787736058152     
  1.134271561294800E-003  0.170788102113304     
  1.148223101498700E-003  0.170788477301585     
  1.162346245647100E-003  0.170788861848798     
  1.176643104468600E-003  0.170789255986372     
  1.191115814653500E-003  0.170789659951582     
  1.205766539173800E-003  0.170790073987489     
  1.220597467605600E-003  0.170790498343346     
  1.235610816457200E-003  0.170790933274494     
  1.250808829499600E-003  0.170791379042736     
  1.266193778102400E-003  0.170791835916338     
  1.281767961573100E-003  0.170792304170238     
  1.297533707500400E-003  0.170792784086300     
  1.313493372102700E-003  0.170793275953318     
  1.329649340579600E-003  0.170793780067362     
  1.346004027468700E-003  0.170794296731868     
  1.362559877006600E-003  0.170794826257789     
  1.379319363493700E-003  0.170795368963911     
  1.396284991664700E-003  0.170795925176867     
  1.413459297062200E-003  0.170796495231521     
  1.430844846416100E-003  0.170797079471058     
  1.448444238027000E-003  0.170797678247241     
  1.466260102154700E-003  0.170798291920585     
  1.484295101411200E-003  0.170798920860601     
  1.502551931158600E-003  0.170799565446026     
  1.521033319911800E-003  0.170800226065087     
  1.539742029746700E-003  0.170800903115640     
  1.558680856712600E-003  0.170801597005505     
  1.577852631250200E-003  0.170802308152688     
  1.597260218614600E-003  0.170803036985636     
  1.616906519303500E-003  0.170803783943508     
  1.636794469490900E-003  0.170804549476396     
  1.656927041465700E-003  0.170805334045649     
  1.677307244075700E-003  0.170806138124196     
  1.697938123177800E-003  0.170806962196732     
  1.718822762092900E-003  0.170807806760081     
  1.739964282066700E-003  0.170808672323497     
  1.761365842736100E-003  0.170809559408998     
  1.783030642601800E-003  0.170810468551605     
  1.804961919505800E-003  0.170811400299780     
  1.827162951115700E-003  0.170812355215683     
  1.849637055414400E-003  0.170813333875546     
  1.872387591196000E-003  0.170814336870031     
  1.895417958567700E-003  0.170815364804603     
  1.918731599458100E-003  0.170816418299879     
  1.942331998131400E-003  0.170817497992049     
  1.966222681708400E-003  0.170818604533220     
  1.990407220693500E-003  0.170819738591844     
  2.014889229508000E-003  0.170820900853188     
  2.039672367030900E-003  0.170822092019652     
  2.064760337145400E-003  0.170823312811259     
  2.090156889292300E-003  0.170824563966130     
  2.115865819030600E-003  0.170825846240902     
  2.141890968604700E-003  0.170827160411205     
  2.168236227518500E-003  0.170828507272168     
  2.194905533117000E-003  0.170829887638867     
  2.221902871174300E-003  0.170831302346897     
  2.249232276489800E-003  0.170832752252819     
  2.276897833490600E-003  0.170834238234784     
  2.304903676842500E-003  0.170835761192996     
  2.333253992067700E-003  0.170837322050308     
  2.361953016170100E-003  0.170838921752839     
  2.391005038269000E-003  0.170840561270491     
  2.420414400239700E-003  0.170842241597622     
  2.450185497362700E-003  0.170843963753625     
  2.480322778980200E-003  0.170845728783623     
  2.510830749161700E-003  0.170847537759038     
  2.541713967376400E-003  0.170849391778364     
  2.572977049175100E-003  0.170851291967796     
  2.604624666880000E-003  0.170853239481941     
  2.636661550282600E-003  0.170855235504594     
  2.669092487351100E-003  0.170857281249420     
  2.701922324945500E-003  0.170859377960780     
  2.735155969542300E-003  0.170861526914477     
  2.768798387967700E-003  0.170863729418575     
  2.802854608139700E-003  0.170865986814249     
  2.837329719819800E-003  0.170868300476608     
  2.872228875373600E-003  0.170870671815571     
  2.907557290540700E-003  0.170873102276785     
  2.943320245214300E-003  0.170875593342526     
  2.979523084230500E-003  0.170878146532621     
  3.016171218166500E-003  0.170880763405488     
  3.053270124149900E-003  0.170883445559046     
  3.090825346677000E-003  0.170886194631766     
  3.128842498441100E-003  0.170889012303762     
  3.167327261171900E-003  0.170891900297791     
  3.206285386484400E-003  0.170894860380389     
  3.245722696738100E-003  0.170897894363041     
  3.285645085908000E-003  0.170901004103253     
  3.326058520464700E-003  0.170904191505825     
  3.366969040266400E-003  0.170907458524039     
  3.408382759461700E-003  0.170910807160903     
  3.450305867403000E-003  0.170914239470472     
  3.492744629572100E-003  0.170917757559111     
  3.535705388515800E-003  0.170921363586932     
  3.579194564794600E-003  0.170925059769099     
  3.623218657941500E-003  0.170928848377334     
  3.667784247434200E-003  0.170932731741302     
  3.712897993677700E-003  0.170936712250174     
  3.758566638999900E-003  0.170940792354157     
  3.804797008659600E-003  0.170944974566038     
  3.851596011866100E-003  0.170949261462848     
  3.898970642812100E-003  0.170953655687497     
  3.946927981718700E-003  0.170958159950508     
  3.995475195893800E-003  0.170962777031742     
  4.044619540803300E-003  0.170967509782189     
  4.094368361155200E-003  0.170972361125835     
  4.144729091997400E-003  0.170977334061533     
  4.195709259828900E-003  0.170982431664938     
  4.247316483724800E-003  0.170987657090479     
  4.299558476474600E-003  0.170993013573424     
  4.352443045735300E-003  0.170998504431932     
  4.405978095197800E-003  0.171004133069226     
  4.460171625768800E-003  0.171009902975732     
  4.515031736765700E-003  0.171015817731384     
  4.570566627127900E-003  0.171021881007866     
  4.626784596641600E-003  0.171028096571002     
  4.683694047180300E-003  0.171034468283168     
  4.741303483960600E-003  0.171041000105754     
  4.799621516813300E-003  0.171047696101690     
  4.858656861470100E-003  0.171054560438052     
  4.918418340866200E-003  0.171061597388705     
  4.978914886458900E-003  0.171068811337022     
  5.040155539562300E-003  0.171076206778671     
  5.102149452698900E-003  0.171083788324437     
  5.164905890967100E-003  0.171091560703151     
  5.228434233426000E-003  0.171099528764659     
  5.292743974497200E-003  0.171107697482865     
  5.357844725383500E-003  0.171116071958849     
  5.423746215505700E-003  0.171124657424033     
  5.490458293956400E-003  0.171133459243440     
  5.557990930972100E-003  0.171142482919012     
  5.626354219423000E-003  0.171151734093019     
  5.695558376321900E-003  0.171161218551492     
  5.765613744350700E-003  0.171170942227786     
  5.836530793406200E-003  0.171180911206194     
  5.908320122165100E-003  0.171191131725611     
  5.980992459667700E-003  0.171201610183319     
  6.054558666921700E-003  0.171212353138800     
  6.129029738524800E-003  0.171223367317688     
  6.204416804308700E-003  0.171234659615707     
  6.280731131001600E-003  0.171246237102795     
  6.357984123913000E-003  0.171258107027189     
  6.436187328637100E-003  0.171270276819717     
  6.515352432779300E-003  0.171282754098047     
  6.595491267702500E-003  0.171295546671097     
  6.676615810295300E-003  0.171308662543498     
  6.758738184761900E-003  0.171322109920142     
  6.841870664434500E-003  0.171335897210793     
  6.926025673607000E-003  0.171350033034826     
  7.011215789392400E-003  0.171364526225990     
  7.097453743601900E-003  0.171379385837322     
  7.184752424648200E-003  0.171394621146083     
  7.273124879471400E-003  0.171410241658827     
  7.362584315488900E-003  0.171426257116543     
  7.453144102569400E-003  0.171442677499878     
  7.544817775031000E-003  0.171459513034470     
  7.637619033663900E-003  0.171476774196361     
  7.731561747777900E-003  0.171494471717519     
  7.826659957275601E-003  0.171512616591438     
  7.922927874750100E-003  0.171531220078875     
  8.020379887609499E-003  0.171550293713658     
  8.119030560227100E-003  0.171569849308614     
  8.218894636117901E-003  0.171589898961625     
  8.319987040142200E-003  0.171610455061776     
  8.422322880735900E-003  0.171631530295655     
  8.525917452168999E-003  0.171653137653735     
  8.630786236830600E-003  0.171675290436952     
  8.736944907543700E-003  0.171698002263347     
  8.844409329906400E-003  0.171721287074942     
  8.953195564664300E-003  0.171745159144667     
  9.063319870109700E-003  0.171769633083548     
  9.174798704512000E-003  0.171794723847993     
  9.287648728577499E-003  0.171820446747274     
  9.401886807939000E-003  0.171846817451220     
  9.517530015676699E-003  0.171873851998069     
  9.634595634869500E-003  0.171901566802562     
  9.753101161178401E-003  0.171929978664216     
  9.873064305460900E-003  0.171959104775864     
  9.994502996418001E-003  0.171988962732408     
  1.011743538327400E-002  0.172019570539826     
  1.024187983848800E-002  0.172050946624479     
  1.036785496050200E-002  0.172083109842591     
  1.049537957651600E-002  0.172116079490243     
  1.062447274530700E-002  0.172149875313347     
  1.075515376007400E-002  0.172184517518228     
  1.088744215132300E-002  0.172220026782367     
  1.102135768978400E-002  0.172256424265610     
  1.115692038936900E-002  0.172293731621568     
  1.129415051015800E-002  0.172331971009663     
  1.143306856143300E-002  0.172371165107205     
  1.157369530473900E-002  0.172411337122199     
  1.171605175698700E-002  0.172452510806439     
  1.186015919359800E-002  0.172494710468944     
  1.200603915167900E-002  0.172537960990058     
  1.215371343324500E-002  0.172582287835794     
  1.230320410847400E-002  0.172627717072868     
  1.245453351900800E-002  0.172674275384047     
  1.260772428129200E-002  0.172721990084089     
  1.276279928995200E-002  0.172770889136265     
  1.291978172121800E-002  0.172821001169329     
  1.307869503638900E-002  0.172872355495049     
  1.323956298533600E-002  0.172924982126439     
  1.340240961005600E-002  0.172978911796367     
  1.356725924826000E-002  0.173034175977023     
  1.373413653701300E-002  0.173090806899804     
  1.390306641641900E-002  0.173148837575836     
  1.407407413334100E-002  0.173208301817404     
  1.424718524518100E-002  0.173269234259695     
  1.442242562369600E-002  0.173331670383496     
  1.459982145886800E-002  0.173395646538415     
  1.477939926281200E-002  0.173461199967058     
  1.496118587374500E-002  0.173528368829633     
  1.514520845999200E-002  0.173597192229596     
  1.533149452405000E-002  0.173667710239861     
  1.552007190669500E-002  0.173739963929970     
  1.571096879114800E-002  0.173813995393887     
  1.590421370727900E-002  0.173889847778915     
  1.609983553587800E-002  0.173967565315135     
  1.629786351297000E-002  0.174047193345904     
  1.649832723417900E-002  0.174128778359346     
  1.670125665916000E-002  0.174212368020450     
  1.690668211606700E-002  0.174298011204506     
  1.711463430609500E-002  0.174385758031117     
  1.732514430806000E-002  0.174475659899567     
  1.753824358304900E-002  0.174567769524938     
  1.775396397912000E-002  0.174662140975413     
  1.797233773606400E-002  0.174758829710579     
  1.819339749021700E-002  0.174857892620998     
  1.841717627934700E-002  0.174959388068608     
  1.864370754758300E-002  0.175063375928644     
  1.887302515041800E-002  0.175169917632500     
  1.910516335976800E-002  0.175279076211930     
  1.934015686909300E-002  0.175390916344533     
  1.957804079858300E-002  0.175505504400491     
  1.981885070040600E-002  0.175622908490706     
  2.006262256402100E-002  0.175743198516294     
  2.030939282155800E-002  0.175866446219492     
  2.055919835326300E-002  0.175992725236054     
  2.081207649300900E-002  0.176122111149174     
  2.106806503387300E-002  0.176254681545005     
  2.132720223378900E-002  0.176390516069669     
  2.158952682126500E-002  0.176529696488013     
  2.185507800116600E-002  0.176672306744165     
  2.212389546058100E-002  0.176818433023635     
  2.239601937474600E-002  0.176968163817519     
  2.267149041305500E-002  0.177121589988341     
  2.295034974513600E-002  0.177278804837991     
  2.323263904700100E-002  0.177439904177689     
  2.351840050727900E-002  0.177604986399916     
  2.380767683351900E-002  0.177774152552611     
  2.410051125857100E-002  0.177947506415574     
  2.439694754705100E-002  0.178125154579105     
  2.469703000188000E-002  0.178307206525103     
  2.500080347090300E-002  0.178493774710643     
  2.530831335359500E-002  0.178684974654023     
  2.561960560784500E-002  0.178880925023529     
  2.593472675682100E-002  0.179081747728972     
  2.625372389593000E-002  0.179287568015917     
  2.657664469985000E-002  0.179498514563049     
  2.690353742965800E-002  0.179714719582458     
  2.723445094004300E-002  0.179936318923123     
  2.756943468660500E-002  0.180163452177719     
  2.790853873325100E-002  0.180396262792727     
  2.825181375967000E-002  0.180634898182236     
  2.859931106891400E-002  0.180879509845230     
  2.895108259506100E-002  0.181130253486824     
  2.930718091098000E-002  0.181387289143350     
  2.966765923618500E-002  0.181650781311631     
  3.003257144479100E-002  0.181920899082447     
  3.040197207356100E-002  0.182197816278518     
  3.077591633006600E-002  0.182481711596910     
  3.115446010092600E-002  0.182772768756460     
  3.153765996016700E-002  0.183071176650002     
  3.192557317767800E-002  0.183377129501785     
  3.231825772776300E-002  0.183690827030379     
  3.271577229781400E-002  0.184012474616981     
  3.311817629707800E-002  0.184342283479696     
  3.352552986553200E-002  0.184680470853850     
  3.393789388287800E-002  0.185027260178490     
  3.435532997763700E-002  0.185382881289572     
  3.477790053636200E-002  0.185747570619883     
  3.520566871295900E-002  0.186121571406143     
  3.563869843812900E-002  0.186505133903423     
  3.607705442891800E-002  0.186898515607376     
  3.652080219839300E-002  0.187301981484396     
  3.697000806543400E-002  0.187715804210187     
  3.742473916463800E-002  0.188140264417141     
  3.788506345636300E-002  0.188575650950614     
  3.835104973687700E-002  0.189022261134883     
  3.882276764864000E-002  0.189480401048893     
  3.930028769071900E-002  0.189950385812258     
  3.978368122931400E-002  0.190432539882181     
  4.027302050843500E-002  0.190927197361379     
  4.076837866068900E-002  0.191434702317935     
  4.126982971821500E-002  0.191955409117210     
  4.177744862374900E-002  0.192489682766559     
  4.229131124182100E-002  0.193037899273412     
  4.281149437009600E-002  0.193600446017187     
  4.333807575084800E-002  0.194177722135812     
  4.387113408258300E-002  0.194770138927329     
  4.441074903179900E-002  0.195378120267429     
  4.495700124489000E-002  0.196002103043547     
  4.550997236020200E-002  0.196642537606240     
  4.606974502023300E-002  0.197299888238708     
  4.663640288398200E-002  0.197974633645255     
  4.721003063945500E-002  0.198667267459520     
  4.779071401632000E-002  0.199378298773455     
  4.837853979872100E-002  0.200108252687958     
  4.897359583824500E-002  0.200857670886220     
  4.957597106705500E-002  0.201627112230763     
  5.018575551118000E-002  0.202417153385370     
  5.080304030396800E-002  0.203228389463036     
  5.142791769970700E-002  0.204061434701166     
  5.206048108741300E-002  0.204916923165315     
  5.270082500478800E-002  0.205795509482846     
  5.334904515234700E-002  0.206697869607952     
  5.400523840772100E-002  0.207624701619515     
  5.466950284013600E-002  0.208576726553410     
  5.534193772506900E-002  0.209554689270935     
  5.602264355908800E-002  0.210559359365084     
  5.671172207486500E-002  0.211591532106637     
  5.740927625638500E-002  0.212652029431837     
  5.811541035433900E-002  0.213741700973856     
  5.883022990169700E-002  0.214861425140237     
  5.955384172948800E-002  0.216012110238431     
  6.028635398276100E-002  0.217194695652059     
  6.102787613674900E-002  0.218410153070281     
  6.177851901323100E-002  0.219659487773025     
  6.253839479709400E-002  0.220943739974906     
  6.330761705309799E-002  0.222263986230819     
  6.408630074285100E-002  0.223621340906321     
  6.487456224198800E-002  0.225016957716207     
  6.567251935756500E-002  0.226452031334710     
  6.648029134566300E-002  0.227927799081111     
  6.729799892921400E-002  0.229445542684601     
  6.812576431604400E-002  0.231006590132589     
  6.896371121713100E-002  0.232612317606858     
  6.981196486510199E-002  0.234264151512056     
  7.067065203294200E-002  0.235963570601599     
  7.153990105294800E-002  0.237712108205942     
  7.241984183589900E-002  0.239511354568910     
  7.331060589048000E-002  0.241362959297602     
  7.421232634293300E-002  0.243268633932200     
  7.512513795695100E-002  0.245230154642031     
  7.604917715382201E-002  0.247249365054713     
  7.698458203281400E-002  0.249328179225689     
  7.793149239181700E-002  0.251468584755713     
  7.889004974823700E-002  0.253672646064464     
  7.986039736014000E-002  0.255942507828893     
  8.084268024767000E-002  0.258280398595256     
  8.183704521471601E-002  0.260688634574657     
  8.284364087085699E-002  0.263169623632123     
  8.386261765356900E-002  0.265725869480140     
  8.489412785070800E-002  0.268359976088059     
  8.593832562327100E-002  0.271074652319489     
  8.699536702843801E-002  0.273872716810578     
  8.806541004288700E-002  0.276757103102884     
  8.914861458641500E-002  0.279730865045132     
  9.024514254582799E-002  0.282797182479459     
  9.135515779914100E-002  0.285959367228190     
  9.247882624007100E-002  0.289220869398560     
  9.361631580282399E-002  0.292585284023723     
  9.476779648719801E-002  0.296056358059396     
  9.593344038399100E-002  0.299637997756869     
  9.711342170071401E-002  0.303334276434352     
  9.830791678763300E-002  0.307149442669779     
  9.951710416412100E-002  0.311087928939956     
  0.100741164545340       0.315154360732195     
  0.101980280869250       0.319353566156350     
  0.103234638323940       0.323690586086949     
  0.104504424375320       0.328170684866652     
  0.105789828795140       0.332799361604733     
  0.107091043689320       0.337582362106219     
  0.108408263526700       0.342525691468802     
  0.109741685168080       0.347635627388501     
  0.111091507895640       0.352918734216191     
  0.112457933442760       0.358381877810242     
  0.113841166024110       0.364032241234346     
  0.115241412366200       0.369877341350585     
  0.116658881738310       0.375925046362804     
  0.118093785983690       0.382183594368932     
  0.119546339551290       0.388661612982262     
  0.121016759527770       0.395368140088821     
  0.122505265669960       0.402312645809444     
  0.124012080437700       0.409505055741124     
  0.125537429027080       0.416955775556310     
  0.127081539404120       0.424675717043711     
  0.128644642338790       0.432676325680358     
  0.130226971439560       0.440969609828422     
  0.131828763188260       0.449568171658988     
  0.133450256975480       0.458485239908323     
  0.135091695136280       0.467734704582052     
  0.136753322986450       0.477331153726606     
  0.138435388859190       0.487289912397407     
  0.140138144142150       0.497627083960901     
  0.141861843315100       0.508359593873697     
  0.143606743987880       0.519505236095499     
  0.145373106938930       0.531082722297507     
  0.147161196154280       0.543111734040984     
  0.148971278866980       0.555612978110752     
  0.150803625597040       0.568608245198941     
  0.152658510191880       0.582120472146752     
  0.154536209867240       0.596173807964925     
  0.156437005248610       0.610793683865976     
  0.158361180413170       0.626006887555696     
  0.160309022932250       0.641841642045836     
  0.162280823914320       0.658327689265208     
  0.164276878048460       0.675496378762961     
  0.166297483648460       0.693380761812911     
  0.168342942697330       0.712015691248317     
  0.170413560892510       0.731437927370529     
  0.172509647691490       0.751686250298641     
  0.174631516358090       0.772801579142419     
  0.176779484009300       0.794827098403929     
  0.178953871662610       0.817808392034013     
  0.181155004284060       0.841793585588490     
  0.183383210836760       0.866833496955106     
  0.185638824330050       0.892981796140854     
  0.187922181869310       0.920295174633100     
  0.190233624706300       0.948833524871931     
  0.192573498290190       0.978660130390999     
  0.194942152319160        1.00984186720911     
  0.197339940792680        1.04244941707434     
  0.199767222064430        1.07655749318474     
  0.202224358895830        1.11224507902966     
  0.204711718510250        1.14959568101253     
  0.207229672647920        1.18869759553280     
  0.209778597621490        1.22964419121905     
  0.212358874372240        1.27253420701508     
  0.214970888527010        1.31747206682664     
  0.217615030455900        1.36456821143800     
  0.220291695330500        1.41393944840760     
  0.223001283183070        1.46570932063316     
  0.225744198966220        1.52000849426864     
  0.228520852613510        1.57697516663721     
  0.231331659100650        1.63675549475452     
  0.234177038507590        1.69950404501814     
  0.237057416081230        1.76538426456027     
  0.239973222299030        1.83456897467131     
  0.242924892933310        1.90724088660735     
  0.245912869116390        1.98359313996593     
  0.248937597406520        2.06382986366978     
  0.251999529854620        2.14816675942065     
  0.255099124071830        2.23683170727779     
  0.258236843297920        2.33006539277078     
  0.261413156470480        2.42812195467433     
  0.264628538295070        2.53126965223821     
  0.267883469316100        2.63979155029272     
  0.271178435988690        2.75398622020445     
  0.274513930751350        2.87416845416503     
  0.277890452099590        3.00066998972171     
  0.281308504660410        3.13384024081568     
  0.284768599267740        3.27404703086180     
  0.288271253038730        3.42167732258450     
  0.291816989451110        3.57713793839420     
  0.295406338421350        3.74085626406708     
  0.299039836383940        3.91328092732645     
  0.302718026371460        4.09488244166161     
  0.306441458095830        4.28615380428930     
  0.310210688030410        4.48761103562394     
  0.314026279493180        4.69979364590189     
  0.317888802730950        4.92326501274827     
  0.321798835004540        5.15861265145191     
  0.325756960675090        5.40644835752171     
  0.329763771291400        5.66740819875875     
  0.333819865678280        5.94215233157558     
  0.337925850026120        6.23136461363984     
  0.342082337981450        6.53575198215998     
  0.346289950738620        6.85604356424077     
  0.350549317132700        7.19298948278529     
  0.354861073733430        7.54735931845096     
  0.359225864940360        7.91994018519973     
  0.363644343079120        8.31153437412719     
  0.368117168499000        8.72295651755541     
  0.372645009671530        9.15503022297866     
  0.377228543290490        9.60858412438803     
  0.381868454372970        10.0844472970273     
  0.386565436361750        10.5834439807640     
  0.391320191229000        11.1063875572690     
  0.396133429581120        11.6540737272355     
  0.401005870764970        12.2272728360849     
  0.405938242975380        12.8267213003021     
  0.410931283363970        13.4531120918505     
  0.415985738149350        14.1070842452821     
  0.421102362728590        14.7892113614022     
  0.426281921790150        15.4999890928123     
  0.431525189428170        16.2398216105826     
  0.436832949258130        17.0090070677771     
  0.442205994534010        17.8077220947057     
  0.447645128266780        18.6360053827150     
  0.453151163344460        19.4937404380077     
  0.458724922653600        20.3806376144918     
  0.464367239202240        21.2962155648607     
  0.470078956244420        22.2397822819248     
  0.475860927406230        23.2104159374878     
  0.481714016813330        24.2069457635271     
  0.487639099220130        25.2279332597247     
  0.493637060140540        26.2716540521241     
  0.499708795980270        27.3360807691831     
  0.505855214170820        28.4188673429992     
  0.512077233305120        29.5173351841044     
  0.518375783274780        30.6284617167398     
  0.524751805409060        31.7488717965493     
  0.531206252615590        32.8748325625879     
  0.537740089522760        34.0022522984985     
  0.544354292623890        35.1266838913755     
  0.551049850423160        36.2433334785423     
  0.557827763583370        37.3470748587218     
  0.564689045075440        38.4324702104655     
  0.571634720329870        39.4937976010990     
  0.578665827389930        40.5250856758686     
  0.585783417066830        41.5201557783891     
  0.592988553096750        42.4726715566460     
  0.600282312299840        43.3761958387140     
  0.607665784741130        44.2242542072454     
  0.615140073893440        45.0104042613894     
  0.622706296802330        45.7283090553018     
  0.630365584253000        46.3718127144905     
  0.638119080939310        46.9350158836724     
  0.645967945634860        47.4123486307996     
  0.653913351366170        47.7986388964671     
  0.661956485587980        48.0891756057411     
  0.670098550360710        48.2797669957845     
  0.678340762530150        48.3667961258773     
  0.686684353909270        48.3472763220491     
  0.695130571462350        48.2189089594218     
  0.703680677491340        47.9801444004406     
  0.712335949824480        47.6302445284859     
  0.721097682007320        47.1693429671909     
  0.729967183496010        46.5984975714064     
  0.738945779853010        45.9197295460574     
  0.748034812945210        45.1360444988792     
  0.757235641144430        44.2514323875347     
  0.766549639530510        43.2708451194939     
  0.775978200096730        42.2001520983003     
  0.785522731957920        41.0460751166407     
  0.795184661561010        39.8161046998297     
  0.804965432898210        38.5184004161698     
  0.814866507722850        37.1616779125942     
  0.824889365767840        35.7550855889620     
  0.835035504966790        34.3080739342809     
  0.845306441677880        32.8302606230047     
  0.855703710910520        31.3312945014936     
  0.866228866554720        29.8207215693540     
  0.876883481613340        28.3078559641805     
  0.887669148437190        26.8016587825667     
  0.898587478962960        25.3106273125849     
  0.909640104954210        23.8426969171675     
  0.920828678245140        22.4051574035881     
  0.932154870987560        21.0045852556862     
  0.943620375900710        19.6467926104899     
  0.955226906524280        18.3367933492029     
  0.966976197474530        17.0787861773587     
  0.978870004703470        15.8761540167596     
  0.990910105761320        14.7314787941208     
   1.00309830006220        13.6465698982520     
   1.01543640915300        12.6225049671919     
   1.02792627698550        11.6596806878752     
   1.04056977019250        10.7578716485356     
   1.05336877836580        9.91629505252306     
   1.06632521433970        9.13367915667199     
   1.07944101447610        8.40833339932872     
   1.09271813895420        7.73821834715065     
   1.10615857206330        7.12101380307741     
   1.11976432249970        6.55418366557871     
   1.13353742366640        6.03503639702577     
   1.14747993397750        5.56078023279979     
   1.16159393716540        5.12857253035176     
   1.17588154259260        4.73556290834096     
   1.19034488556650        4.37893005238980     
   1.20498612765890        4.05591226024756     
   1.21980745702910        3.76383196238257     
   1.23481108875060        3.50011458355686     
   1.24999926514220        3.26230220859273     
   1.26537425610350        3.04806258525477     
   1.28093835945350        2.85519404471086     
   1.29669390127480        2.68162695227172     
   1.31264323626050        2.52542232472705     
   1.32878874806650        2.38476826966417     
   1.34513284966770        2.25797491596333     
   1.36167798371860        2.14346850563130     
   1.37842662291840        2.03978529197987     
   1.39538127038030        1.94556582345497     
   1.41254446000600        1.85955007850116     
   1.42991875686400        1.78057376108376     
   1.44750675757350        1.70756589083813     
   1.46531109069160        1.63954765666593     
   1.48333441710710        1.57563237309439     
   1.50157943043750        1.51502629307535     
   1.52004885743190        1.45702997820726     
   1.53874545837830        1.40103988717925     
   1.55767202751640        1.34654979953105     
   1.57683139345480        1.29315164295750     
   1.59622641959430        1.24053525205250     
   1.61586000455530        1.18848657756069     
   1.63573508261140        1.13688391083042     
   1.65585462412750        1.08569180227352     
   1.67622163600430        1.03495253376498     
   1.69683916212710       0.984775234067814     
   1.71771028382130       0.935322970299635     
   1.73883812031230       0.886798367859372     
   1.76022582919210       0.839428470758115     
   1.78187660689120       0.793449631164581     
   1.80379368915590       0.749093205016408     
   1.82598035153260       0.706572742106326     
   1.84843990985640       0.666073209008338     
   1.87117572074760       0.627742551676260     
   1.89419118211280       0.591685841035968     
   1.91748973365280       0.557961917653643     
   1.94107485737670       0.526582388292764     
   1.96495007812250       0.497512714160486     
   1.98911896408340       0.470675094334293     
   2.01358512734160       0.445952873728072     
   2.03835222440790       0.423196282940851     
   2.06342395676810       0.402229418348396     
   2.08880407143640       0.382858445136751     
   2.11449636151510       0.364880993531525     
   2.14050466676170       0.348096571133891     
   2.16683287416290       0.332317516217231     
   2.19348491851510       0.317379590278347     
   2.22046478301280       0.303150743964370     
   2.24777649984380       0.289536108923508     
   2.27542415079190       0.276476994393995     
   2.30341186784670       0.263939071827325     
   2.33174383382120       0.251896959597678     
   2.36042428297720       0.240326779853854     
   2.38945750165780       0.229206887355239     
   2.41884782892820       0.218517506784829     
   2.44859965722400       0.208240428647286     
   2.47871743300790       0.198358881207772     
   2.50920565743390       0.188857381941135     
   2.54006888702030       0.179721605048391     
   2.57131173433060       0.170938260115860     
   2.60293886866290       0.162494981192928     
   2.63495501674750       0.154380225410724     
   2.66736496345350       0.146583180631575     
   2.70017355250390       0.139093681536865     
   2.73338568719970       0.131902133514812     
   2.76700633115230       0.124999443811382     
   2.80104050902550       0.118376959365336     
   2.83549330728650       0.112026410988776     
   2.87036987496610       0.105939863301330     
   2.90567542442820       0.100109670157600     
   2.94141523214870       9.452843505611924E-002
   2.97759463950410       8.918897624763834E-002
   3.01421905357000       8.408429608292327E-002
   3.05129394792890       7.920755446881055E-002
   3.08882486348840       7.455204606999839E-002
   3.12681740930930       7.011118084320053E-002
   3.16527726344380       6.587846786426245E-002
   3.20421017378420       6.184750215273543E-002
   3.24362195892170       5.801195411616976E-002
   3.28351850901650       5.436556155673279E-002
   3.32390578667740       5.090212399637208E-002
   3.36478982785350       4.761549907010618E-002
   3.40617674273610       4.449960078392497E-002
   3.44807271667180       4.154839943937324E-002
   3.49048401108680       3.875592309849089E-002
   3.53341696442320       3.611626030409107E-002
   3.57687799308560       3.362356389645631E-002
   3.62087359240050       3.127205576793844E-002
   3.66541033758710       2.905603231588164E-002
   3.71049488473940       2.696987047845551E-002
   3.75613397182170       2.500803411296370E-002
   3.80233441967510       2.316508064380206E-002
   3.84910313303710       2.143566774094434E-002
   3.89644710157350       1.981455995719557E-002
   3.94437340092280       1.829663516967787E-002
   3.99288919375420       1.687689072146952E-002
   4.04200173083730       1.555044917386398E-002
   4.09171835212660       1.431256356987277E-002
   4.14204648785780       1.315862216717061E-002
   4.19299365965840       1.208415257272479E-002
   4.24456748167220       1.108482525276814E-002
   4.29677566169680       1.015645638579810E-002
   4.34962600233570       9.295010051502949E-003
   4.40312640216440       8.496599770036221E-003
   4.45728485691100       7.757489374831807E-003
   4.51210946065100       7.074093274023249E-003
   4.56760840701700       6.442976110109772E-003
   4.62378999042340       5.860851837058961E-003
   4.68066260730560       5.324582290955494E-003
   4.73823475737540       4.831175263865952E-003
   4.79651504489110       4.377782149415887E-003
   4.85551217994330       3.961695198411409E-003
   4.91523497975660       3.580344423385201E-003
   4.97569237000760       3.231294214381820E-003
   5.03689338615870       2.912239698675554E-003
   5.09884717480850       2.621002902644596E-003
   5.16156299505860       2.355528743244473E-003
   5.22505021989780       2.113880889888619E-003
   5.28931833760260       1.894237533028149E-003
   5.35437695315510       1.694887087422530E-003
   5.42023578967890       1.514223868518966E-003
   5.48690468989190       1.350743753294329E-003
   5.55439361757760       1.203039853462096E-003
   5.62271265907380       1.069798215322662E-003
   5.69187202478040       9.497935667154045E-004
   5.76188205068520       8.418851199593905E-004
   5.83275319990860       7.450124431417661E-004
   5.90449606426750       6.581914079128702E-004
   5.97712136585800       5.805102219012337E-004
   6.05063995865810       5.111255509655806E-004
   6.12506283014960       4.492587402459664E-004
   6.20040110296040       3.941921333768533E-004
   6.27666603652680       3.452654982958926E-004
   6.35386902877610       3.018725599558389E-004
   6.43202161783000       2.634576470701980E-004
   6.51113548372930       2.295124521508164E-004
   6.59122245017920       1.995729087859071E-004
   6.67229448631640       1.732161887169982E-004
   6.75436370849810       1.500578211833853E-004
   6.83744238211260       1.297489350236539E-004
   6.92154292341260       1.119736249444442E-004
   7.00667790137060       9.644644383773599E-005
   7.09286003955750       8.291001999251054E-005
   7.18010221804400       7.113280020735118E-005
   7.26841747532600       6.090691756294890E-005
   7.35781901027250       5.204618239268504E-005
   7.44832018409880       4.438419561113490E-005
   7.53993452236320       3.777258126637545E-005
   7.63267571698830       3.207933611019685E-005
   7.72655762830730       2.718729288433910E-005
   7.82159428713540       2.299269383052740E-005
   7.91779989686720       1.940387036369244E-005
   8.01518883559870       1.634002490722412E-005
   8.11377565827650       1.373011027739894E-005
   8.21357509887330       1.151180180589014E-005
   8.31460207258950       9.630557668074033E-006
   8.41687167808230       8.038762189513970E-006
   8.52039919972270       6.694947309199297E-006
   8.62520010987930       5.563087189994358E-006
   8.73129007123080       4.611961029148242E-006
   8.83868493910700       3.814579199792328E-006
   8.94740076385800       3.147667992118783E-006
   9.05745379325340       2.591208367975244E-006
   9.16886047491050       2.128024347206726E-006
   9.28163745875190       1.743416720368723E-006
   9.39580159949450       1.424838128052256E-006
   9.51136995916830       1.161605670717210E-006
   9.62835980966610       9.446474881708170E-007
   9.74678863532500       7.662799678722398E-007
   9.86667413553940       6.200124588347327E-007
   9.98803422740660       5.003766200810824E-007
   10.1108870484040       4.027777344980214E-007
   10.2352509590990       3.233655541107992E-007
   10.3611445458960       2.589224493221924E-007
   10.4885866238100       2.067668419452808E-007
   10.6175962392830       1.646700799300107E-007
   10.7481926730270       1.307851013202830E-007
   10.8803954429050       1.035854057985389E-007
   11.0142243068520       8.181300028963585E-008
   11.1496992658270       6.443413808675107E-008
   11.2868405667960       5.060180017570253E-008
   11.4256687057680       3.962399043616374E-008
   11.5662044308490       3.093702746022750E-008
   11.7084687453480       2.408311651286181E-008
   11.8524829109160       1.869157482688690E-008
   11.9982684507200       1.446316506011482E-008
   12.1458471526640       1.115706429003210E-008
   12.2952410726420       8.580060242937861E-009
   12.4464725378360       6.577622965604205E-009
   12.5995641500510       5.026550397437378E-009
   12.7545387890970       3.828930455595099E-009
   12.9114196162030       2.907200523344303E-009
   13.0702300774820       2.200118273455424E-009
   13.2309939074350       1.659486824974268E-009
   13.3937351324960       1.247502119235331E-009
   13.5584780746260       9.346116495018746E-010
   13.7252473549440       6.977919654026659E-010
   13.8940678974100       5.191678850655172E-010
   14.0649649325480       3.849095665733271E-010
   14.2379640012180       2.843546384718677E-010
   14.4130909584330       2.093119819735140E-010
   14.5903719772220       1.535116003114534E-010
   14.7698335525420       1.121715076092982E-010
   14.9515025052380       8.165801345419480E-011
   15.1354059860520       5.922026427702071E-011
   15.3215714796810       4.278359385188054E-011
   15.5100268088810       3.078927184569932E-011
   15.7008001386300       2.207071372341730E-011
   15.8939199803350       1.575823015082487E-011
   16.0894151960930       1.120602595728545E-011
   16.2873150030050       7.936475350148178E-012
   16.4876489775420       5.597757023697186E-012
   16.6904470599660       3.931777369018973E-012
   16.8957395588040       2.749984130334091E-012
   17.1035571553770       1.915205812633993E-012
   17.3139309083880       1.328073213113886E-012
   17.5268922585610       9.169103990820379E-013
   17.7424730333420       6.302412249854337E-013
   17.9607054516520       4.312589821985676E-013
   18.1816221287070       2.937629597592207E-013
   18.4052560808900       1.991861943731468E-013
   18.6316407306850       1.344312403016312E-013
   18.8608099116720       9.030152165552899E-014
   19.0927978735860       6.036963659950575E-014
   19.3276392874310       4.016476314830027E-014
   19.5653692506670       2.659184769451370E-014
   19.8060232924500       1.751873689029197E-014
   20.0496373789470       1.148372060744495E-014
   20.2962479187080       7.489650164795977E-015
   20.5458917681080       4.859733131807779E-015
   20.7986062368560       3.136951731542577E-015
   21.0544290935690       2.014280711501327E-015
   21.3133985714200       1.286532518867260E-015
   21.5755533738480       8.173003514148347E-016
   21.8409326803470       5.163853628204361E-016
   22.1095761523150       3.244653340576147E-016
   22.3815239389890       2.027380608673476E-016
   22.6568166834380       1.259635746139273E-016
   22.9354955286440       7.781567667986551E-017
   23.2176021236470       4.779373929164845E-017
   23.5031786297680       2.918271481164635E-017
   23.7922677269140       1.771331057100507E-017
   24.0849126199550       1.068713652652003E-017
   24.3811570451800       6.408824333027869E-018
   24.6810452768360       3.819602662591903E-018
   24.9846221337410       2.262287694446621E-018
   25.2919329859860       1.331477749263094E-018
   25.6030237617140       7.786506021017852E-019
   25.9179409539830       4.524178628680277E-019
   26.2367316277170       2.611503598373857E-019
   26.5594434267380       1.497477151353002E-019
   26.8861245808860       8.529281767933426E-020
   27.2168239132310       4.825168942993173E-020
   27.5515908473640       2.710961949332207E-020
   27.8904754147870       1.512545032212703E-020
   28.2335282623890       8.379727562299022E-021
   28.5808006600160       4.609463889385171E-021
   28.9323445081340       2.517280644909356E-021
   29.2882123455840       1.364692652921695E-021
   29.6484573574350       7.343800695332178E-022
   30.0131333829310       3.922383460100161E-022
   30.3822949235410       2.079132602973563E-022
   30.7559971511010       1.093645664405301E-022
   31.1342959160590       5.708108479886315E-023
   31.5172477558270       2.955883083634226E-023
   31.9049099032240       1.518516564271372E-023
   32.2973402950330       7.738313731085662E-024
   32.6945975806620       3.911329363302289E-024
   33.0967411309040       1.960694344017727E-024
   33.5038310468150       9.746720368686662E-025
   33.9159281686900       4.804246858099752E-025
   34.3330940851650       2.347820309034789E-025
   34.7553911424130       1.137446798332331E-025
   35.1828824534640       5.462323478285948E-026
   35.6156319076420       2.599899899550786E-026
   36.0537041801060       1.226368367631358E-026
   36.4971647415210       5.732208317470181E-027
   36.9460798678420       2.654670996657658E-027
   37.4005166502170       1.217972679805725E-027
   37.8605430050140       5.535441319100116E-028
   38.3262276839760       2.491747015793969E-028
   38.7976402844890       1.110813427044622E-028
   39.2748512599880       4.903561293164061E-029
   39.7579319304860       2.143199435778320E-029
   40.2469544932310       9.273433504276843E-030
   40.7419920334980       3.971836528542397E-030
   41.2431185355100       1.683682268213718E-030
   41.7504088934960       7.063034433480975E-031
   42.2639389228860       2.931761659681143E-031
   42.7837853716380       1.203968630269361E-031
   43.3100259317090       4.890949154372180E-032
   43.8427392506690       1.965188212431346E-032
   44.3820049434520       7.808884317622457E-033
   44.9279036042570       3.068228610155134E-033
   45.4805168185890       1.191899432423810E-033
   46.0399271754580       4.577024007470655E-034
   46.6062182797160       1.737225349154227E-034
   47.1794747645560       6.516216527005841E-035
   47.7597823041600       2.415111380755282E-035
   48.3472276265020       8.843365682423312E-036
   48.9418985263070       3.198650694078661E-036
   49.5438838781810       1.142736455142649E-036
   50.1532736498830       0.000000000000000E+000
   50.7701589157760       0.000000000000000E+000
   51.3946318704400       0.000000000000000E+000
   52.0267858424470       0.000000000000000E+000
   52.6667153083090       0.000000000000000E+000
   53.3145159066010       0.000000000000000E+000
   53.9702844522520       0.000000000000000E+000
   54.6341189510150       0.000000000000000E+000
   55.3061186141120       0.000000000000000E+000
   55.9863838730660       0.000000000000000E+000
   56.6750163947050       0.000000000000000E+000
   57.3721190963600       0.000000000000000E+000
   58.0777961612450       0.000000000000000E+000
   58.7921530540280       0.000000000000000E+000
   59.5152965365930       0.000000000000000E+000
   60.2473346839930       0.000000000000000E+000
   60.9883769006060       0.000000000000000E+000
   61.7385339364830       0.000000000000000E+000
   62.4979179039020       0.000000000000000E+000
   63.2666422941200       0.000000000000000E+000
   64.0448219943380       0.000000000000000E+000
   64.8325733048680       0.000000000000000E+000
   65.6300139565180       0.000000000000000E+000
   66.4372631281830       0.000000000000000E+000
   67.2544414646600       0.000000000000000E+000
   68.0816710946750       0.000000000000000E+000
   68.9190756491400       0.000000000000000E+000
   69.7667802796240       0.000000000000000E+000
   70.6249116770630       0.000000000000000E+000
   71.4935980906910       0.000000000000000E+000
   72.3729693472070       0.000000000000000E+000
   73.2631568701770       0.000000000000000E+000
   74.1642936996810       0.000000000000000E+000
   75.0765145121870       0.000000000000000E+000
   75.9999556406860       0.000000000000000E+000
   76.9347550950670       0.000000000000000E+000
   77.8810525827360       0.000000000000000E+000
   78.8389895295040       0.000000000000000E+000
