  2.314815E-04  9.143520E-08  2.173980E-05
  2.343287E-04  9.369834E-08  2.218206E-05
  2.372109E-04  9.601749E-08  2.263329E-05
  2.401286E-04  9.839405E-08  2.309367E-05
  2.430822E-04  1.008294E-07  2.356393E-05
  2.460721E-04  1.033251E-07  2.404537E-05
  2.490988E-04  1.058825E-07  2.453795E-05
  2.521627E-04  1.085032E-07  2.504196E-05
  2.552643E-04  1.111888E-07  2.555765E-05
  2.584041E-04  1.139409E-07  2.608525E-05
  2.615825E-04  1.167611E-07  2.662504E-05
  2.647999E-04  1.196511E-07  2.717727E-05
  2.680570E-04  1.226126E-07  2.774221E-05
  2.713541E-04  1.256474E-07  2.832013E-05
  2.746917E-04  1.287574E-07  2.891132E-05
  2.780704E-04  1.319443E-07  2.951606E-05
  2.814907E-04  1.352101E-07  3.013464E-05
  2.849530E-04  1.385567E-07  3.076738E-05
  2.884580E-04  1.419861E-07  3.141457E-05
  2.920060E-04  1.455005E-07  3.207652E-05
  2.955977E-04  1.491018E-07  3.275358E-05
  2.992335E-04  1.527923E-07  3.344605E-05
  3.029141E-04  1.565741E-07  3.415429E-05
  3.066399E-04  1.604495E-07  3.487864E-05
  3.104116E-04  1.644208E-07  3.561945E-05
  3.142297E-04  1.684905E-07  3.637708E-05
  3.180947E-04  1.726608E-07  3.715191E-05
  3.220072E-04  1.769344E-07  3.794431E-05
  3.259679E-04  1.813137E-07  3.875468E-05
  3.299773E-04  1.858015E-07  3.958341E-05
  3.340361E-04  1.904003E-07  4.043090E-05
  3.381447E-04  1.951130E-07  4.129758E-05
  3.423039E-04  1.999423E-07  4.218386E-05
  3.465142E-04  2.048911E-07  4.309019E-05
  3.507764E-04  2.099624E-07  4.401701E-05
  3.550909E-04  2.151593E-07  4.496478E-05
  3.594585E-04  2.204848E-07  4.593397E-05
  3.638799E-04  2.259420E-07  4.692504E-05
  3.683556E-04  2.315344E-07  4.793849E-05
  3.728864E-04  2.372652E-07  4.897483E-05
  3.774729E-04  2.431378E-07  5.003456E-05
  3.821158E-04  2.491558E-07  5.111821E-05
  3.868158E-04  2.553227E-07  5.222631E-05
  3.915736E-04  2.616423E-07  5.335941E-05
  3.963900E-04  2.681183E-07  5.451807E-05
  4.012656E-04  2.747546E-07  5.570287E-05
  4.062011E-04  2.815551E-07  5.691440E-05
  4.111974E-04  2.885239E-07  5.815325E-05
  4.162552E-04  2.956653E-07  5.942005E-05
  4.213751E-04  3.029834E-07  6.071542E-05
  4.265580E-04  3.104826E-07  6.204000E-05
  4.318047E-04  3.181675E-07  6.339446E-05
  4.371159E-04  3.260425E-07  6.477947E-05
  4.424924E-04  3.341125E-07  6.619573E-05
  4.479350E-04  3.423823E-07  6.764393E-05
  4.534446E-04  3.508567E-07  6.912480E-05
  4.590220E-04  3.595408E-07  7.063908E-05
  4.646680E-04  3.684399E-07  7.218753E-05
  4.703834E-04  3.775593E-07  7.377093E-05
  4.761691E-04  3.869044E-07  7.539006E-05
  4.820260E-04  3.964808E-07  7.704573E-05
  4.879549E-04  4.062942E-07  7.873879E-05
  4.939568E-04  4.163505E-07  8.047007E-05
  5.000324E-04  4.266558E-07  8.224044E-05
  5.061828E-04  4.372161E-07  8.405080E-05
  5.124089E-04  4.480377E-07  8.590206E-05
  5.187115E-04  4.591273E-07  8.779514E-05
  5.250917E-04  4.704913E-07  8.973101E-05
  5.315503E-04  4.821365E-07  9.171063E-05
  5.380884E-04  4.940701E-07  9.373501E-05
  5.447068E-04  5.062990E-07  9.580516E-05
  5.514067E-04  5.188305E-07  9.792214E-05
  5.581890E-04  5.316723E-07  1.000870E-04
  5.650548E-04  5.448319E-07  1.023009E-04
  5.720049E-04  5.583172E-07  1.045648E-04
  5.790406E-04  5.721363E-07  1.068800E-04
  5.861628E-04  5.862974E-07  1.092477E-04
  5.933726E-04  6.008091E-07  1.116689E-04
  6.006711E-04  6.156799E-07  1.141450E-04
  6.080593E-04  6.309188E-07  1.166773E-04
  6.155385E-04  6.465349E-07  1.192669E-04
  6.231096E-04  6.625375E-07  1.219153E-04
  6.307738E-04  6.789362E-07  1.246237E-04
  6.385324E-04  6.957407E-07  1.273935E-04
  6.463863E-04  7.129613E-07  1.302263E-04
  6.543369E-04  7.306080E-07  1.331233E-04
  6.623852E-04  7.486915E-07  1.360860E-04
  6.705325E-04  7.672227E-07  1.391161E-04
  6.787801E-04  7.862125E-07  1.422150E-04
  6.871291E-04  8.056723E-07  1.453844E-04
  6.955808E-04  8.256138E-07  1.486258E-04
  7.041364E-04  8.460488E-07  1.519408E-04
  7.127973E-04  8.669897E-07  1.553313E-04
  7.215647E-04  8.884488E-07  1.587990E-04
  7.304399E-04  9.104392E-07  1.623455E-04
  7.394244E-04  9.329738E-07  1.659728E-04
  7.485193E-04  9.560661E-07  1.696827E-04
  7.577261E-04  9.797301E-07  1.734770E-04
  7.670461E-04  1.003980E-06  1.773579E-04
  7.764808E-04  1.028830E-06  1.813272E-04
  7.860315E-04  1.054295E-06  1.853870E-04
  7.956997E-04  1.080390E-06  1.895394E-04
  8.054868E-04  1.107131E-06  1.937865E-04
  8.153943E-04  1.134534E-06  1.981305E-04
  8.254236E-04  1.162615E-06  2.025737E-04
  8.355763E-04  1.191392E-06  2.071184E-04
  8.458539E-04  1.220880E-06  2.117668E-04
  8.562579E-04  1.251099E-06  2.165215E-04
  8.667899E-04  1.282065E-06  2.213848E-04
  8.774514E-04  1.313798E-06  2.263593E-04
  8.882440E-04  1.346316E-06  2.314476E-04
  8.991695E-04  1.379639E-06  2.366522E-04
  9.102292E-04  1.413787E-06  2.419760E-04
  9.214251E-04  1.448781E-06  2.474216E-04
  9.327586E-04  1.484640E-06  2.529919E-04
  9.442315E-04  1.521387E-06  2.586898E-04
  9.558456E-04  1.559043E-06  2.645182E-04
  9.676025E-04  1.597632E-06  2.704801E-04
  9.795040E-04  1.637176E-06  2.765788E-04
  9.915519E-04  1.677698E-06  2.828172E-04
  1.003748E-03  1.719223E-06  2.891988E-04
  1.016094E-03  1.761777E-06  2.957267E-04
  1.028592E-03  1.805383E-06  3.024045E-04
  1.041244E-03  1.850069E-06  3.092356E-04
  1.054051E-03  1.895861E-06  3.162235E-04
  1.067016E-03  1.942786E-06  3.233719E-04
  1.080140E-03  1.990873E-06  3.306845E-04
  1.093426E-03  2.040150E-06  3.381652E-04
  1.106875E-03  2.090646E-06  3.458178E-04
  1.120490E-03  2.142393E-06  3.536464E-04
  1.134272E-03  2.195420E-06  3.616551E-04
  1.148223E-03  2.249760E-06  3.698480E-04
  1.162346E-03  2.305445E-06  3.782294E-04
  1.176643E-03  2.362508E-06  3.868038E-04
  1.191116E-03  2.420984E-06  3.955756E-04
  1.205767E-03  2.480906E-06  4.045493E-04
  1.220597E-03  2.542313E-06  4.137298E-04
  1.235611E-03  2.605239E-06  4.231218E-04
  1.250809E-03  2.669722E-06  4.327302E-04
  1.266194E-03  2.735802E-06  4.425602E-04
  1.281768E-03  2.803517E-06  4.526168E-04
  1.297534E-03  2.872908E-06  4.629053E-04
  1.313493E-03  2.944017E-06  4.734312E-04
  1.329649E-03  3.016886E-06  4.841999E-04
  1.346004E-03  3.091558E-06  4.952172E-04
  1.362560E-03  3.168079E-06  5.064887E-04
  1.379319E-03  3.246494E-06  5.180206E-04
  1.396285E-03  3.326850E-06  5.298187E-04
  1.413459E-03  3.409194E-06  5.418894E-04
  1.430845E-03  3.493577E-06  5.542389E-04
  1.448444E-03  3.580049E-06  5.668738E-04
  1.466260E-03  3.668660E-06  5.798007E-04
  1.484295E-03  3.759466E-06  5.930265E-04
  1.502552E-03  3.852518E-06  6.065580E-04
  1.521033E-03  3.947874E-06  6.204025E-04
  1.539742E-03  4.045590E-06  6.345673E-04
  1.558681E-03  4.145725E-06  6.490597E-04
  1.577853E-03  4.248339E-06  6.638874E-04
  1.597260E-03  4.353492E-06  6.790583E-04
  1.616907E-03  4.461248E-06  6.945804E-04
  1.636794E-03  4.571671E-06  7.104618E-04
  1.656927E-03  4.684827E-06  7.267109E-04
  1.677307E-03  4.800784E-06  7.433363E-04
  1.697938E-03  4.919612E-06  7.603467E-04
  1.718823E-03  5.041380E-06  7.777512E-04
  1.739964E-03  5.166163E-06  7.955589E-04
  1.761366E-03  5.294034E-06  8.137792E-04
  1.783031E-03  5.425071E-06  8.324218E-04
  1.804962E-03  5.559350E-06  8.514964E-04
  1.827163E-03  5.696954E-06  8.710131E-04
  1.849637E-03  5.837963E-06  8.909823E-04
  1.872388E-03  5.982463E-06  9.114145E-04
  1.895418E-03  6.130539E-06  9.323205E-04
  1.918732E-03  6.282281E-06  9.537112E-04
  1.942332E-03  6.437778E-06  9.755980E-04
  1.966223E-03  6.597125E-06  9.979925E-04
  1.990407E-03  6.760416E-06  1.020906E-03
  2.014889E-03  6.927748E-06  1.044352E-03
  2.039672E-03  7.099222E-06  1.068341E-03
  2.064760E-03  7.274941E-06  1.092887E-03
  2.090157E-03  7.455009E-06  1.118003E-03
  2.115866E-03  7.639535E-06  1.143701E-03
  2.141891E-03  7.828628E-06  1.169996E-03
  2.168236E-03  8.022401E-06  1.196901E-03
  2.194906E-03  8.220971E-06  1.224430E-03
  2.221903E-03  8.424455E-06  1.252598E-03
  2.249232E-03  8.632977E-06  1.281420E-03
  2.276898E-03  8.846660E-06  1.310911E-03
  2.304904E-03  9.065632E-06  1.341087E-03
  2.333254E-03  9.290024E-06  1.371962E-03
  2.361953E-03  9.519971E-06  1.403555E-03
  2.391005E-03  9.755610E-06  1.435881E-03
  2.420414E-03  9.997081E-06  1.468957E-03
  2.450185E-03  1.024453E-05  1.502800E-03
  2.480323E-03  1.049810E-05  1.537430E-03
  2.510831E-03  1.075795E-05  1.572863E-03
  2.541714E-03  1.102423E-05  1.609118E-03
  2.572977E-03  1.129711E-05  1.646215E-03
  2.604625E-03  1.157674E-05  1.684173E-03
  2.636662E-03  1.186328E-05  1.723011E-03
  2.669092E-03  1.215693E-05  1.762751E-03
  2.701922E-03  1.245784E-05  1.803413E-03
  2.735156E-03  1.276620E-05  1.845019E-03
  2.768798E-03  1.308219E-05  1.887589E-03
  2.802855E-03  1.340600E-05  1.931148E-03
  2.837330E-03  1.373783E-05  1.975716E-03
  2.872229E-03  1.407788E-05  2.021319E-03
  2.907557E-03  1.442634E-05  2.067979E-03
  2.943320E-03  1.478342E-05  2.115721E-03
  2.979523E-03  1.514935E-05  2.164570E-03
  3.016171E-03  1.552433E-05  2.214552E-03
  3.053270E-03  1.590860E-05  2.265692E-03
  3.090825E-03  1.630238E-05  2.318017E-03
  3.128842E-03  1.670590E-05  2.371555E-03
  3.167327E-03  1.711942E-05  2.426334E-03
  3.206285E-03  1.754317E-05  2.482382E-03
  3.245723E-03  1.797740E-05  2.539728E-03
  3.285645E-03  1.842239E-05  2.598402E-03
  3.326059E-03  1.887840E-05  2.658435E-03
  3.366969E-03  1.934569E-05  2.719857E-03
  3.408383E-03  1.982455E-05  2.782702E-03
  3.450306E-03  2.031526E-05  2.847000E-03
  3.492745E-03  2.081812E-05  2.912787E-03
  3.535705E-03  2.133343E-05  2.980095E-03
  3.579195E-03  2.186150E-05  3.048960E-03
  3.623219E-03  2.240263E-05  3.119417E-03
  3.667784E-03  2.295716E-05  3.191502E-03
  3.712898E-03  2.352542E-05  3.265254E-03
  3.758567E-03  2.410775E-05  3.340709E-03
  3.804797E-03  2.470449E-05  3.417907E-03
  3.851596E-03  2.531601E-05  3.496888E-03
  3.898971E-03  2.594266E-05  3.577692E-03
  3.946928E-03  2.658483E-05  3.660361E-03
  3.995475E-03  2.724289E-05  3.744937E-03
  4.044620E-03  2.791724E-05  3.831464E-03
  4.094368E-03  2.860829E-05  3.919985E-03
  4.144729E-03  2.931645E-05  4.010547E-03
  4.195709E-03  3.004213E-05  4.103196E-03
  4.247316E-03  3.078578E-05  4.197978E-03
  4.299558E-03  3.154784E-05  4.294943E-03
  4.352443E-03  3.232877E-05  4.394139E-03
  4.405978E-03  3.312903E-05  4.495618E-03
  4.460172E-03  3.394910E-05  4.599430E-03
  4.515032E-03  3.478947E-05  4.705630E-03
  4.570567E-03  3.565065E-05  4.814269E-03
  4.626785E-03  3.653314E-05  4.925404E-03
  4.683694E-03  3.743749E-05  5.039091E-03
  4.741303E-03  3.836422E-05  5.155387E-03
  4.799622E-03  3.931390E-05  5.274351E-03
  4.858657E-03  4.028709E-05  5.396042E-03
  4.918418E-03  4.128437E-05  5.520523E-03
  4.978915E-03  4.230634E-05  5.647856E-03
  5.040156E-03  4.335362E-05  5.778104E-03
  5.102149E-03  4.442682E-05  5.911332E-03
  5.164906E-03  4.552659E-05  6.047609E-03
  5.228434E-03  4.665359E-05  6.187001E-03
  5.292744E-03  4.780850E-05  6.329578E-03
  5.357845E-03  4.899199E-05  6.475411E-03
  5.423746E-03  5.020479E-05  6.624573E-03
  5.490458E-03  5.144762E-05  6.777137E-03
  5.557991E-03  5.272122E-05  6.933180E-03
  5.626354E-03  5.402635E-05  7.092779E-03
  5.695558E-03  5.536380E-05  7.256011E-03
  5.765614E-03  5.673436E-05  7.422959E-03
  5.836531E-03  5.813886E-05  7.593704E-03
  5.908320E-03  5.957813E-05  7.768330E-03
  5.980992E-03  6.105304E-05  7.946922E-03
  6.054559E-03  6.256447E-05  8.129569E-03
  6.129030E-03  6.411332E-05  8.316359E-03
  6.204417E-03  6.570053E-05  8.507383E-03
  6.280731E-03  6.732703E-05  8.702734E-03
  6.357984E-03  6.899381E-05  8.902508E-03
  6.436187E-03  7.070187E-05  9.106801E-03
  6.515352E-03  7.245222E-05  9.315711E-03
  6.595491E-03  7.424591E-05  9.529340E-03
  6.676616E-03  7.608402E-05  9.747791E-03
  6.758738E-03  7.796764E-05  9.971168E-03
  6.841871E-03  7.989791E-05  1.019958E-02
  6.926026E-03  8.187598E-05  1.043313E-02
  7.011216E-03  8.390304E-05  1.067194E-02
  7.097454E-03  8.598029E-05  1.091612E-02
  7.184752E-03  8.810899E-05  1.116578E-02
  7.273125E-03  9.029040E-05  1.142104E-02
  7.362584E-03  9.252584E-05  1.168203E-02
  7.453144E-03  9.481664E-05  1.194886E-02
  7.544818E-03  9.716417E-05  1.222166E-02
  7.637619E-03  9.956984E-05  1.250057E-02
  7.731562E-03  1.020351E-04  1.278570E-02
  7.826660E-03  1.045614E-04  1.307720E-02
  7.922928E-03  1.071503E-04  1.337520E-02
  8.020380E-03  1.098033E-04  1.367983E-02
  8.119031E-03  1.125220E-04  1.399124E-02
  8.218895E-03  1.153081E-04  1.430957E-02
  8.319987E-03  1.181631E-04  1.463497E-02
  8.422323E-03  1.210889E-04  1.496759E-02
  8.525917E-03  1.240871E-04  1.530758E-02
  8.630786E-03  1.271597E-04  1.565510E-02
  8.736945E-03  1.303083E-04  1.601029E-02
  8.844409E-03  1.335349E-04  1.637333E-02
  8.953196E-03  1.368415E-04  1.674438E-02
  9.063320E-03  1.402299E-04  1.712360E-02
  9.174799E-03  1.437024E-04  1.751117E-02
  9.287649E-03  1.472608E-04  1.790726E-02
  9.401887E-03  1.509074E-04  1.831204E-02
  9.517530E-03  1.546443E-04  1.872569E-02
  9.634596E-03  1.584739E-04  1.914840E-02
  9.753101E-03  1.623983E-04  1.958036E-02
  9.873064E-03  1.664199E-04  2.002175E-02
  9.994503E-03  1.705412E-04  2.047276E-02
  1.011744E-02  1.747646E-04  2.093360E-02
  1.024188E-02  1.790927E-04  2.140446E-02
  1.036785E-02  1.835280E-04  2.188555E-02
  1.049538E-02  1.880732E-04  2.237708E-02
  1.062447E-02  1.927310E-04  2.287924E-02
  1.075515E-02  1.975043E-04  2.339227E-02
  1.088744E-02  2.023959E-04  2.391638E-02
  1.102136E-02  2.074087E-04  2.445179E-02
  1.115692E-02  2.125457E-04  2.499872E-02
  1.129415E-02  2.178101E-04  2.555741E-02
  1.143307E-02  2.232049E-04  2.612809E-02
  1.157370E-02  2.287335E-04  2.671099E-02
  1.171605E-02  2.343991E-04  2.730637E-02
  1.186016E-02  2.402051E-04  2.791445E-02
  1.200604E-02  2.461551E-04  2.853550E-02
  1.215371E-02  2.522526E-04  2.916977E-02
  1.230320E-02  2.585012E-04  2.981751E-02
  1.245453E-02  2.649048E-04  3.047899E-02
  1.260772E-02  2.714671E-04  3.115447E-02
  1.276280E-02  2.781922E-04  3.184422E-02
  1.291978E-02  2.850840E-04  3.254851E-02
  1.307870E-02  2.921466E-04  3.326764E-02
  1.323956E-02  2.993845E-04  3.400187E-02
  1.340241E-02  3.068018E-04  3.475149E-02
  1.356726E-02  3.144031E-04  3.551680E-02
  1.373414E-02  3.221929E-04  3.629810E-02
  1.390307E-02  3.301759E-04  3.709567E-02
  1.407407E-02  3.383570E-04  3.790984E-02
  1.424719E-02  3.467409E-04  3.874090E-02
  1.442243E-02  3.553329E-04  3.958917E-02
  1.459982E-02  3.641380E-04  4.045496E-02
  1.477940E-02  3.731616E-04  4.133861E-02
  1.496119E-02  3.824090E-04  4.224043E-02
  1.514521E-02  3.918860E-04  4.316076E-02
  1.533149E-02  4.015980E-04  4.409994E-02
  1.552007E-02  4.115512E-04  4.505830E-02
  1.571097E-02  4.217513E-04  4.603618E-02
  1.590421E-02  4.322046E-04  4.703394E-02
  1.609984E-02  4.429173E-04  4.805193E-02
  1.629786E-02  4.538960E-04  4.909051E-02
  1.649833E-02  4.651472E-04  5.015004E-02
  1.670126E-02  4.766778E-04  5.123089E-02
  1.690668E-02  4.884946E-04  5.233342E-02
  1.711463E-02  5.006049E-04  5.345801E-02
  1.732514E-02  5.130159E-04  5.460505E-02
  1.753824E-02  5.257351E-04  5.577491E-02
  1.775396E-02  5.387703E-04  5.696798E-02
  1.797234E-02  5.521292E-04  5.818466E-02
  1.819340E-02  5.658199E-04  5.942533E-02
  1.841718E-02  5.798509E-04  6.069041E-02
  1.864371E-02  5.942304E-04  6.198029E-02
  1.887303E-02  6.089672E-04  6.329538E-02
  1.910516E-02  6.240702E-04  6.463610E-02
  1.934016E-02  6.395486E-04  6.600285E-02
  1.957804E-02  6.554118E-04  6.739606E-02
  1.981885E-02  6.716692E-04  6.881614E-02
  2.006262E-02  6.883308E-04  7.026353E-02
  2.030939E-02  7.054068E-04  7.173866E-02
  2.055920E-02  7.229073E-04  7.324195E-02
  2.081208E-02  7.408430E-04  7.477384E-02
  2.106807E-02  7.592249E-04  7.633477E-02
  2.132720E-02  7.780640E-04  7.792517E-02
  2.158953E-02  7.973718E-04  7.954550E-02
  2.185508E-02  8.171600E-04  8.119620E-02
  2.212390E-02  8.374407E-04  8.287772E-02
  2.239602E-02  8.582261E-04  8.459050E-02
  2.267149E-02  8.795288E-04  8.633500E-02
  2.295035E-02  9.013619E-04  8.811167E-02
  2.323264E-02  9.237386E-04  8.992097E-02
  2.351840E-02  9.466725E-04  9.176335E-02
  2.380768E-02  9.701776E-04  9.363928E-02
  2.410051E-02  9.942682E-04  9.554920E-02
  2.439695E-02  1.018959E-03  9.749359E-02
  2.469703E-02  1.044265E-03  9.947289E-02
  2.500080E-02  1.070202E-03  1.014876E-01
  2.530831E-02  1.096785E-03  1.035381E-01
  2.561961E-02  1.124031E-03  1.056249E-01
  2.593473E-02  1.151956E-03  1.077485E-01
  2.625372E-02  1.180577E-03  1.099092E-01
  2.657664E-02  1.209913E-03  1.121077E-01
  2.690354E-02  1.239980E-03  1.143442E-01
  2.723445E-02  1.270798E-03  1.166193E-01
  2.756943E-02  1.302384E-03  1.189335E-01
  2.790854E-02  1.334759E-03  1.212871E-01
  2.825181E-02  1.367943E-03  1.236806E-01
  2.859931E-02  1.401955E-03  1.261144E-01
  2.895108E-02  1.436816E-03  1.285890E-01
  2.930718E-02  1.472549E-03  1.311048E-01
  2.966766E-02  1.509174E-03  1.336623E-01
  3.003257E-02  1.546715E-03  1.362617E-01
  3.040197E-02  1.585194E-03  1.389037E-01
  3.077592E-02  1.624636E-03  1.415884E-01
  3.115446E-02  1.665063E-03  1.443165E-01
  3.153766E-02  1.706503E-03  1.470881E-01
  3.192557E-02  1.748979E-03  1.499038E-01
  3.231826E-02  1.792518E-03  1.527639E-01
  3.271577E-02  1.837148E-03  1.556688E-01
  3.311818E-02  1.882895E-03  1.586187E-01
  3.352553E-02  1.929788E-03  1.616141E-01
  3.393789E-02  1.977856E-03  1.646553E-01
  3.435533E-02  2.027128E-03  1.677425E-01
  3.477790E-02  2.077637E-03  1.708762E-01
  3.520567E-02  2.129411E-03  1.740565E-01
  3.563870E-02  2.182485E-03  1.772838E-01
  3.607705E-02  2.236890E-03  1.805583E-01
  3.652080E-02  2.292662E-03  1.838803E-01
  3.697001E-02  2.349833E-03  1.872499E-01
  3.742474E-02  2.408441E-03  1.906674E-01
  3.788506E-02  2.468521E-03  1.941330E-01
  3.835105E-02  2.530112E-03  1.976469E-01
  3.882277E-02  2.593251E-03  2.012091E-01
  3.930029E-02  2.657978E-03  2.048199E-01
  3.978368E-02  2.724335E-03  2.084793E-01
  4.027302E-02  2.792361E-03  2.121874E-01
  4.076838E-02  2.862101E-03  2.159443E-01
  4.126983E-02  2.933598E-03  2.197499E-01
  4.177745E-02  3.006896E-03  2.236044E-01
  4.229131E-02  3.082043E-03  2.275076E-01
  4.281149E-02  3.159086E-03  2.314596E-01
  4.333808E-02  3.238072E-03  2.354602E-01
  4.387113E-02  3.319053E-03  2.395093E-01
  4.441075E-02  3.402079E-03  2.436069E-01
  4.495700E-02  3.487204E-03  2.477526E-01
  4.550997E-02  3.574480E-03  2.519463E-01
  4.606975E-02  3.663964E-03  2.561878E-01
  4.663640E-02  3.755713E-03  2.604767E-01
  4.721003E-02  3.849785E-03  2.648128E-01
  4.779071E-02  3.946240E-03  2.691956E-01
  4.837854E-02  4.045140E-03  2.736249E-01
  4.897360E-02  4.146548E-03  2.781000E-01
  4.957597E-02  4.250530E-03  2.826206E-01
  5.018576E-02  4.357151E-03  2.871861E-01
  5.080304E-02  4.466482E-03  2.917960E-01
  5.142792E-02  4.578591E-03  2.964495E-01
  5.206048E-02  4.693552E-03  3.011461E-01
  5.270083E-02  4.811439E-03  3.058850E-01
  5.334905E-02  4.932329E-03  3.106654E-01
  5.400524E-02  5.056299E-03  3.154864E-01
  5.466950E-02  5.183431E-03  3.203474E-01
  5.534194E-02  5.313807E-03  3.252471E-01
  5.602264E-02  5.447513E-03  3.301848E-01
  5.671172E-02  5.584635E-03  3.351593E-01
  5.740928E-02  5.725265E-03  3.401694E-01
  5.811541E-02  5.869494E-03  3.452141E-01
  5.883023E-02  6.017417E-03  3.502921E-01
  5.955384E-02  6.169131E-03  3.554021E-01
  6.028635E-02  6.324738E-03  3.605427E-01
  6.102788E-02  6.484341E-03  3.657125E-01
  6.177852E-02  6.648044E-03  3.709099E-01
  6.253839E-02  6.815958E-03  3.761334E-01
  6.330762E-02  6.988195E-03  3.813814E-01
  6.408630E-02  7.164869E-03  3.866521E-01
  6.487456E-02  7.346099E-03  3.919437E-01
  6.567252E-02  7.532007E-03  3.972544E-01
  6.648029E-02  7.722719E-03  4.025822E-01
  6.729800E-02  7.918363E-03  4.079250E-01
  6.812576E-02  8.119072E-03  4.132809E-01
  6.896371E-02  8.324982E-03  4.186476E-01
  6.981196E-02  8.536235E-03  4.240228E-01
  7.067065E-02  8.752973E-03  4.294041E-01
  7.153990E-02  8.975347E-03  4.347892E-01
  7.241984E-02  9.203508E-03  4.401756E-01
  7.331061E-02  9.437615E-03  4.455606E-01
  7.421233E-02  9.677828E-03  4.509415E-01
  7.512514E-02  9.924316E-03  4.563155E-01
  7.604918E-02  1.017725E-02  4.616799E-01
  7.698458E-02  1.043680E-02  4.670315E-01
  7.793149E-02  1.070316E-02  4.723675E-01
  7.889005E-02  1.097652E-02  4.776845E-01
  7.986040E-02  1.125705E-02  4.829795E-01
  8.084268E-02  1.154497E-02  4.882491E-01
  8.183705E-02  1.184048E-02  4.934898E-01
  8.284364E-02  1.214379E-02  4.986981E-01
  8.386262E-02  1.245511E-02  5.038705E-01
  8.489413E-02  1.277467E-02  5.090031E-01
  8.593833E-02  1.310271E-02  5.140924E-01
  8.699537E-02  1.343945E-02  5.191342E-01
  8.806541E-02  1.378515E-02  5.241247E-01
  8.914861E-02  1.414005E-02  5.290597E-01
  9.024514E-02  1.450441E-02  5.339351E-01
  9.135516E-02  1.487852E-02  5.387466E-01
  9.247883E-02  1.526263E-02  5.434898E-01
  9.361632E-02  1.565704E-02  5.481603E-01
  9.476780E-02  1.606204E-02  5.527534E-01
  9.593344E-02  1.647793E-02  5.572646E-01
  9.711342E-02  1.690503E-02  5.616889E-01
  9.830792E-02  1.734366E-02  5.660217E-01
  9.951710E-02  1.779416E-02  5.702580E-01
  1.007412E-01  1.825686E-02  5.743927E-01
  1.019803E-01  1.873212E-02  5.784207E-01
  1.032346E-01  1.922031E-02  5.823368E-01
  1.045044E-01  1.972181E-02  5.861357E-01
  1.057898E-01  2.023700E-02  5.898120E-01
  1.070910E-01  2.076630E-02  5.933603E-01
  1.084083E-01  2.131011E-02  5.967750E-01
  1.097417E-01  2.186886E-02  6.000505E-01
  1.110915E-01  2.244300E-02  6.031810E-01
  1.124579E-01  2.303299E-02  6.061610E-01
  1.138412E-01  2.363931E-02  6.089844E-01
  1.152414E-01  2.426243E-02  6.116455E-01
  1.166589E-01  2.490287E-02  6.141383E-01
  1.180938E-01  2.556114E-02  6.164567E-01
  1.195463E-01  2.623780E-02  6.185947E-01
  1.210168E-01  2.693339E-02  6.205463E-01
  1.225053E-01  2.764850E-02  6.223052E-01
  1.240121E-01  2.838372E-02  6.238654E-01
  1.255374E-01  2.913966E-02  6.252205E-01
  1.270815E-01  2.991698E-02  6.263644E-01
  1.286446E-01  3.071632E-02  6.272908E-01
  1.302270E-01  3.153837E-02  6.279935E-01
  1.318288E-01  3.238383E-02  6.284661E-01
  1.334503E-01  3.325345E-02  6.287024E-01
  1.350917E-01  3.414796E-02  6.286962E-01
  1.367533E-01  3.506817E-02  6.284412E-01
  1.384354E-01  3.601487E-02  6.279311E-01
  1.401381E-01  3.698890E-02  6.271598E-01
  1.418618E-01  3.799114E-02  6.261210E-01
  1.436067E-01  3.902248E-02  6.248087E-01
  1.453731E-01  4.008385E-02  6.232167E-01
  1.471612E-01  4.117622E-02  6.213391E-01
  1.489713E-01  4.230059E-02  6.191699E-01
  1.508036E-01  4.345798E-02  6.167032E-01
  1.526585E-01  4.464947E-02  6.139332E-01
  1.545362E-01  4.587617E-02  6.108542E-01
  1.564370E-01  4.713923E-02  6.074606E-01
  1.583612E-01  4.843984E-02  6.037468E-01
  1.603090E-01  4.977922E-02  5.997076E-01
  1.622808E-01  5.115867E-02  5.953377E-01
  1.642769E-01  5.257950E-02  5.906319E-01
  1.662975E-01  5.404309E-02  5.855853E-01
  1.683429E-01  5.555087E-02  5.801931E-01
  1.704136E-01  5.710429E-02  5.744506E-01
  1.725096E-01  5.870490E-02  5.683535E-01
  1.746315E-01  6.035428E-02  5.618973E-01
  1.767795E-01  6.205408E-02  5.550781E-01
  1.789539E-01  6.380599E-02  5.478920E-01
  1.811550E-01  6.561178E-02  5.403353E-01
  1.833832E-01  6.747327E-02  5.324047E-01
  1.856388E-01  6.939238E-02  5.240969E-01
  1.879222E-01  7.137107E-02  5.154090E-01
  1.902336E-01  7.341137E-02  5.063384E-01
  1.925735E-01  7.551540E-02  4.968827E-01
  1.949422E-01  7.768535E-02  4.870397E-01
  1.973399E-01  7.992349E-02  4.768077E-01
  1.997672E-01  8.223218E-02  4.661851E-01
  2.022244E-01  8.461387E-02  4.551708E-01
  2.047117E-01  8.707108E-02  4.437638E-01
  2.072297E-01  8.960643E-02  4.319636E-01
  2.097786E-01  9.222265E-02  4.197701E-01
  2.123589E-01  9.492254E-02  4.071833E-01
  2.149709E-01  9.770904E-02  3.942038E-01
  2.176150E-01  1.005852E-01  3.808325E-01
  2.202917E-01  1.035540E-01  3.670706E-01
  2.230013E-01  1.066189E-01  3.529198E-01
  2.257442E-01  1.097832E-01  3.383822E-01
  2.285209E-01  1.130502E-01  3.234602E-01
  2.313317E-01  1.164238E-01  3.081568E-01
  2.341770E-01  1.199075E-01  2.924751E-01
  2.370574E-01  1.235052E-01  2.764190E-01
  2.399732E-01  1.272209E-01  2.599925E-01
  2.429249E-01  1.310588E-01  2.432003E-01
  2.459129E-01  1.350231E-01  2.260475E-01
  2.489376E-01  1.391182E-01  2.085395E-01
  2.519995E-01  1.433487E-01  1.906823E-01
  2.550991E-01  1.477192E-01  1.724823E-01
  2.582368E-01  1.522347E-01  1.539464E-01
  2.614132E-01  1.569002E-01  1.350819E-01
  2.646285E-01  1.617207E-01  1.158966E-01
  2.678835E-01  1.667017E-01  9.639882E-02
  2.711784E-01  1.718486E-01  7.659727E-02
  2.745139E-01  1.771671E-01  5.650118E-02
  2.778905E-01  1.826630E-01  3.612020E-02
  2.813085E-01  1.883423E-01  1.546449E-02
  2.847686E-01  1.942111E-01 -5.455356E-03
  2.882713E-01  2.002757E-01 -2.662828E-02
  2.918170E-01  2.065426E-01 -4.804278E-02
  2.954063E-01  2.130185E-01 -6.968688E-02
  2.990398E-01  2.197101E-01 -9.154820E-02
  3.027180E-01  2.266245E-01 -1.136139E-01
  3.064415E-01  2.337686E-01 -1.358707E-01
  3.102107E-01  2.411497E-01 -1.583049E-01
  3.140263E-01  2.487753E-01 -1.809025E-01
  3.178888E-01  2.566528E-01 -2.036490E-01
  3.217988E-01  2.647898E-01 -2.265295E-01
  3.257570E-01  2.731942E-01 -2.495288E-01
  3.297638E-01  2.818737E-01 -2.726313E-01
  3.338199E-01  2.908363E-01 -2.958211E-01
  3.379259E-01  3.000899E-01 -3.190820E-01
  3.420823E-01  3.096426E-01 -3.423974E-01
  3.462900E-01  3.195024E-01 -3.657505E-01
  3.505493E-01  3.296774E-01 -3.891243E-01
  3.548611E-01  3.401755E-01 -4.125015E-01
  3.592259E-01  3.510048E-01 -4.358644E-01
  3.636443E-01  3.621731E-01 -4.591954E-01
  3.681172E-01  3.736882E-01 -4.824767E-01
  3.726450E-01  3.855575E-01 -5.056900E-01
  3.772285E-01  3.977886E-01 -5.288173E-01
  3.818685E-01  4.103885E-01 -5.518402E-01
  3.865654E-01  4.233640E-01 -5.747403E-01
  3.913202E-01  4.367215E-01 -5.974991E-01
  3.961334E-01  4.504671E-01 -6.200980E-01
  4.010059E-01  4.646063E-01 -6.425184E-01
  4.059382E-01  4.791441E-01 -6.647414E-01
  4.109313E-01  4.940848E-01 -6.867483E-01
  4.159857E-01  5.094320E-01 -7.085203E-01
  4.211024E-01  5.251887E-01 -7.300384E-01
  4.262819E-01  5.413568E-01 -7.512837E-01
  4.315252E-01  5.579374E-01 -7.722372E-01
  4.368329E-01  5.749304E-01 -7.928800E-01
  4.422060E-01  5.923347E-01 -8.131932E-01
  4.476451E-01  6.101477E-01 -8.331581E-01
  4.531512E-01  6.283658E-01 -8.527560E-01
  4.587249E-01  6.469835E-01 -8.719684E-01
  4.643672E-01  6.659940E-01 -8.907771E-01
  4.700790E-01  6.853887E-01 -9.091644E-01
  4.758609E-01  7.051572E-01 -9.271125E-01
  4.817140E-01  7.252871E-01 -9.446044E-01
  4.876391E-01  7.457640E-01 -9.616234E-01
  4.936371E-01  7.665713E-01 -9.781532E-01
  4.997088E-01  7.876900E-01 -9.941781E-01
  5.058552E-01  8.090988E-01 -1.009683E+00
  5.120772E-01  8.307740E-01 -1.024653E+00
  5.183758E-01  8.526891E-01 -1.039074E+00
  5.247518E-01  8.748149E-01 -1.052934E+00
  5.312063E-01  8.971196E-01 -1.066218E+00
  5.377401E-01  9.195683E-01 -1.078915E+00
  5.443543E-01  9.421234E-01 -1.091013E+00
  5.510499E-01  9.647444E-01 -1.102503E+00
  5.578278E-01  9.873877E-01 -1.113372E+00
  5.646890E-01  1.010007E+00 -1.123613E+00
  5.716347E-01  1.032552E+00 -1.133217E+00
  5.786658E-01  1.054972E+00 -1.142175E+00
  5.857834E-01  1.077211E+00 -1.150482E+00
  5.929886E-01  1.099211E+00 -1.158130E+00
  6.002823E-01  1.120913E+00 -1.165115E+00
  6.076658E-01  1.142254E+00 -1.171432E+00
  6.151401E-01  1.163169E+00 -1.177077E+00
  6.227063E-01  1.183592E+00 -1.182048E+00
  6.303656E-01  1.203455E+00 -1.186342E+00
  6.381191E-01  1.222688E+00 -1.189958E+00
  6.459679E-01  1.241220E+00 -1.192897E+00
  6.539134E-01  1.258980E+00 -1.195159E+00
  6.619565E-01  1.275895E+00 -1.196745E+00
  6.700986E-01  1.291892E+00 -1.197659E+00
  6.783408E-01  1.306898E+00 -1.197902E+00
  6.866844E-01  1.320841E+00 -1.197480E+00
  6.951306E-01  1.333649E+00 -1.196396E+00
  7.036807E-01  1.345251E+00 -1.194658E+00
  7.123359E-01  1.355577E+00 -1.192272E+00
  7.210977E-01  1.364560E+00 -1.189244E+00
  7.299672E-01  1.372138E+00 -1.185584E+00
  7.389458E-01  1.378249E+00 -1.181300E+00
  7.480348E-01  1.382837E+00 -1.176402E+00
  7.572356E-01  1.385853E+00 -1.170899E+00
  7.665496E-01  1.387251E+00 -1.164805E+00
  7.759782E-01  1.386994E+00 -1.158129E+00
  7.855227E-01  1.385051E+00 -1.150884E+00
  7.951847E-01  1.381398E+00 -1.143084E+00
  8.049654E-01  1.376021E+00 -1.134742E+00
  8.148665E-01  1.368915E+00 -1.125872E+00
  8.248894E-01  1.360081E+00 -1.116488E+00
  8.350355E-01  1.349532E+00 -1.106607E+00
  8.453064E-01  1.337290E+00 -1.096243E+00
  8.557037E-01  1.323385E+00 -1.085414E+00
  8.662289E-01  1.307858E+00 -1.074134E+00
  8.768835E-01  1.290758E+00 -1.062421E+00
  8.876691E-01  1.272144E+00 -1.050293E+00
  8.985875E-01  1.252083E+00 -1.037766E+00
  9.096401E-01  1.230650E+00 -1.024859E+00
  9.208287E-01  1.207928E+00 -1.011590E+00
  9.321549E-01  1.184007E+00 -9.979759E-01
  9.436204E-01  1.158983E+00 -9.840365E-01
  9.552269E-01  1.132958E+00 -9.697900E-01
  9.669762E-01  1.106038E+00 -9.552550E-01
  9.788700E-01  1.078333E+00 -9.404502E-01
  9.909101E-01  1.049955E+00 -9.253946E-01
  1.003098E+00  1.021018E+00 -9.101069E-01
  1.015436E+00  9.916386E-01 -8.946060E-01
  1.027926E+00  9.619303E-01 -8.789106E-01
  1.040570E+00  9.320068E-01 -8.630396E-01
  1.053369E+00  9.019793E-01 -8.470115E-01
  1.066325E+00  8.719558E-01 -8.308449E-01
  1.079441E+00  8.420403E-01 -8.145580E-01
  1.092718E+00  8.123321E-01 -7.981691E-01
  1.106159E+00  7.829248E-01 -7.816960E-01
  1.119764E+00  7.539060E-01 -7.651566E-01
  1.133537E+00  7.253567E-01 -7.485683E-01
  1.147480E+00  6.973508E-01 -7.319483E-01
  1.161594E+00  6.699548E-01 -7.153134E-01
  1.175882E+00  6.432275E-01 -6.986803E-01
  1.190345E+00  6.172201E-01 -6.820650E-01
  1.204986E+00  5.919758E-01 -6.654835E-01
  1.219807E+00  5.675303E-01 -6.489512E-01
  1.234811E+00  5.439115E-01 -6.324832E-01
  1.249999E+00  5.211400E-01 -6.160939E-01
  1.265374E+00  4.992292E-01 -5.997978E-01
  1.280938E+00  4.781859E-01 -5.836084E-01
  1.296694E+00  4.580102E-01 -5.675390E-01
  1.312643E+00  4.386965E-01 -5.516024E-01
  1.328789E+00  4.202334E-01 -5.358109E-01
  1.345133E+00  4.026046E-01 -5.201762E-01
  1.361678E+00  3.857894E-01 -5.047097E-01
  1.378427E+00  3.697627E-01 -4.894222E-01
  1.395381E+00  3.544959E-01 -4.743238E-01
  1.412544E+00  3.399571E-01 -4.594243E-01
  1.429919E+00  3.261118E-01 -4.447329E-01
  1.447507E+00  3.129229E-01 -4.302582E-01
  1.465311E+00  3.003514E-01 -4.160083E-01
  1.483334E+00  2.883567E-01 -4.019908E-01
  1.501579E+00  2.768971E-01 -3.882127E-01
  1.520049E+00  2.659302E-01 -3.746806E-01
  1.538745E+00  2.554139E-01 -3.614004E-01
  1.557672E+00  2.453064E-01 -3.483776E-01
  1.576831E+00  2.355676E-01 -3.356171E-01
  1.596226E+00  2.261591E-01 -3.231232E-01
  1.615860E+00  2.170451E-01 -3.108998E-01
  1.635735E+00  2.081929E-01 -2.989504E-01
  1.655855E+00  1.995733E-01 -2.872778E-01
  1.676222E+00  1.911608E-01 -2.758843E-01
  1.696839E+00  1.829342E-01 -2.647720E-01
  1.717710E+00  1.748766E-01 -2.539421E-01
  1.738838E+00  1.669755E-01 -2.433956E-01
  1.760226E+00  1.592230E-01 -2.331331E-01
  1.781877E+00  1.516156E-01 -2.231546E-01
  1.803794E+00  1.441537E-01 -2.134597E-01
  1.825980E+00  1.368419E-01 -2.040478E-01
  1.848440E+00  1.296876E-01 -1.949175E-01
  1.871176E+00  1.227013E-01 -1.860675E-01
  1.894191E+00  1.158953E-01 -1.774956E-01
  1.917490E+00  1.092833E-01 -1.691998E-01
  1.941075E+00  1.028793E-01 -1.611774E-01
  1.964950E+00  9.669733E-02 -1.534254E-01
  1.989119E+00  9.075026E-02 -1.459407E-01
  2.013585E+00  8.504951E-02 -1.387199E-01
  2.038352E+00  7.960439E-02 -1.317590E-01
  2.063424E+00  7.442168E-02 -1.250542E-01
  2.088804E+00  6.950539E-02 -1.186012E-01
  2.114496E+00  6.485653E-02 -1.123956E-01
  2.140505E+00  6.047308E-02 -1.064328E-01
  2.166833E+00  5.635013E-02 -1.007080E-01
  2.193485E+00  5.248003E-02 -9.521624E-02
  2.220465E+00  4.885276E-02 -8.995238E-02
  2.247776E+00  4.545633E-02 -8.491122E-02
  2.275424E+00  4.227736E-02 -8.008744E-02
  2.303412E+00  3.930165E-02 -7.547560E-02
  2.331744E+00  3.651484E-02 -7.107019E-02
  2.360424E+00  3.390309E-02 -6.686563E-02
  2.389458E+00  3.145365E-02 -6.285627E-02
  2.418848E+00  2.915532E-02 -5.903646E-02
  2.448600E+00  2.699867E-02 -5.540048E-02
  2.478717E+00  2.497605E-02 -5.194262E-02
  2.509206E+00  2.308086E-02 -4.865716E-02
  2.540069E+00  2.130695E-02 -4.553838E-02
  2.571312E+00  1.964835E-02 -4.258058E-02
  2.602939E+00  1.809926E-02 -3.977810E-02
  2.634955E+00  1.665406E-02 -3.712533E-02
  2.667365E+00  1.530727E-02 -3.461667E-02
  2.700174E+00  1.405362E-02 -3.224661E-02
  2.733386E+00  1.288800E-02 -3.000971E-02
  2.767006E+00  1.180549E-02 -2.790058E-02
  2.801041E+00  1.080134E-02 -2.591393E-02
  2.835493E+00  9.870966E-03 -2.404456E-02
  2.870370E+00  9.009996E-03 -2.228735E-02
  2.905675E+00  8.214214E-03 -2.063731E-02
  2.941415E+00  7.479587E-03 -1.908953E-02
  2.977595E+00  6.802257E-03 -1.763923E-02
  3.014219E+00  6.178541E-03 -1.628174E-02
  3.051294E+00  5.604924E-03 -1.501251E-02
  3.088825E+00  5.078061E-03 -1.382711E-02
  3.126817E+00  4.594772E-03 -1.272124E-02
  3.165277E+00  4.152036E-03 -1.169075E-02
  3.204210E+00  3.746992E-03 -1.073159E-02
  3.243622E+00  3.376930E-03 -9.839866E-03
  3.283519E+00  3.039291E-03 -9.011803E-03
  3.323906E+00  2.731658E-03 -8.243773E-03
  3.364790E+00  2.451758E-03 -7.532278E-03
  3.406177E+00  2.197449E-03 -6.873957E-03
  3.448073E+00  1.966723E-03 -6.265585E-03
  3.490484E+00  1.757694E-03 -5.704070E-03
  3.533417E+00  1.568600E-03 -5.186454E-03
  3.576878E+00  1.397793E-03 -4.709911E-03
  3.620874E+00  1.243734E-03 -4.271744E-03
  3.665410E+00  1.104991E-03 -3.869387E-03
  3.710495E+00  9.802341E-04 -3.500396E-03
  3.756134E+00  8.682255E-04 -3.162454E-03
  3.802334E+00  7.678200E-04 -2.853361E-03
  3.849103E+00  6.779581E-04 -2.571038E-03
  3.896447E+00  5.976610E-04 -2.313519E-03
  3.944373E+00  5.260266E-04 -2.078948E-03
  3.992889E+00  4.622247E-04 -1.865579E-03
  4.042002E+00  4.054928E-04 -1.671770E-03
  4.091718E+00  3.551316E-04 -1.495978E-03
  4.142046E+00  3.105012E-04 -1.336757E-03
  4.192994E+00  2.710170E-04 -1.192756E-03
  4.244567E+00  2.361459E-04 -1.062711E-03
  4.296776E+00  2.054025E-04 -9.454430E-04
  4.349626E+00  1.783462E-04 -8.398564E-04
  4.403126E+00  1.545772E-04 -7.449315E-04
  4.457285E+00  1.337338E-04 -6.597228E-04
  4.512109E+00  1.154892E-04 -5.833542E-04
  4.567608E+00  9.954900E-05 -5.150161E-04
  4.623790E+00  8.564804E-05 -4.539609E-04
  4.680663E+00  7.354838E-05 -3.995001E-04
  4.738235E+00  6.303674E-05 -3.510002E-04
  4.796515E+00  5.392237E-05 -3.078797E-04
  4.855512E+00  4.603502E-05 -2.696057E-04
  4.915235E+00  3.922302E-05 -2.356905E-04
  4.975692E+00  3.335157E-05 -2.056890E-04
  5.036893E+00  2.830107E-05 -1.791952E-04
  5.098847E+00  2.396568E-05 -1.558398E-04
  5.161563E+00  2.025189E-05 -1.352874E-04
  5.225050E+00  1.707728E-05 -1.172340E-04
  5.289318E+00  1.436937E-05 -1.014044E-04
  5.354377E+00  1.206453E-05 -8.755023E-05
  5.420236E+00  1.010707E-05 -7.544742E-05
  5.486905E+00  8.448305E-06 -6.489449E-05
  5.554394E+00  7.045820E-06 -5.571051E-05
  5.622713E+00  5.862713E-06 -4.773332E-05
  5.691872E+00  4.866966E-06 -4.081790E-05
  5.761882E+00  4.030862E-06 -3.483481E-05
  5.832753E+00  3.330464E-06 -2.966873E-05
  5.904496E+00  2.745148E-06 -2.521716E-05
  5.977121E+00  2.257189E-06 -2.138917E-05
  6.050640E+00  1.851390E-06 -1.810428E-05
  6.125063E+00  1.514757E-06 -1.529137E-05
  6.200401E+00  1.236201E-06 -1.288779E-05
  6.276666E+00  1.006289E-06 -1.083841E-05
  6.353869E+00  8.170160E-07 -9.094857E-06
  6.432022E+00  6.616046E-07 -7.614793E-06
  6.511135E+00  5.343338E-07 -6.361218E-06
  6.591222E+00  4.303867E-07 -5.301886E-06
  6.672294E+00  3.457188E-07 -4.408760E-06
  6.754364E+00  2.769430E-07 -3.657516E-06
  6.837442E+00  2.212314E-07 -3.027106E-06
  6.921543E+00  1.762290E-07 -2.499355E-06
  7.006678E+00  1.399805E-07 -2.058614E-06
  7.092860E+00  1.108669E-07 -1.691437E-06
  7.180102E+00  8.755185E-08 -1.386302E-06
  7.268417E+00  6.893547E-08 -1.133361E-06
  7.357819E+00  5.411509E-08 -9.242165E-07
  7.448320E+00  4.235227E-08 -7.517288E-07
  7.539935E+00  3.304470E-08 -6.098419E-07
  7.632676E+00  2.570264E-08 -4.934333E-07
  7.726558E+00  1.992911E-08 -3.981816E-07
  7.821594E+00  1.540339E-08 -3.204509E-07
  7.917800E+00  1.186714E-08 -2.571909E-07
  8.015189E+00  9.112980E-09 -2.058493E-07
  8.113776E+00  6.974970E-09 -1.642965E-07
  8.213575E+00  5.320771E-09 -1.307609E-07
  8.314602E+00  4.045197E-09 -1.037729E-07
  8.416872E+00  3.064926E-09 -8.211662E-08
  8.520399E+00  2.314182E-09 -6.478948E-08
  8.625200E+00  1.741223E-09 -5.096699E-08
  8.731290E+00  1.305485E-09 -3.997322E-08
  8.838685E+00  9.752855E-10 -3.125570E-08
  8.947401E+00  7.259640E-10 -2.436429E-08
  9.057454E+00  5.383972E-10 -1.893330E-08
  9.168860E+00  3.978100E-10 -1.466666E-08
  9.281637E+00  2.928290E-10 -1.132535E-08
  9.395802E+00  2.147328E-10 -8.717078E-09
  9.511370E+00  1.568586E-10 -6.687634E-09
  9.628360E+00  1.141363E-10 -5.113746E-09
  9.746789E+00  8.272260E-11 -3.897209E-09
  9.866674E+00  5.971571E-11 -2.960047E-09
  9.988034E+00  4.293347E-11 -2.240557E-09
  1.011089E+01  3.074149E-11 -1.690083E-09
  1.023525E+01  2.192067E-11 -1.270389E-09
  1.036114E+01  1.556542E-11 -9.515317E-10
  1.048859E+01  1.100585E-11 -7.101485E-10
  1.061760E+01  7.748539E-12 -5.280749E-10
  1.074819E+01  5.431584E-12 -3.912399E-10
  1.088040E+01  3.790711E-12 -2.887836E-10
  1.101422E+01  2.633776E-12 -2.123558E-10
  1.114970E+01  1.821702E-12 -1.555601E-10
  1.128684E+01  1.254274E-12 -1.135152E-10
  1.142567E+01  8.596060E-13 -8.251098E-11
  1.156620E+01  5.863730E-13 -5.973795E-11
  1.170847E+01  3.980989E-13 -4.307733E-11
  1.185248E+01  2.689833E-13 -3.093755E-11
  1.199827E+01  1.808636E-13 -2.212790E-11
  1.214585E+01  1.210160E-13 -1.576123E-11
  1.229524E+01  8.057010E-14 -1.117926E-11
  1.244647E+01  5.337254E-14 -7.895629E-12
  1.259956E+01  3.517610E-14 -5.552503E-12
  1.275454E+01  2.306408E-14 -3.887729E-12
  1.291142E+01  1.504373E-14 -2.710100E-12
  1.307023E+01  9.760630E-15 -1.880758E-12
  1.323099E+01  6.299045E-15 -1.299317E-12
  1.339374E+01  4.043126E-15 -8.935273E-13
  1.355848E+01  2.580932E-15 -6.116265E-13
  1.372525E+01  1.638411E-15 -4.167023E-13
  1.389407E+01  1.034252E-15 -2.825540E-13
  1.406496E+01  6.491677E-16 -1.906722E-13
  1.423796E+01  4.051198E-16 -1.280437E-13
  1.441309E+01  2.513476E-16 -8.556328E-14
  1.459037E+01  1.550240E-16 -5.689167E-14
  1.476983E+01  9.504297E-17 -3.763700E-14
  1.495150E+01  5.791768E-17 -2.477184E-14
  1.513541E+01  0.000000E+00 -1.622008E-14
  1.532157E+01  0.000000E+00 -5.217463E-13
  1.551003E+01  0.000000E+00 -3.562021E-13
  1.570080E+01  0.000000E+00 -2.420280E-13
  1.589392E+01  0.000000E+00 -1.636599E-13
  1.608942E+01  0.000000E+00 -1.101289E-13
  1.628732E+01  0.000000E+00 -7.374363E-14
  1.648765E+01  0.000000E+00  0.000000E+00
  1.669045E+01  0.000000E+00  0.000000E+00
  1.689574E+01  0.000000E+00  0.000000E+00
  1.710356E+01  0.000000E+00  0.000000E+00
  1.731393E+01  0.000000E+00  0.000000E+00
  1.752689E+01  0.000000E+00  0.000000E+00
  1.774247E+01  0.000000E+00  0.000000E+00
  1.796071E+01  0.000000E+00  0.000000E+00
  1.818162E+01  0.000000E+00  0.000000E+00
  1.840526E+01  0.000000E+00  0.000000E+00
  1.863164E+01  0.000000E+00  0.000000E+00
  1.886081E+01  0.000000E+00  0.000000E+00
  1.909280E+01  0.000000E+00  0.000000E+00
  1.932764E+01  0.000000E+00  0.000000E+00
  1.956537E+01  0.000000E+00  0.000000E+00
  1.980602E+01  0.000000E+00  0.000000E+00
  2.004964E+01  0.000000E+00  0.000000E+00
  2.029625E+01  0.000000E+00  0.000000E+00
  2.054589E+01  0.000000E+00  0.000000E+00
  2.079861E+01  0.000000E+00  0.000000E+00
  2.105443E+01  0.000000E+00  0.000000E+00
  2.131340E+01  0.000000E+00  0.000000E+00
  2.157555E+01  0.000000E+00  0.000000E+00
  2.184093E+01  0.000000E+00  0.000000E+00
  2.210958E+01  0.000000E+00  0.000000E+00
  2.238152E+01  0.000000E+00  0.000000E+00
  2.265682E+01  0.000000E+00  0.000000E+00
  2.293550E+01  0.000000E+00  0.000000E+00
  2.321760E+01  0.000000E+00  0.000000E+00
  2.350318E+01  0.000000E+00  0.000000E+00
  2.379227E+01  0.000000E+00  0.000000E+00
  2.408491E+01  0.000000E+00  0.000000E+00
  2.438116E+01  0.000000E+00  0.000000E+00
  2.468105E+01  0.000000E+00  0.000000E+00
  2.498462E+01  0.000000E+00  0.000000E+00
  2.529193E+01  0.000000E+00  0.000000E+00
  2.560302E+01  0.000000E+00  0.000000E+00
  2.591794E+01  0.000000E+00  0.000000E+00
  2.623673E+01  0.000000E+00  0.000000E+00
  2.655944E+01  0.000000E+00  0.000000E+00
  2.688612E+01  0.000000E+00  0.000000E+00
  2.721682E+01  0.000000E+00  0.000000E+00
  2.755159E+01  0.000000E+00  0.000000E+00
  2.789048E+01  0.000000E+00  0.000000E+00
  2.823353E+01  0.000000E+00  0.000000E+00
  2.858080E+01  0.000000E+00  0.000000E+00
  2.893234E+01  0.000000E+00  0.000000E+00
  2.928821E+01  0.000000E+00  0.000000E+00
  2.964846E+01  0.000000E+00  0.000000E+00
  3.001313E+01  0.000000E+00  0.000000E+00
  3.038229E+01  0.000000E+00  0.000000E+00
  3.075600E+01  0.000000E+00  0.000000E+00
  3.113430E+01  0.000000E+00  0.000000E+00
  3.151725E+01  0.000000E+00  0.000000E+00
  3.190491E+01  0.000000E+00  0.000000E+00
  3.229734E+01  0.000000E+00  0.000000E+00
  3.269460E+01  0.000000E+00  0.000000E+00
  3.309674E+01  0.000000E+00  0.000000E+00
  3.350383E+01  0.000000E+00  0.000000E+00
  3.391593E+01  0.000000E+00  0.000000E+00
  3.433309E+01  0.000000E+00  0.000000E+00
  3.475539E+01  0.000000E+00  0.000000E+00
  3.518288E+01  0.000000E+00  0.000000E+00
  3.561563E+01  0.000000E+00  0.000000E+00
  3.605370E+01  0.000000E+00  0.000000E+00
  3.649716E+01  0.000000E+00  0.000000E+00
  3.694608E+01  0.000000E+00  0.000000E+00
  3.740052E+01  0.000000E+00  0.000000E+00
  3.786054E+01  0.000000E+00  0.000000E+00
  3.832623E+01  0.000000E+00  0.000000E+00
  3.879764E+01  0.000000E+00  0.000000E+00
  3.927485E+01  0.000000E+00  0.000000E+00
  3.975793E+01  0.000000E+00  0.000000E+00
  4.024695E+01  0.000000E+00  0.000000E+00
  4.074199E+01  0.000000E+00  0.000000E+00
  4.124312E+01  0.000000E+00  0.000000E+00
  4.175041E+01  0.000000E+00  0.000000E+00
  4.226394E+01  0.000000E+00  0.000000E+00
  4.278379E+01  0.000000E+00  0.000000E+00
  4.331003E+01  0.000000E+00  0.000000E+00
  4.384274E+01  0.000000E+00  0.000000E+00
  4.438200E+01  0.000000E+00  0.000000E+00
  4.492790E+01  0.000000E+00  0.000000E+00
  4.548052E+01  0.000000E+00  0.000000E+00
  4.603993E+01  0.000000E+00  0.000000E+00
  4.660622E+01  0.000000E+00  0.000000E+00
  4.717947E+01  0.000000E+00  0.000000E+00
  4.775978E+01  0.000000E+00  0.000000E+00
  4.834723E+01  0.000000E+00  0.000000E+00
  4.894190E+01  0.000000E+00  0.000000E+00
  4.954388E+01  0.000000E+00  0.000000E+00
  5.015327E+01  0.000000E+00  0.000000E+00
  5.077016E+01  0.000000E+00  0.000000E+00
  5.139463E+01  0.000000E+00  0.000000E+00
  5.202679E+01  0.000000E+00  0.000000E+00
  5.266672E+01  0.000000E+00  0.000000E+00
  5.331452E+01  0.000000E+00  0.000000E+00
  5.397028E+01  0.000000E+00  0.000000E+00
  5.463412E+01  0.000000E+00  0.000000E+00
  5.530612E+01  0.000000E+00  0.000000E+00
  5.598638E+01  0.000000E+00  0.000000E+00
  5.667502E+01  0.000000E+00  0.000000E+00
  5.737212E+01  0.000000E+00  0.000000E+00
  5.807780E+01  0.000000E+00  0.000000E+00
  5.879215E+01  0.000000E+00  0.000000E+00
  5.951530E+01  0.000000E+00  0.000000E+00
  6.024733E+01  0.000000E+00  0.000000E+00
  6.098838E+01  0.000000E+00  0.000000E+00
  6.173853E+01  0.000000E+00  0.000000E+00
  6.249792E+01  0.000000E+00  0.000000E+00
  6.326664E+01  0.000000E+00  0.000000E+00
  6.404482E+01  0.000000E+00  0.000000E+00
  6.483257E+01  0.000000E+00  0.000000E+00
  6.563001E+01  0.000000E+00  0.000000E+00
  6.643726E+01  0.000000E+00  0.000000E+00
  6.725444E+01  0.000000E+00  0.000000E+00
  6.808167E+01  0.000000E+00  0.000000E+00
  6.891908E+01  0.000000E+00  0.000000E+00
  6.976678E+01  0.000000E+00  0.000000E+00
  7.062491E+01  0.000000E+00  0.000000E+00
  7.149360E+01  0.000000E+00  0.000000E+00
  7.237297E+01  0.000000E+00  0.000000E+00
  7.326316E+01  0.000000E+00  0.000000E+00
  7.416429E+01  0.000000E+00  0.000000E+00
  7.507651E+01  0.000000E+00  0.000000E+00
  7.599996E+01  0.000000E+00  0.000000E+00
  7.693476E+01  0.000000E+00  0.000000E+00
  7.788105E+01  0.000000E+00  0.000000E+00
  7.883899E+01  0.000000E+00  0.000000E+00
