  1.116071E-04  1.328273E-09  4.174355E-06
  1.129799E-04  1.361149E-09  4.256973E-06
  1.143696E-04  1.394840E-09  4.341222E-06
  1.157763E-04  1.429364E-09  4.427133E-06
  1.172004E-04  1.464742E-09  4.514817E-06
  1.186419E-04  1.500997E-09  4.604465E-06
  1.201012E-04  1.538148E-09  4.696077E-06
  1.215785E-04  1.576219E-09  4.789700E-06
  1.230739E-04  1.615233E-09  4.885375E-06
  1.245877E-04  1.655212E-09  4.983143E-06
  1.261201E-04  1.696180E-09  5.083046E-06
  1.276714E-04  1.738163E-09  5.185127E-06
  1.292418E-04  1.781185E-09  5.289432E-06
  1.308314E-04  1.825272E-09  5.396004E-06
  1.324407E-04  1.870449E-09  5.504891E-06
  1.340697E-04  1.916745E-09  5.616139E-06
  1.357187E-04  1.964187E-09  5.729797E-06
  1.373881E-04  2.012803E-09  5.845913E-06
  1.390779E-04  2.062623E-09  5.964539E-06
  1.407886E-04  2.113676E-09  6.085725E-06
  1.425203E-04  2.165992E-09  6.209525E-06
  1.442733E-04  2.219603E-09  6.335991E-06
  1.460479E-04  2.274541E-09  6.465179E-06
  1.478442E-04  2.330839E-09  6.597145E-06
  1.496627E-04  2.388530E-09  6.731947E-06
  1.515036E-04  2.447649E-09  6.869642E-06
  1.533671E-04  2.508232E-09  7.010290E-06
  1.552535E-04  2.570314E-09  7.153953E-06
  1.571631E-04  2.633932E-09  7.300694E-06
  1.590962E-04  2.699125E-09  7.450575E-06
  1.610531E-04  2.765932E-09  7.603662E-06
  1.630341E-04  2.834393E-09  7.760021E-06
  1.650394E-04  2.904547E-09  7.919721E-06
  1.670694E-04  2.976439E-09  8.082832E-06
  1.691243E-04  3.050109E-09  8.249423E-06
  1.712045E-04  3.125604E-09  8.419568E-06
  1.733104E-04  3.202966E-09  8.593340E-06
  1.754421E-04  3.282244E-09  8.770816E-06
  1.776000E-04  3.363484E-09  8.952073E-06
  1.797845E-04  3.446734E-09  9.137189E-06
  1.819958E-04  3.532045E-09  9.326245E-06
  1.842344E-04  3.619468E-09  9.519324E-06
  1.865005E-04  3.709055E-09  9.716510E-06
  1.887944E-04  3.800858E-09  9.917889E-06
  1.911166E-04  3.894935E-09  1.012355E-05
  1.934673E-04  3.991339E-09  1.033358E-05
  1.958470E-04  4.090130E-09  1.054807E-05
  1.982559E-04  4.191366E-09  1.076712E-05
  2.006944E-04  4.295108E-09  1.099082E-05
  2.031630E-04  4.401417E-09  1.121927E-05
  2.056619E-04  4.510358E-09  1.145257E-05
  2.081915E-04  4.621995E-09  1.169082E-05
  2.107523E-04  4.736396E-09  1.193412E-05
  2.133445E-04  4.853627E-09  1.218259E-05
  2.159687E-04  4.973761E-09  1.243632E-05
  2.186251E-04  5.096868E-09  1.269544E-05
  2.213142E-04  5.223022E-09  1.296006E-05
  2.240364E-04  5.352299E-09  1.323028E-05
  2.267920E-04  5.484775E-09  1.350623E-05
  2.295815E-04  5.620530E-09  1.378804E-05
  2.324054E-04  5.759645E-09  1.407582E-05
  2.352640E-04  5.902204E-09  1.436969E-05
  2.381577E-04  6.048291E-09  1.466980E-05
  2.410871E-04  6.197994E-09  1.497627E-05
  2.440524E-04  6.351403E-09  1.528923E-05
  2.470543E-04  6.508608E-09  1.560882E-05
  2.500930E-04  6.669705E-09  1.593519E-05
  2.531692E-04  6.834788E-09  1.626847E-05
  2.562832E-04  7.003958E-09  1.660882E-05
  2.594355E-04  7.177315E-09  1.695638E-05
  2.626265E-04  7.354963E-09  1.731130E-05
  2.658568E-04  7.537008E-09  1.767375E-05
  2.691269E-04  7.723559E-09  1.804387E-05
  2.724371E-04  7.914727E-09  1.842184E-05
  2.757881E-04  8.110626E-09  1.880782E-05
  2.791803E-04  8.311375E-09  1.920198E-05
  2.826142E-04  8.517092E-09  1.960450E-05
  2.860904E-04  8.727901E-09  2.001554E-05
  2.896093E-04  8.943928E-09  2.043530E-05
  2.931715E-04  9.165302E-09  2.086396E-05
  2.967775E-04  9.392155E-09  2.130170E-05
  3.004278E-04  9.624623E-09  2.174873E-05
  3.041231E-04  9.862845E-09  2.220523E-05
  3.078638E-04  1.010696E-08  2.267141E-05
  3.116505E-04  1.035712E-08  2.314748E-05
  3.154838E-04  1.061348E-08  2.363364E-05
  3.193643E-04  1.087617E-08  2.413012E-05
  3.232925E-04  1.114537E-08  2.463712E-05
  3.272690E-04  1.142123E-08  2.515489E-05
  3.312944E-04  1.170392E-08  2.568363E-05
  3.353693E-04  1.199361E-08  2.622360E-05
  3.394943E-04  1.229047E-08  2.677502E-05
  3.436701E-04  1.259467E-08  2.733814E-05
  3.478973E-04  1.290641E-08  2.791322E-05
  3.521764E-04  1.322586E-08  2.850051E-05
  3.565082E-04  1.355322E-08  2.910026E-05
  3.608932E-04  1.388868E-08  2.971275E-05
  3.653322E-04  1.423244E-08  3.033824E-05
  3.698258E-04  1.458471E-08  3.097702E-05
  3.743747E-04  1.494570E-08  3.162937E-05
  3.789795E-04  1.531563E-08  3.229557E-05
  3.836409E-04  1.569471E-08  3.297593E-05
  3.883597E-04  1.608317E-08  3.367075E-05
  3.931365E-04  1.648125E-08  3.438033E-05
  3.979721E-04  1.688918E-08  3.510500E-05
  4.028672E-04  1.730721E-08  3.584507E-05
  4.078224E-04  1.773559E-08  3.660088E-05
  4.128386E-04  1.817457E-08  3.737277E-05
  4.179165E-04  1.862441E-08  3.816107E-05
  4.230569E-04  1.908539E-08  3.896614E-05
  4.282605E-04  1.955778E-08  3.978833E-05
  4.335281E-04  2.004186E-08  4.062803E-05
  4.388605E-04  2.053792E-08  4.148559E-05
  4.442585E-04  2.104626E-08  4.236141E-05
  4.497229E-04  2.156718E-08  4.325587E-05
  4.552545E-04  2.210100E-08  4.416938E-05
  4.608541E-04  2.264802E-08  4.510235E-05
  4.665226E-04  2.320859E-08  4.605519E-05
  4.722608E-04  2.378304E-08  4.702833E-05
  4.780697E-04  2.437170E-08  4.802220E-05
  4.839499E-04  2.497493E-08  4.903725E-05
  4.899025E-04  2.559309E-08  5.007394E-05
  4.959283E-04  2.622655E-08  5.113273E-05
  5.020282E-04  2.687569E-08  5.221410E-05
  5.082032E-04  2.754090E-08  5.331853E-05
  5.144541E-04  2.822257E-08  5.444652E-05
  5.207818E-04  2.892112E-08  5.559857E-05
  5.271875E-04  2.963695E-08  5.677521E-05
  5.336719E-04  3.037051E-08  5.797696E-05
  5.402360E-04  3.112222E-08  5.920436E-05
  5.468809E-04  3.189253E-08  6.045796E-05
  5.536076E-04  3.268191E-08  6.173833E-05
  5.604169E-04  3.349083E-08  6.304605E-05
  5.673101E-04  3.431977E-08  6.438171E-05
  5.742880E-04  3.516923E-08  6.574590E-05
  5.813517E-04  3.603972E-08  6.713924E-05
  5.885024E-04  3.693175E-08  6.856237E-05
  5.957409E-04  3.784585E-08  7.001592E-05
  6.030685E-04  3.878259E-08  7.150054E-05
  6.104863E-04  3.974251E-08  7.301692E-05
  6.179953E-04  4.072619E-08  7.456573E-05
  6.255966E-04  4.173421E-08  7.614767E-05
  6.332914E-04  4.276719E-08  7.776347E-05
  6.410809E-04  4.382573E-08  7.941384E-05
  6.489662E-04  4.491048E-08  8.109955E-05
  6.569485E-04  4.602207E-08  8.282134E-05
  6.650290E-04  4.716117E-08  8.458000E-05
  6.732088E-04  4.832847E-08  8.637633E-05
  6.814893E-04  4.952467E-08  8.821113E-05
  6.898716E-04  5.075047E-08  9.008525E-05
  6.983570E-04  5.200661E-08  9.199953E-05
  7.069468E-04  5.329384E-08  9.395484E-05
  7.156423E-04  5.461293E-08  9.595206E-05
  7.244447E-04  5.596467E-08  9.799211E-05
  7.333554E-04  5.734987E-08  1.000759E-04
  7.423756E-04  5.876935E-08  1.022044E-04
  7.515068E-04  6.022397E-08  1.043786E-04
  7.607504E-04  6.171459E-08  1.065994E-04
  7.701076E-04  6.324211E-08  1.088678E-04
  7.795799E-04  6.480743E-08  1.111850E-04
  7.891688E-04  6.641150E-08  1.135519E-04
  7.988755E-04  6.805527E-08  1.159696E-04
  8.087017E-04  6.973973E-08  1.184392E-04
  8.186487E-04  7.146588E-08  1.209619E-04
  8.287181E-04  7.323475E-08  1.235388E-04
  8.389114E-04  7.504741E-08  1.261710E-04
  8.492300E-04  7.690493E-08  1.288598E-04
  8.596755E-04  7.880842E-08  1.316065E-04
  8.702495E-04  8.075903E-08  1.344121E-04
  8.809536E-04  8.275793E-08  1.372781E-04
  8.917893E-04  8.480629E-08  1.402057E-04
  9.027583E-04  8.690536E-08  1.431963E-04
  9.138622E-04  8.905638E-08  1.462512E-04
  9.251027E-04  9.126064E-08  1.493718E-04
  9.364815E-04  9.351946E-08  1.525596E-04
  9.480002E-04  9.583419E-08  1.558159E-04
  9.596606E-04  9.820621E-08  1.591424E-04
  9.714644E-04  1.006369E-07  1.625405E-04
  9.834135E-04  1.031278E-07  1.660117E-04
  9.955094E-04  1.056804E-07  1.695577E-04
  1.007754E-03  1.082961E-07  1.731801E-04
  1.020150E-03  1.109766E-07  1.768805E-04
  1.032697E-03  1.137234E-07  1.806605E-04
  1.045400E-03  1.165382E-07  1.845221E-04
  1.058258E-03  1.194227E-07  1.884668E-04
  1.071275E-03  1.223785E-07  1.924966E-04
  1.084451E-03  1.254076E-07  1.966132E-04
  1.097790E-03  1.285116E-07  2.008186E-04
  1.111293E-03  1.316924E-07  2.051146E-04
  1.124962E-03  1.349520E-07  2.095032E-04
  1.138799E-03  1.382922E-07  2.139865E-04
  1.152806E-03  1.417151E-07  2.185665E-04
  1.166986E-03  1.452227E-07  2.232452E-04
  1.181339E-03  1.488172E-07  2.280249E-04
  1.195870E-03  1.525006E-07  2.329076E-04
  1.210579E-03  1.562752E-07  2.378957E-04
  1.225469E-03  1.601432E-07  2.429915E-04
  1.240543E-03  1.641070E-07  2.481971E-04
  1.255801E-03  1.681689E-07  2.535152E-04
  1.271248E-03  1.723313E-07  2.589480E-04
  1.286884E-03  1.765967E-07  2.644980E-04
  1.302713E-03  1.809677E-07  2.701679E-04
  1.318736E-03  1.854469E-07  2.759601E-04
  1.334956E-03  1.900369E-07  2.818774E-04
  1.351376E-03  1.947406E-07  2.879224E-04
  1.367998E-03  1.995607E-07  2.940979E-04
  1.384825E-03  2.045001E-07  3.004067E-04
  1.401858E-03  2.095617E-07  3.068518E-04
  1.419101E-03  2.147486E-07  3.134360E-04
  1.436556E-03  2.200640E-07  3.201624E-04
  1.454225E-03  2.255108E-07  3.270340E-04
  1.472112E-03  2.310925E-07  3.340541E-04
  1.490219E-03  2.368124E-07  3.412257E-04
  1.508549E-03  2.426738E-07  3.485521E-04
  1.527104E-03  2.486803E-07  3.560368E-04
  1.545888E-03  2.548354E-07  3.636831E-04
  1.564902E-03  2.611430E-07  3.714945E-04
  1.584150E-03  2.676066E-07  3.794746E-04
  1.603635E-03  2.742302E-07  3.876270E-04
  1.623360E-03  2.810178E-07  3.959554E-04
  1.643327E-03  2.879733E-07  4.044637E-04
  1.663540E-03  2.951011E-07  4.131556E-04
  1.684002E-03  3.024052E-07  4.220352E-04
  1.704715E-03  3.098901E-07  4.311065E-04
  1.725683E-03  3.175603E-07  4.403736E-04
  1.746909E-03  3.254204E-07  4.498408E-04
  1.768396E-03  3.334750E-07  4.595123E-04
  1.790147E-03  3.417289E-07  4.693925E-04
  1.812166E-03  3.501872E-07  4.794860E-04
  1.834456E-03  3.588548E-07  4.897972E-04
  1.857020E-03  3.677369E-07  5.003309E-04
  1.879861E-03  3.768389E-07  5.110919E-04
  1.902983E-03  3.861662E-07  5.220850E-04
  1.926390E-03  3.957243E-07  5.333152E-04
  1.950084E-03  4.055190E-07  5.447876E-04
  1.974070E-03  4.155562E-07  5.565074E-04
  1.998352E-03  4.258417E-07  5.684798E-04
  2.022931E-03  4.363819E-07  5.807103E-04
  2.047813E-03  4.471829E-07  5.932044E-04
  2.073001E-03  4.582513E-07  6.059677E-04
  2.098499E-03  4.695937E-07  6.190060E-04
  2.124311E-03  4.812168E-07  6.323251E-04
  2.150440E-03  4.931275E-07  6.459311E-04
  2.176890E-03  5.053331E-07  6.598300E-04
  2.203666E-03  5.178408E-07  6.740280E-04
  2.230771E-03  5.306581E-07  6.885317E-04
  2.258210E-03  5.437926E-07  7.033474E-04
  2.285986E-03  5.572522E-07  7.184818E-04
  2.314103E-03  5.710450E-07  7.339416E-04
  2.342567E-03  5.851791E-07  7.497338E-04
  2.371380E-03  5.996631E-07  7.658654E-04
  2.400548E-03  6.145056E-07  7.823436E-04
  2.430075E-03  6.297154E-07  7.991757E-04
  2.459965E-03  6.453018E-07  8.163693E-04
  2.490222E-03  6.612739E-07  8.339320E-04
  2.520852E-03  6.776413E-07  8.518715E-04
  2.551859E-03  6.944139E-07  8.701958E-04
  2.583247E-03  7.116016E-07  8.889130E-04
  2.615020E-03  7.292147E-07  9.080315E-04
  2.647185E-03  7.472638E-07  9.275596E-04
  2.679746E-03  7.657597E-07  9.475059E-04
  2.712706E-03  7.847133E-07  9.678793E-04
  2.746073E-03  8.041361E-07  9.886886E-04
  2.779849E-03  8.240396E-07  1.009943E-03
  2.814042E-03  8.444357E-07  1.031652E-03
  2.848654E-03  8.653367E-07  1.053825E-03
  2.883693E-03  8.867550E-07  1.076471E-03
  2.919162E-03  9.087034E-07  1.099601E-03
  2.955068E-03  9.311952E-07  1.123225E-03
  2.991415E-03  9.542436E-07  1.147352E-03
  3.028210E-03  9.778625E-07  1.171994E-03
  3.065457E-03  1.002066E-06  1.197161E-03
  3.103162E-03  1.026869E-06  1.222864E-03
  3.141331E-03  1.052285E-06  1.249113E-03
  3.179969E-03  1.078331E-06  1.275921E-03
  3.219083E-03  1.105021E-06  1.303299E-03
  3.258677E-03  1.132372E-06  1.331259E-03
  3.298759E-03  1.160400E-06  1.359812E-03
  3.339334E-03  1.189121E-06  1.388970E-03
  3.380408E-03  1.218554E-06  1.418747E-03
  3.421987E-03  1.248715E-06  1.449155E-03
  3.464077E-03  1.279622E-06  1.480207E-03
  3.506685E-03  1.311295E-06  1.511915E-03
  3.549817E-03  1.343751E-06  1.544294E-03
  3.593480E-03  1.377011E-06  1.577357E-03
  3.637680E-03  1.411094E-06  1.611118E-03
  3.682423E-03  1.446021E-06  1.645591E-03
  3.727717E-03  1.481812E-06  1.680790E-03
  3.773568E-03  1.518489E-06  1.716731E-03
  3.819983E-03  1.556074E-06  1.753428E-03
  3.866969E-03  1.594589E-06  1.790896E-03
  3.914533E-03  1.634058E-06  1.829151E-03
  3.962681E-03  1.674503E-06  1.868209E-03
  4.011422E-03  1.715950E-06  1.908086E-03
  4.060763E-03  1.758422E-06  1.948798E-03
  4.110710E-03  1.801946E-06  1.990362E-03
  4.161272E-03  1.846547E-06  2.032795E-03
  4.212456E-03  1.892252E-06  2.076114E-03
  4.264269E-03  1.939088E-06  2.120337E-03
  4.316719E-03  1.987084E-06  2.165482E-03
  4.369815E-03  2.036267E-06  2.211566E-03
  4.423564E-03  2.086668E-06  2.258608E-03
  4.477973E-03  2.138316E-06  2.306628E-03
  4.533053E-03  2.191243E-06  2.355644E-03
  4.588809E-03  2.245480E-06  2.405676E-03
  4.645251E-03  2.301059E-06  2.456744E-03
  4.702388E-03  2.358014E-06  2.508867E-03
  4.760227E-03  2.416379E-06  2.562067E-03
  4.818778E-03  2.476188E-06  2.616363E-03
  4.878049E-03  2.537478E-06  2.671779E-03
  4.938049E-03  2.600285E-06  2.728334E-03
  4.998787E-03  2.664646E-06  2.786050E-03
  5.060272E-03  2.730601E-06  2.844951E-03
  5.122514E-03  2.798188E-06  2.905059E-03
  5.185521E-03  2.867448E-06  2.966396E-03
  5.249302E-03  2.938422E-06  3.028986E-03
  5.313869E-03  3.011153E-06  3.092852E-03
  5.379229E-03  3.085685E-06  3.158020E-03
  5.445394E-03  3.162061E-06  3.224512E-03
  5.512372E-03  3.240327E-06  3.292355E-03
  5.580175E-03  3.320531E-06  3.361572E-03
  5.648811E-03  3.402720E-06  3.432191E-03
  5.718291E-03  3.486944E-06  3.504236E-03
  5.788626E-03  3.573252E-06  3.577735E-03
  5.859826E-03  3.661696E-06  3.652713E-03
  5.931902E-03  3.752330E-06  3.729199E-03
  6.004864E-03  3.845207E-06  3.807219E-03
  6.078724E-03  3.940383E-06  3.886802E-03
  6.153493E-03  4.037915E-06  3.967975E-03
  6.229180E-03  4.137861E-06  4.050769E-03
  6.305799E-03  4.240281E-06  4.135211E-03
  6.383361E-03  4.345237E-06  4.221331E-03
  6.461876E-03  4.452790E-06  4.309159E-03
  6.541357E-03  4.563005E-06  4.398726E-03
  6.621816E-03  4.675948E-06  4.490062E-03
  6.703264E-03  4.791688E-06  4.583199E-03
  6.785714E-03  4.910291E-06  4.678167E-03
  6.869179E-03  5.031831E-06  4.774999E-03
  6.953669E-03  5.156379E-06  4.873727E-03
  7.039200E-03  5.284010E-06  4.974384E-03
  7.125782E-03  5.414801E-06  5.077003E-03
  7.213429E-03  5.548829E-06  5.181617E-03
  7.302154E-03  5.686174E-06  5.288260E-03
  7.391971E-03  5.826919E-06  5.396967E-03
  7.482892E-03  5.971148E-06  5.507772E-03
  7.574931E-03  6.118947E-06  5.620710E-03
  7.668103E-03  6.270404E-06  5.735816E-03
  7.762421E-03  6.425611E-06  5.853127E-03
  7.857898E-03  6.584659E-06  5.972678E-03
  7.954551E-03  6.747645E-06  6.094505E-03
  8.052392E-03  6.914665E-06  6.218646E-03
  8.151436E-03  7.085819E-06  6.345138E-03
  8.251699E-03  7.261210E-06  6.474018E-03
  8.353195E-03  7.440942E-06  6.605324E-03
  8.455939E-03  7.625123E-06  6.739094E-03
  8.559947E-03  7.813864E-06  6.875366E-03
  8.665234E-03  8.007276E-06  7.014180E-03
  8.771817E-03  8.205476E-06  7.155574E-03
  8.879710E-03  8.408583E-06  7.299588E-03
  8.988930E-03  8.616717E-06  7.446260E-03
  9.099494E-03  8.830003E-06  7.595632E-03
  9.211418E-03  9.048569E-06  7.747742E-03
  9.324718E-03  9.272545E-06  7.902632E-03
  9.439413E-03  9.502065E-06  8.060341E-03
  9.555517E-03  9.737268E-06  8.220910E-03
  9.673050E-03  9.978292E-06  8.384381E-03
  9.792029E-03  1.022528E-05  8.550793E-03
  9.912471E-03  1.047839E-05  8.720189E-03
  1.003439E-02  1.073776E-05  8.892609E-03
  1.015782E-02  1.100355E-05  9.068095E-03
  1.028276E-02  1.127592E-05  9.246689E-03
  1.040924E-02  1.155503E-05  9.428430E-03
  1.053727E-02  1.184105E-05  9.613362E-03
  1.066688E-02  1.213416E-05  9.801526E-03
  1.079808E-02  1.243452E-05  9.992963E-03
  1.093090E-02  1.274231E-05  1.018771E-02
  1.106535E-02  1.305772E-05  1.038582E-02
  1.120145E-02  1.338094E-05  1.058732E-02
  1.133923E-02  1.371217E-05  1.079227E-02
  1.147870E-02  1.405159E-05  1.100069E-02
  1.161989E-02  1.439941E-05  1.121263E-02
  1.176281E-02  1.475585E-05  1.142813E-02
  1.190750E-02  1.512111E-05  1.164723E-02
  1.205396E-02  1.549541E-05  1.186997E-02
  1.220222E-02  1.587898E-05  1.209639E-02
  1.235231E-02  1.627204E-05  1.232653E-02
  1.250424E-02  1.667484E-05  1.256042E-02
  1.265805E-02  1.708760E-05  1.279811E-02
  1.281374E-02  1.751059E-05  1.303964E-02
  1.297135E-02  1.794405E-05  1.328503E-02
  1.313090E-02  1.838823E-05  1.353433E-02
  1.329241E-02  1.884342E-05  1.378758E-02
  1.345590E-02  1.930987E-05  1.404479E-02
  1.362141E-02  1.978787E-05  1.430602E-02
  1.378895E-02  2.027771E-05  1.457130E-02
  1.395856E-02  2.077967E-05  1.484065E-02
  1.413025E-02  2.129406E-05  1.511411E-02
  1.430405E-02  2.182118E-05  1.539171E-02
  1.447999E-02  2.236136E-05  1.567347E-02
  1.465809E-02  2.291491E-05  1.595943E-02
  1.483839E-02  2.348216E-05  1.624962E-02
  1.502090E-02  2.406346E-05  1.654405E-02
  1.520566E-02  2.465915E-05  1.684275E-02
  1.539269E-02  2.526959E-05  1.714575E-02
  1.558202E-02  2.589514E-05  1.745307E-02
  1.577368E-02  2.653618E-05  1.776472E-02
  1.596769E-02  2.719309E-05  1.808072E-02
  1.616409E-02  2.786627E-05  1.840110E-02
  1.636291E-02  2.855611E-05  1.872585E-02
  1.656418E-02  2.926304E-05  1.905501E-02
  1.676792E-02  2.998747E-05  1.938857E-02
  1.697416E-02  3.072983E-05  1.972654E-02
  1.718294E-02  3.149058E-05  2.006894E-02
  1.739429E-02  3.227017E-05  2.041576E-02
  1.760824E-02  3.306905E-05  2.076700E-02
  1.782483E-02  3.388772E-05  2.112267E-02
  1.804407E-02  3.472666E-05  2.148275E-02
  1.826601E-02  3.558638E-05  2.184725E-02
  1.849068E-02  3.646738E-05  2.221614E-02
  1.871812E-02  3.737020E-05  2.258943E-02
  1.894835E-02  3.829538E-05  2.296709E-02
  1.918142E-02  3.924346E-05  2.334911E-02
  1.941735E-02  4.021502E-05  2.373545E-02
  1.965618E-02  4.121064E-05  2.412610E-02
  1.989795E-02  4.223092E-05  2.452103E-02
  2.014270E-02  4.327647E-05  2.492020E-02
  2.039045E-02  4.434790E-05  2.532358E-02
  2.064126E-02  4.544587E-05  2.573112E-02
  2.089514E-02  4.657103E-05  2.614278E-02
  2.115215E-02  4.772406E-05  2.655851E-02
  2.141233E-02  4.890564E-05  2.697825E-02
  2.167570E-02  5.011649E-05  2.740195E-02
  2.194231E-02  5.135732E-05  2.782955E-02
  2.221220E-02  5.262889E-05  2.826097E-02
  2.248541E-02  5.393195E-05  2.869615E-02
  2.276198E-02  5.526728E-05  2.913500E-02
  2.304195E-02  5.663569E-05  2.957744E-02
  2.332537E-02  5.803799E-05  3.002339E-02
  2.361227E-02  5.947502E-05  3.047274E-02
  2.390270E-02  6.094765E-05  3.092540E-02
  2.419670E-02  6.245676E-05  3.138127E-02
  2.449432E-02  6.400325E-05  3.184023E-02
  2.479560E-02  6.558804E-05  3.230216E-02
  2.510059E-02  6.721209E-05  3.276694E-02
  2.540933E-02  6.887638E-05  3.323444E-02
  2.572186E-02  7.058189E-05  3.370451E-02
  2.603824E-02  7.232966E-05  3.417702E-02
  2.635851E-02  7.412072E-05  3.465182E-02
  2.668272E-02  7.595615E-05  3.512874E-02
  2.701092E-02  7.783706E-05  3.560762E-02
  2.734315E-02  7.976457E-05  3.608828E-02
  2.767947E-02  8.173983E-05  3.657055E-02
  2.801993E-02  8.376403E-05  3.705423E-02
  2.836458E-02  8.583839E-05  3.753913E-02
  2.871346E-02  8.796414E-05  3.802504E-02
  2.906663E-02  9.014257E-05  3.851176E-02
  2.942415E-02  9.237498E-05  3.899905E-02
  2.978607E-02  9.466271E-05  3.948669E-02
  3.015244E-02  9.700713E-05  3.997444E-02
  3.052332E-02  9.940965E-05  4.046206E-02
  3.089875E-02  1.018717E-04  4.094928E-02
  3.127881E-02  1.043948E-04  4.143583E-02
  3.166354E-02  1.069804E-04  4.192146E-02
  3.205300E-02  1.096301E-04  4.240586E-02
  3.244725E-02  1.123454E-04  4.288875E-02
  3.284635E-02  1.151281E-04  4.336982E-02
  3.325036E-02  1.179798E-04  4.384876E-02
  3.365934E-02  1.209021E-04  4.432525E-02
  3.407335E-02  1.238969E-04  4.479895E-02
  3.449245E-02  1.269659E-04  4.526952E-02
  3.491671E-02  1.301110E-04  4.573662E-02
  3.534618E-02  1.333340E-04  4.619986E-02
  3.578094E-02  1.366370E-04  4.665889E-02
  3.622105E-02  1.400219E-04  4.711332E-02
  3.666657E-02  1.434907E-04  4.756275E-02
  3.711757E-02  1.470455E-04  4.800678E-02
  3.757411E-02  1.506885E-04  4.844500E-02
  3.803627E-02  1.544218E-04  4.887698E-02
  3.850412E-02  1.582478E-04  4.930228E-02
  3.897772E-02  1.621685E-04  4.972046E-02
  3.945715E-02  1.661866E-04  5.013107E-02
  3.994247E-02  1.703043E-04  5.053363E-02
  4.043376E-02  1.745242E-04  5.092766E-02
  4.093110E-02  1.788487E-04  5.131269E-02
  4.143455E-02  1.832805E-04  5.168821E-02
  4.194419E-02  1.878223E-04  5.205372E-02
  4.246011E-02  1.924767E-04  5.240870E-02
  4.298237E-02  1.972467E-04  5.275262E-02
  4.351105E-02  2.021350E-04  5.308494E-02
  4.404624E-02  2.071446E-04  5.340512E-02
  4.458801E-02  2.122786E-04  5.371260E-02
  4.513644E-02  2.175400E-04  5.400682E-02
  4.569162E-02  2.229319E-04  5.428721E-02
  4.625362E-02  2.284578E-04  5.455317E-02
  4.682254E-02  2.341208E-04  5.480413E-02
  4.739846E-02  2.399244E-04  5.503949E-02
  4.798146E-02  2.458721E-04  5.525863E-02
  4.857163E-02  2.519675E-04  5.546094E-02
  4.916906E-02  2.582142E-04  5.564582E-02
  4.977384E-02  2.646162E-04  5.581262E-02
  5.038606E-02  2.711771E-04  5.596073E-02
  5.100581E-02  2.779010E-04  5.608949E-02
  5.163318E-02  2.847919E-04  5.619828E-02
  5.226827E-02  2.918540E-04  5.628643E-02
  5.291117E-02  2.990917E-04  5.635332E-02
  5.356198E-02  3.065091E-04  5.639827E-02
  5.422079E-02  3.141109E-04  5.642065E-02
  5.488771E-02  3.219017E-04  5.641978E-02
  5.556282E-02  3.298861E-04  5.639501E-02
  5.624625E-02  3.380690E-04  5.634569E-02
  5.693808E-02  3.464554E-04  5.627115E-02
  5.763841E-02  3.550503E-04  5.617074E-02
  5.834737E-02  3.638590E-04  5.604380E-02
  5.906504E-02  3.728868E-04  5.588969E-02
  5.979154E-02  3.821392E-04  5.570776E-02
  6.052697E-02  3.916217E-04  5.549736E-02
  6.127146E-02  4.013402E-04  5.525785E-02
  6.202510E-02  4.113006E-04  5.498862E-02
  6.278800E-02  4.215088E-04  5.468903E-02
  6.356030E-02  4.319712E-04  5.435847E-02
  6.434209E-02  4.426941E-04  5.399635E-02
  6.513350E-02  4.536840E-04  5.360207E-02
  6.593464E-02  4.649476E-04  5.317505E-02
  6.674563E-02  4.764918E-04  5.271472E-02
  6.756661E-02  4.883235E-04  5.222054E-02
  6.839767E-02  5.004501E-04  5.169198E-02
  6.923897E-02  5.128789E-04  5.112852E-02
  7.009061E-02  5.256175E-04  5.052965E-02
  7.095272E-02  5.386737E-04  4.989492E-02
  7.182544E-02  5.520555E-04  4.922385E-02
  7.270889E-02  5.657710E-04  4.851602E-02
  7.360321E-02  5.798287E-04  4.777102E-02
  7.450853E-02  5.942371E-04  4.698847E-02
  7.542498E-02  6.090051E-04  4.616802E-02
  7.635271E-02  6.241417E-04  4.530935E-02
  7.729185E-02  6.396562E-04  4.441216E-02
  7.824254E-02  6.555582E-04  4.347618E-02
  7.920492E-02  6.718573E-04  4.250120E-02
  8.017914E-02  6.885637E-04  4.148702E-02
  8.116535E-02  7.056875E-04  4.043349E-02
  8.216368E-02  7.232394E-04  3.934049E-02
  8.317429E-02  7.412301E-04  3.820794E-02
  8.419734E-02  7.596707E-04  3.703582E-02
  8.523297E-02  7.785726E-04  3.582414E-02
  8.628133E-02  7.979475E-04  3.457294E-02
  8.734259E-02  8.178073E-04  3.328233E-02
  8.841691E-02  8.381643E-04  3.195247E-02
  8.950443E-02  8.590311E-04  3.058355E-02
  9.060534E-02  8.804206E-04  2.917582E-02
  9.171978E-02  9.023460E-04  2.772960E-02
  9.284794E-02  9.248211E-04  2.624524E-02
  9.398997E-02  9.478597E-04  2.472317E-02
  9.514604E-02  9.714761E-04  2.316385E-02
  9.631634E-02  9.956850E-04  2.156781E-02
  9.750103E-02  1.020502E-03  1.993566E-02
  9.870029E-02  1.045941E-03  1.826806E-02
  9.991431E-02  1.072020E-03  1.656571E-02
  1.011433E-01  1.098753E-03  1.482941E-02
  1.023873E-01  1.126159E-03  1.306000E-02
  1.036467E-01  1.154254E-03  1.125841E-02
  1.049215E-01  1.183055E-03  9.425609E-03
  1.062121E-01  1.212581E-03  7.562662E-03
  1.075185E-01  1.242850E-03  5.670689E-03
  1.088410E-01  1.273882E-03  3.750884E-03
  1.101797E-01  1.305695E-03  1.804513E-03
  1.115349E-01  1.338310E-03 -1.670892E-04
  1.129068E-01  1.371747E-03 -2.162512E-03
  1.142955E-01  1.406028E-03 -4.180273E-03
  1.157014E-01  1.441174E-03 -6.218818E-03
  1.171245E-01  1.477208E-03 -8.276519E-03
  1.185651E-01  1.514151E-03 -1.035167E-02
  1.200235E-01  1.552029E-03 -1.244251E-02
  1.214998E-01  1.590864E-03 -1.454718E-02
  1.229942E-01  1.630681E-03 -1.666376E-02
  1.245070E-01  1.671506E-03 -1.879026E-02
  1.260385E-01  1.713366E-03 -2.092462E-02
  1.275888E-01  1.756285E-03 -2.306471E-02
  1.291581E-01  1.800293E-03 -2.520832E-02
  1.307467E-01  1.845418E-03 -2.735318E-02
  1.323549E-01  1.891687E-03 -2.949695E-02
  1.339829E-01  1.939132E-03 -3.163723E-02
  1.356309E-01  1.987782E-03 -3.377155E-02
  1.372991E-01  2.037669E-03 -3.589738E-02
  1.389879E-01  2.088826E-03 -3.801213E-02
  1.406975E-01  2.141285E-03 -4.011315E-02
  1.424281E-01  2.195081E-03 -4.219773E-02
  1.441799E-01  2.250248E-03 -4.426312E-02
  1.459533E-01  2.306822E-03 -4.630650E-02
  1.477486E-01  2.364841E-03 -4.832502E-02
  1.495659E-01  2.424342E-03 -5.031578E-02
  1.514055E-01  2.485364E-03 -5.227582E-02
  1.532678E-01  2.547948E-03 -5.420217E-02
  1.551530E-01  2.612135E-03 -5.609181E-02
  1.570614E-01  2.677966E-03 -5.794168E-02
  1.589932E-01  2.745486E-03 -5.974871E-02
  1.609489E-01  2.814739E-03 -6.150979E-02
  1.629285E-01  2.885771E-03 -6.322182E-02
  1.649326E-01  2.958630E-03 -6.488166E-02
  1.669612E-01  3.033365E-03 -6.648616E-02
  1.690148E-01  3.110025E-03 -6.803218E-02
  1.710937E-01  3.188661E-03 -6.951658E-02
  1.731982E-01  3.269328E-03 -7.093622E-02
  1.753285E-01  3.352078E-03 -7.228799E-02
  1.774851E-01  3.436970E-03 -7.356878E-02
  1.796681E-01  3.524059E-03 -7.477552E-02
  1.818780E-01  3.613405E-03 -7.590515E-02
  1.841151E-01  3.705070E-03 -7.695467E-02
  1.863798E-01  3.799116E-03 -7.792112E-02
  1.886722E-01  3.895608E-03 -7.880159E-02
  1.909929E-01  3.994613E-03 -7.959323E-02
  1.933421E-01  4.096199E-03 -8.029324E-02
  1.957202E-01  4.200437E-03 -8.089891E-02
  1.981276E-01  4.307399E-03 -8.140760E-02
  2.005646E-01  4.417161E-03 -8.181676E-02
  2.030315E-01  4.529799E-03 -8.212392E-02
  2.055288E-01  4.645393E-03 -8.232673E-02
  2.080568E-01  4.764025E-03 -8.242294E-02
  2.106159E-01  4.885780E-03 -8.241040E-02
  2.132065E-01  5.010743E-03 -8.228710E-02
  2.158289E-01  5.139006E-03 -8.205114E-02
  2.184836E-01  5.270659E-03 -8.170077E-02
  2.211709E-01  5.405799E-03 -8.123438E-02
  2.238913E-01  5.544524E-03 -8.065050E-02
  2.266452E-01  5.686934E-03 -7.994783E-02
  2.294329E-01  5.833135E-03 -7.912521E-02
  2.322550E-01  5.983234E-03 -7.818168E-02
  2.351117E-01  6.137343E-03 -7.711643E-02
  2.380036E-01  6.295575E-03 -7.592885E-02
  2.409310E-01  6.458050E-03 -7.461849E-02
  2.438945E-01  6.624889E-03 -7.318513E-02
  2.468944E-01  6.796219E-03 -7.162872E-02
  2.499312E-01  6.972170E-03 -6.994942E-02
  2.530053E-01  7.152877E-03 -6.814762E-02
  2.561173E-01  7.338478E-03 -6.622389E-02
  2.592675E-01  7.529116E-03 -6.417905E-02
  2.624565E-01  7.724941E-03 -6.201412E-02
  2.656847E-01  7.926105E-03 -5.973035E-02
  2.689527E-01  8.132767E-03 -5.732924E-02
  2.722608E-01  8.345090E-03 -5.481250E-02
  2.756096E-01  8.563244E-03 -5.218208E-02
  2.789996E-01  8.787402E-03 -4.944017E-02
  2.824313E-01  9.017748E-03 -4.658920E-02
  2.859052E-01  9.254466E-03 -4.363185E-02
  2.894218E-01  9.497752E-03 -4.057102E-02
  2.929817E-01  9.747805E-03 -3.740987E-02
  2.965854E-01  1.000483E-02 -3.415180E-02
  3.002334E-01  1.026905E-02 -3.080043E-02
  3.039263E-01  1.054068E-02 -2.735964E-02
  3.076646E-01  1.081995E-02 -2.383356E-02
  3.114488E-01  1.110709E-02 -2.022651E-02
  3.152797E-01  1.140237E-02 -1.654308E-02
  3.191576E-01  1.170602E-02 -1.278808E-02
  3.230832E-01  1.201832E-02 -8.966540E-03
  3.270572E-01  1.233955E-02 -5.083701E-03
  3.310800E-01  1.266997E-02 -1.145028E-03
  3.351522E-01  1.300990E-02  2.843812E-03
  3.392746E-01  1.335962E-02  6.876952E-03
  3.434477E-01  1.371947E-02  1.094833E-02
  3.476721E-01  1.408977E-02  1.505171E-02
  3.519485E-01  1.447085E-02  1.918067E-02
  3.562774E-01  1.486308E-02  2.332863E-02
  3.606596E-01  1.526682E-02  2.748884E-02
  3.650958E-01  1.568244E-02  3.165443E-02
  3.695864E-01  1.611034E-02  3.581838E-02
  3.741323E-01  1.655093E-02  3.997355E-02
  3.787342E-01  1.700464E-02  4.411269E-02
  3.833926E-01  1.747190E-02  4.822846E-02
  3.881083E-01  1.795317E-02  5.231344E-02
  3.928821E-01  1.844892E-02  5.636014E-02
  3.977145E-01  1.895964E-02  6.036102E-02
  4.026064E-01  1.948585E-02  6.430849E-02
  4.075585E-01  2.002808E-02  6.819495E-02
  4.125714E-01  2.058687E-02  7.201278E-02
  4.176461E-01  2.116279E-02  7.575438E-02
  4.227831E-01  2.175643E-02  7.941215E-02
  4.279833E-01  2.236842E-02  8.297852E-02
  4.332475E-01  2.299938E-02  8.644597E-02
  4.385765E-01  2.364997E-02  8.980703E-02
  4.439710E-01  2.432089E-02  9.305427E-02
  4.494318E-01  2.501283E-02  9.618035E-02
  4.549598E-01  2.572655E-02  9.917799E-02
  4.605558E-01  2.646280E-02  1.020400E-01
  4.662207E-01  2.722237E-02  1.047594E-01
  4.719552E-01  2.800608E-02  1.073292E-01
  4.777602E-01  2.881479E-02  1.097426E-01
  4.836367E-01  2.964938E-02  1.119929E-01
  4.895854E-01  3.051075E-02  1.140739E-01
  4.956073E-01  3.139985E-02  1.159793E-01
  5.017033E-01  3.231766E-02  1.177031E-01
  5.078742E-01  3.326519E-02  1.192397E-01
  5.141211E-01  3.424348E-02  1.205837E-01
  5.204448E-01  3.525360E-02  1.217301E-01
  5.268462E-01  3.629668E-02  1.226740E-01
  5.333265E-01  3.737385E-02  1.234111E-01
  5.398864E-01  3.848631E-02  1.239373E-01
  5.465270E-01  3.963527E-02  1.242488E-01
  5.532493E-01  4.082198E-02  1.243422E-01
  5.600542E-01  4.204774E-02  1.242147E-01
  5.669429E-01  4.331387E-02  1.238635E-01
  5.739163E-01  4.462174E-02  1.232865E-01
  5.809755E-01  4.597274E-02  1.224818E-01
  5.881215E-01  4.736829E-02  1.214481E-01
  5.953553E-01  4.880986E-02  1.201844E-01
  6.026782E-01  5.029893E-02  1.186900E-01
  6.100912E-01  5.183703E-02  1.169650E-01
  6.175953E-01  5.342569E-02  1.150096E-01
  6.251917E-01  5.506649E-02  1.128246E-01
  6.328816E-01  5.676100E-02  1.104111E-01
  6.406660E-01  5.851084E-02  1.077708E-01
  6.485462E-01  6.031762E-02  1.049059E-01
  6.565233E-01  6.218295E-02  1.018187E-01
  6.645986E-01  6.410847E-02  9.851235E-02
  6.727731E-01  6.609578E-02  9.499017E-02
  6.810482E-01  6.814649E-02  9.125602E-02
  6.894251E-01  7.026218E-02  8.731415E-02
  6.979050E-01  7.244442E-02  8.316923E-02
  7.064893E-01  7.469471E-02  7.882636E-02
  7.151791E-01  7.701452E-02  7.429103E-02
  7.239758E-01  7.940526E-02  6.956911E-02
  7.328807E-01  8.186825E-02  6.466688E-02
  7.418951E-01  8.440474E-02  5.959097E-02
  7.510204E-01  8.701587E-02  5.434838E-02
  7.602580E-01  8.970265E-02  4.894645E-02
  7.696092E-01  9.246595E-02  4.339285E-02
  7.790754E-01  9.530649E-02  3.769559E-02
  7.886580E-01  9.822482E-02  3.186296E-02
  7.983585E-01  1.012213E-01  2.590356E-02
  8.081783E-01  1.042960E-01  1.982624E-02
  8.181189E-01  1.074488E-01  1.364013E-02
  8.281817E-01  1.106793E-01  7.354590E-03
  8.383684E-01  1.139868E-01  9.792122E-04
  8.486803E-01  1.173703E-01 -5.476213E-03
  8.591191E-01  1.208284E-01 -1.200170E-02
  8.696862E-01  1.243594E-01 -1.858710E-02
  8.803834E-01  1.279610E-01 -2.522211E-02
  8.912121E-01  1.316306E-01 -3.189629E-02
  9.021740E-01  1.353652E-01 -3.859908E-02
  9.132707E-01  1.391613E-01 -4.531984E-02
  9.245040E-01  1.430146E-01 -5.204783E-02
  9.358754E-01  1.469206E-01 -5.877229E-02
  9.473866E-01  1.508740E-01 -6.548238E-02
  9.590395E-01  1.548692E-01 -7.216725E-02
  9.708357E-01  1.588996E-01 -7.881608E-02
  9.827770E-01  1.629584E-01 -8.541803E-02
  9.948651E-01  1.670379E-01 -9.196231E-02
  1.007102E+00  1.711298E-01 -9.843818E-02
  1.019489E+00  1.752254E-01 -1.048350E-01
  1.032029E+00  1.793151E-01 -1.111421E-01
  1.044723E+00  1.833889E-01 -1.173492E-01
  1.057573E+00  1.874362E-01 -1.234457E-01
  1.070581E+00  1.914458E-01 -1.294216E-01
  1.083749E+00  1.954061E-01 -1.352668E-01
  1.097080E+00  1.993050E-01 -1.409714E-01
  1.110574E+00  2.031299E-01 -1.465257E-01
  1.124234E+00  2.068680E-01 -1.519201E-01
  1.138062E+00  2.105060E-01 -1.571454E-01
  1.152060E+00  2.140305E-01 -1.621925E-01
  1.166230E+00  2.174280E-01 -1.670525E-01
  1.180575E+00  2.206846E-01 -1.717168E-01
  1.195096E+00  2.237866E-01 -1.761769E-01
  1.209796E+00  2.267200E-01 -1.804247E-01
  1.224676E+00  2.294713E-01 -1.844523E-01
  1.239740E+00  2.320268E-01 -1.882519E-01
  1.254988E+00  2.343730E-01 -1.918163E-01
  1.270425E+00  2.364971E-01 -1.951381E-01
  1.286051E+00  2.383862E-01 -1.982105E-01
  1.301869E+00  2.400284E-01 -2.010269E-01
  1.317882E+00  2.414121E-01 -2.035810E-01
  1.334092E+00  2.425264E-01 -2.058667E-01
  1.350502E+00  2.433617E-01 -2.078784E-01
  1.367113E+00  2.439089E-01 -2.096106E-01
  1.383928E+00  2.441602E-01 -2.110585E-01
  1.400951E+00  2.441090E-01 -2.122172E-01
  1.418182E+00  2.437498E-01 -2.130825E-01
  1.435626E+00  2.430786E-01 -2.136505E-01
  1.453284E+00  2.420926E-01 -2.139177E-01
  1.471160E+00  2.407905E-01 -2.138810E-01
  1.489255E+00  2.391722E-01 -2.135378E-01
  1.507573E+00  2.372390E-01 -2.128856E-01
  1.526116E+00  2.349933E-01 -2.119229E-01
  1.544887E+00  2.324390E-01 -2.106480E-01
  1.563889E+00  2.295807E-01 -2.090602E-01
  1.583125E+00  2.264241E-01 -2.071588E-01
  1.602597E+00  2.229756E-01 -2.049438E-01
  1.622309E+00  2.192423E-01 -2.024155E-01
  1.642264E+00  2.152318E-01 -1.995749E-01
  1.662464E+00  2.109518E-01 -1.964230E-01
  1.682912E+00  2.064105E-01 -1.929617E-01
  1.703612E+00  2.016156E-01 -1.891930E-01
  1.724566E+00  1.965749E-01 -1.851195E-01
  1.745778E+00  1.912957E-01 -1.807442E-01
  1.767251E+00  1.857849E-01 -1.760705E-01
  1.788989E+00  1.800488E-01 -1.711021E-01
  1.810993E+00  1.740930E-01 -1.658434E-01
  1.833268E+00  1.679222E-01 -1.602990E-01
  1.855818E+00  1.615407E-01 -1.544738E-01
  1.878644E+00  1.549516E-01 -1.483732E-01
  1.901751E+00  1.481577E-01 -1.420031E-01
  1.925143E+00  1.411609E-01 -1.353694E-01
  1.948822E+00  1.339626E-01 -1.284787E-01
  1.972793E+00  1.265640E-01 -1.213377E-01
  1.997058E+00  1.189659E-01 -1.139535E-01
  2.021622E+00  1.111692E-01 -1.063336E-01
  2.046488E+00  1.031748E-01 -9.848549E-02
  2.071660E+00  9.498428E-02 -9.041725E-02
  2.097141E+00  8.659951E-02 -8.213704E-02
  2.122936E+00  7.802325E-02 -7.365330E-02
  2.149048E+00  6.925911E-02 -6.497469E-02
  2.175481E+00  6.031172E-02 -5.611005E-02
  2.202240E+00  5.118675E-02 -4.706844E-02
  2.229327E+00  4.189091E-02 -3.785905E-02
  2.256748E+00  3.243188E-02 -2.849126E-02
  2.284506E+00  2.281821E-02 -1.897455E-02
  2.312605E+00  1.305917E-02 -9.318514E-03
  2.341051E+00  3.164546E-03  4.671331E-04
  2.369845E+00 -6.855552E-03  1.037261E-02
  2.398995E+00 -1.699082E-02  2.038808E-02
  2.428502E+00 -2.723090E-02  3.050364E-02
  2.458373E+00 -3.756542E-02  4.070937E-02
  2.488611E+00 -4.798397E-02  5.099530E-02
  2.519221E+00 -5.847610E-02  6.135149E-02
  2.550207E+00 -6.903132E-02  7.176798E-02
  2.581575E+00 -7.963915E-02  8.223483E-02
  2.613328E+00 -9.028913E-02  9.274214E-02
  2.645472E+00 -1.009708E-01  1.032800E-01
  2.678011E+00 -1.116737E-01  1.138386E-01
  2.710951E+00 -1.223876E-01  1.244082E-01
  2.744295E+00 -1.331022E-01  1.349790E-01
  2.778050E+00 -1.438071E-01  1.455414E-01
  2.812220E+00 -1.544923E-01  1.560858E-01
  2.846811E+00 -1.651478E-01  1.666026E-01
  2.881826E+00 -1.757635E-01  1.770825E-01
  2.917273E+00 -1.863296E-01  1.875161E-01
  2.953155E+00 -1.968363E-01  1.978942E-01
  2.989479E+00 -2.072741E-01  2.082077E-01
  3.026250E+00 -2.176333E-01  2.184476E-01
  3.063473E+00 -2.279047E-01  2.286051E-01
  3.101153E+00 -2.380791E-01  2.386713E-01
  3.139297E+00 -2.481472E-01  2.486377E-01
  3.177911E+00 -2.581002E-01  2.584960E-01
  3.216999E+00 -2.679293E-01  2.682378E-01
  3.256568E+00 -2.776259E-01  2.778550E-01
  3.296624E+00 -2.871813E-01  2.873397E-01
  3.337172E+00 -2.965874E-01  2.966842E-01
  3.378220E+00 -3.058359E-01  3.058806E-01
  3.419772E+00 -3.149187E-01  3.149216E-01
  3.461835E+00 -3.238280E-01  3.237996E-01
  3.504416E+00 -3.325558E-01  3.325071E-01
  3.547520E+00 -3.410944E-01  3.410368E-01
  3.591154E+00 -3.494361E-01  3.493812E-01
  3.635326E+00 -3.575734E-01  3.575327E-01
  3.680040E+00 -3.654986E-01  3.654837E-01
  3.725305E+00 -3.732042E-01  3.732263E-01
  3.771126E+00 -3.806825E-01  3.807528E-01
  3.817511E+00 -3.879261E-01  3.880550E-01
  3.864466E+00 -3.949273E-01  3.951247E-01
  3.911999E+00 -4.016787E-01  4.019537E-01
  3.960117E+00 -4.081727E-01  4.085336E-01
  4.008826E+00 -4.144018E-01  4.148560E-01
  4.058135E+00 -4.203586E-01  4.209126E-01
  4.108050E+00 -4.260358E-01  4.266951E-01
  4.158579E+00 -4.314261E-01  4.321953E-01
  4.209729E+00 -4.365227E-01  4.374054E-01
  4.261509E+00 -4.413186E-01  4.423175E-01
  4.313925E+00 -4.458073E-01  4.469243E-01
  4.366987E+00 -4.499826E-01  4.512185E-01
  4.420701E+00 -4.538386E-01  4.551934E-01
  4.475075E+00 -4.573697E-01  4.588428E-01
  4.530119E+00 -4.605709E-01  4.621608E-01
  4.585839E+00 -4.634376E-01  4.651420E-01
  4.642245E+00 -4.659657E-01  4.677818E-01
  4.699345E+00 -4.681519E-01  4.700762E-01
  4.757146E+00 -4.699933E-01  4.720217E-01
  4.815659E+00 -4.714877E-01  4.736158E-01
  4.874892E+00 -4.726338E-01  4.748566E-01
  4.934853E+00 -4.734311E-01  4.757433E-01
  4.995552E+00 -4.738795E-01  4.762756E-01
  5.056997E+00 -4.739802E-01  4.764544E-01
  5.119198E+00 -4.737350E-01  4.762814E-01
  5.182164E+00 -4.731466E-01  4.757593E-01
  5.245905E+00 -4.722184E-01  4.748915E-01
  5.310430E+00 -4.709549E-01  4.736824E-01
  5.375748E+00 -4.693610E-01  4.721373E-01
  5.441870E+00 -4.674427E-01  4.702621E-01
  5.508805E+00 -4.652065E-01  4.680637E-01
  5.576563E+00 -4.626595E-01  4.655493E-01
  5.645155E+00 -4.598095E-01  4.627269E-01
  5.714590E+00 -4.566647E-01  4.596051E-01
  5.784879E+00 -4.532338E-01  4.561926E-01
  5.856033E+00 -4.495257E-01  4.524987E-01
  5.928063E+00 -4.455498E-01  4.485331E-01
  6.000978E+00 -4.413155E-01  4.443054E-01
  6.074790E+00 -4.368326E-01  4.398256E-01
  6.149510E+00 -4.321109E-01  4.351036E-01
  6.225149E+00 -4.271603E-01  4.301495E-01
  6.301718E+00 -4.219905E-01  4.249734E-01
  6.379229E+00 -4.166116E-01  4.195853E-01
  6.457694E+00 -4.110333E-01  4.139951E-01
  6.537123E+00 -4.052654E-01  4.082129E-01
  6.617530E+00 -3.993176E-01  4.022484E-01
  6.698926E+00 -3.931994E-01  3.961112E-01
  6.781322E+00 -3.869204E-01  3.898111E-01
  6.864733E+00 -3.804901E-01  3.833575E-01
  6.949169E+00 -3.739177E-01  3.767599E-01
  7.034644E+00 -3.672126E-01  3.700275E-01
  7.121170E+00 -3.603839E-01  3.631698E-01
  7.208760E+00 -3.534407E-01  3.561958E-01
  7.297428E+00 -3.463924E-01  3.491149E-01
  7.387186E+00 -3.392479E-01  3.419363E-01
  7.478049E+00 -3.320164E-01  3.346690E-01
  7.570029E+00 -3.247071E-01  3.273223E-01
  7.663140E+00 -3.173291E-01  3.199055E-01
  7.757397E+00 -3.098917E-01  3.124278E-01
  7.852813E+00 -3.024042E-01  3.048986E-01
  7.949402E+00 -2.948759E-01  2.973273E-01
  8.047180E+00 -2.873161E-01  2.897233E-01
  8.146160E+00 -2.797344E-01  2.820961E-01
  8.246358E+00 -2.721401E-01  2.744552E-01
  8.347788E+00 -2.645428E-01  2.668102E-01
  8.450466E+00 -2.569519E-01  2.591706E-01
  8.554407E+00 -2.493769E-01  2.515460E-01
  8.659626E+00 -2.418272E-01  2.439459E-01
  8.766139E+00 -2.343122E-01  2.363796E-01
  8.873963E+00 -2.268410E-01  2.288566E-01
  8.983112E+00 -2.194229E-01  2.213859E-01
  9.093605E+00 -2.120665E-01  2.139766E-01
  9.205456E+00 -2.047807E-01  2.066375E-01
  9.318683E+00 -1.975739E-01  1.993770E-01
  9.433303E+00 -1.904543E-01  1.922035E-01
  9.549333E+00 -1.834297E-01  1.851249E-01
  9.666789E+00 -1.765077E-01  1.781488E-01
  9.785691E+00 -1.696953E-01  1.712825E-01
  9.906055E+00 -1.629993E-01  1.645328E-01
  1.002790E+01 -1.564260E-01  1.579061E-01
  1.015124E+01 -1.499814E-01  1.514084E-01
  1.027610E+01 -1.436708E-01  1.450451E-01
  1.040250E+01 -1.374992E-01  1.388215E-01
  1.053045E+01 -1.314711E-01  1.327419E-01
  1.065997E+01 -1.255905E-01  1.268106E-01
  1.079109E+01 -1.198609E-01  1.210310E-01
  1.092382E+01 -1.142853E-01  1.154064E-01
  1.105819E+01 -1.088664E-01  1.099392E-01
  1.119420E+01 -1.036060E-01  1.046317E-01
  1.133189E+01 -9.850598E-02  9.948546E-02
  1.147127E+01 -9.356732E-02  9.450171E-02
  1.161237E+01 -8.879077E-02  8.968118E-02
  1.175520E+01 -8.417659E-02  8.502419E-02
  1.189979E+01 -7.972464E-02  8.053063E-02
  1.204616E+01 -7.543438E-02  7.619997E-02
  1.219432E+01 -7.130489E-02  7.203133E-02
  1.234432E+01 -6.733490E-02  6.802345E-02
  1.249615E+01 -6.352280E-02  6.417473E-02
  1.264985E+01 -5.986666E-02  6.048325E-02
  1.280545E+01 -5.636428E-02  5.694681E-02
  1.296295E+01 -5.301315E-02  5.356292E-02
  1.312240E+01 -4.981055E-02  5.032883E-02
  1.328380E+01 -4.675352E-02  4.724158E-02
  1.344719E+01 -4.383889E-02  4.429799E-02
  1.361259E+01 -4.106332E-02  4.149470E-02
  1.378003E+01 -3.842330E-02  3.882820E-02
  1.394952E+01 -3.591519E-02  3.629480E-02
  1.412110E+01 -3.353521E-02  3.389073E-02
  1.429479E+01 -3.127952E-02  3.161210E-02
  1.447062E+01 -2.914416E-02  2.945493E-02
  1.464861E+01 -2.712512E-02  2.741519E-02
  1.482878E+01 -2.521835E-02  2.548880E-02
  1.501118E+01 -2.341978E-02  2.367164E-02
  1.519582E+01 -2.172530E-02  2.195958E-02
  1.538272E+01 -2.013081E-02  2.034850E-02
  1.557193E+01 -1.863226E-02  1.883428E-02
  1.576347E+01 -1.722557E-02  1.741284E-02
  1.595736E+01 -1.590673E-02  1.608013E-02
  1.615363E+01 -1.467179E-02  1.483215E-02
  1.635232E+01 -1.351685E-02  1.366497E-02
  1.655346E+01 -1.243806E-02  1.257471E-02
  1.675706E+01 -1.143167E-02  1.155759E-02
  1.696318E+01 -1.049401E-02  1.060991E-02
  1.717182E+01 -9.621500E-03  9.728035E-03
  1.738304E+01 -8.810653E-03  8.908462E-03
  1.759685E+01 -8.058085E-03  8.147770E-03
  1.781329E+01 -7.360517E-03  7.442649E-03
  1.803239E+01 -6.714780E-03  6.789899E-03
  1.825419E+01 -6.117813E-03  6.186430E-03
  1.847872E+01 -5.566670E-03  5.629267E-03
  1.870601E+01 -5.058521E-03  5.115550E-03
  1.893609E+01 -4.590648E-03  4.642536E-03
  1.916900E+01 -4.160451E-03  4.207598E-03
  1.940478E+01 -3.765444E-03  3.808225E-03
  1.964346E+01 -3.403256E-03  3.442023E-03
  1.988508E+01 -3.071630E-03  3.106711E-03
  2.012966E+01 -2.768421E-03  2.800122E-03
  2.037726E+01 -2.491593E-03  2.520200E-03
  2.062790E+01 -2.239220E-03  2.264997E-03
  2.088162E+01 -2.009481E-03  2.032675E-03
  2.113846E+01 -1.800656E-03  1.821496E-03
  2.139847E+01 -1.611128E-03  1.629824E-03
  2.166167E+01 -1.439375E-03  1.456123E-03
  2.192811E+01 -1.283969E-03  1.298950E-03
  2.219782E+01 -1.143574E-03  1.156953E-03
  2.247086E+01 -1.016938E-03  1.028869E-03
  2.274725E+01 -9.028959E-04  9.135180E-04
  2.302704E+01 -8.003595E-04  8.098017E-04
  2.331027E+01 -7.083183E-04  7.166982E-04
  2.359699E+01 -6.258340E-04  6.332591E-04
  2.388723E+01 -5.520374E-04  5.586057E-04
  2.418104E+01 -4.861248E-04  4.919255E-04
  2.447847E+01 -4.273542E-04  4.324684E-04
  2.477955E+01 -3.750421E-04  3.795434E-04
  2.508434E+01 -3.285600E-04  3.325150E-04
  2.539288E+01 -2.873311E-04  2.908001E-04
  2.570521E+01 -2.508271E-04  2.538645E-04
  2.602139E+01 -2.185649E-04  2.212196E-04
  2.634145E+01 -1.901038E-04  1.924198E-04
  2.666545E+01 -1.650425E-04  1.670593E-04
  2.699344E+01 -1.430160E-04  1.447691E-04
  2.732545E+01 -1.236938E-04  1.252147E-04
  2.766156E+01 -1.067766E-04  1.080937E-04
  2.800179E+01 -9.199404E-05  9.313231E-05
  2.834622E+01 -7.910204E-05  8.008391E-05
  2.869488E+01 -6.788122E-05  6.872651E-05
  2.904782E+01 -5.813460E-05  5.886087E-05
  2.940511E+01 -4.968576E-05  5.030851E-05
  2.976679E+01 -4.237703E-05  4.290991E-05
  3.013292E+01 -3.606775E-05  3.652280E-05
  3.050356E+01 -3.063277E-05  3.102055E-05
  3.087875E+01 -2.596097E-05  2.629072E-05
  3.125856E+01 -2.195388E-05  2.223368E-05
  3.164304E+01 -1.852446E-05  1.876136E-05
  3.203225E+01 -1.559596E-05  1.579609E-05
  3.242625E+01 -1.310082E-05  1.326953E-05
  3.282509E+01 -1.097977E-05  1.112165E-05
  3.322884E+01 -9.180858E-06  9.299920E-06
  3.363755E+01 -7.658728E-06  7.758405E-06
  3.405130E+01 -6.373833E-06  6.457085E-06
  3.447013E+01 -5.291789E-06  5.361159E-06
  3.489411E+01 -4.382776E-06  4.440440E-06
  3.532331E+01 -3.620994E-06  3.668811E-06
  3.575778E+01 -2.984180E-06  3.023734E-06
  3.619761E+01 -2.453169E-06  2.485806E-06
  3.664284E+01 -2.011506E-06  2.038369E-06
  3.709354E+01 -1.645104E-06  1.667157E-06
  3.754979E+01 -1.341928E-06  1.359986E-06
  3.801166E+01 -1.091730E-06  1.106478E-06
  3.847920E+01 -8.858024E-07  8.978150E-07
  3.895249E+01 -7.167699E-07  7.265284E-07
  3.943161E+01 -5.784015E-07  5.863073E-07
  3.991662E+01 -4.654478E-07  4.718350E-07
  4.040759E+01 -3.734991E-07  3.786451E-07
  4.090461E+01 -2.988615E-07  3.029958E-07
  4.140773E+01 -2.384497E-07  2.417619E-07
  4.191705E+01 -1.896945E-07  1.923403E-07
  4.243263E+01 -1.504624E-07  1.525697E-07
  4.295455E+01 -1.189874E-07  1.206607E-07
  4.348289E+01 -9.381167E-08  9.513654E-08
  4.401773E+01 -7.373607E-08  7.478183E-08
  4.455915E+01 -5.777682E-08  5.859974E-08
  4.510722E+01 -4.512957E-08  4.577512E-08
  4.566204E+01 -3.513871E-08  3.564352E-08
  4.622369E+01 -2.727158E-08  2.766508E-08
  4.679224E+01 -2.109683E-08  2.140258E-08
  4.736778E+01 -1.626632E-08  1.650310E-08
  4.795041E+01 -1.249996E-08  1.268273E-08
  4.854020E+01 -9.573207E-09  9.713812E-09
  4.913724E+01 -7.306633E-09  7.414435E-09
  4.974163E+01 -5.557378E-09  5.639746E-09
  5.035345E+01 -4.212081E-09  4.274796E-09
  5.097280E+01 -3.181110E-09  3.228694E-09
  5.159976E+01 -2.393850E-09  2.429825E-09
  5.223444E+01 -1.794865E-09  1.821965E-09
  5.287692E+01 -1.340800E-09  1.361140E-09
  5.352731E+01 -9.978694E-10  1.013079E-09
  5.418570E+01 -7.398450E-10  7.511761E-10
  5.485218E+01 -5.464429E-10  5.548524E-10
  5.552686E+01 -4.020364E-10  4.082537E-10
  5.620984E+01 -2.946332E-10  2.992118E-10
  5.690122E+01 -2.150664E-10  2.184250E-10
  5.760111E+01 -1.563567E-10  1.588107E-10
  5.830960E+01 -1.132120E-10  1.149977E-10
  5.902681E+01 -8.163527E-11  8.292940E-11
  5.975284E+01 -5.862070E-11  5.955471E-11
  6.048780E+01 -4.191692E-11  4.258820E-11
  6.123180E+01 -2.984491E-11  3.032532E-11
  6.198495E+01 -2.115781E-11  2.150015E-11
  6.274737E+01 -1.493370E-11  1.517659E-11
  6.351916E+01 -1.049390E-11  1.066547E-11
  6.430044E+01 -7.340996E-12  7.461655E-12
  6.509134E+01 -5.112083E-12  5.196554E-12
  6.589196E+01 -3.543570E-12  3.602437E-12
  6.670243E+01 -2.444891E-12  2.485726E-12
  6.752287E+01 -1.678914E-12  1.707108E-12
  6.835341E+01 -1.147420E-12  1.166794E-12
  6.919415E+01 -7.803975E-13  7.936465E-13
  7.004524E+01 -5.281808E-13  5.371975E-13
  7.090680E+01 -3.557104E-13  3.618167E-13
  7.177895E+01 -2.383591E-13  2.424738E-13
  7.266183E+01 -1.589139E-13  1.616726E-13
  7.355557E+01 -1.054053E-13  1.072455E-13
  7.446031E+01 -6.955210E-14  7.077333E-14
  7.537617E+01 -4.565604E-14  4.646228E-14
  7.630329E+01  0.000000E+00  0.000000E+00
  7.724182E+01  0.000000E+00  0.000000E+00
  7.819190E+01  0.000000E+00  0.000000E+00
  7.915366E+01  0.000000E+00  0.000000E+00
