  3.125000E-04  1.176565E-04  5.968681E-03
  3.163438E-04  1.191037E-04  6.040841E-03
  3.202348E-04  1.205687E-04  6.113867E-03
  3.241737E-04  1.220517E-04  6.187770E-03
  3.281610E-04  1.235529E-04  6.262560E-03
  3.321974E-04  1.250726E-04  6.338248E-03
  3.362834E-04  1.266110E-04  6.414844E-03
  3.404197E-04  1.281683E-04  6.492358E-03
  3.446069E-04  1.297448E-04  6.570802E-03
  3.488455E-04  1.313406E-04  6.650187E-03
  3.531363E-04  1.329561E-04  6.730524E-03
  3.574799E-04  1.345915E-04  6.811824E-03
  3.618769E-04  1.362470E-04  6.894098E-03
  3.663280E-04  1.379228E-04  6.977359E-03
  3.708338E-04  1.396192E-04  7.061616E-03
  3.753951E-04  1.413366E-04  7.146883E-03
  3.800124E-04  1.430750E-04  7.233172E-03
  3.846866E-04  1.448348E-04  7.320493E-03
  3.894182E-04  1.466163E-04  7.408860E-03
  3.942081E-04  1.484197E-04  7.498285E-03
  3.990568E-04  1.502452E-04  7.588779E-03
  4.039652E-04  1.520933E-04  7.680357E-03
  4.089340E-04  1.539640E-04  7.773030E-03
  4.139639E-04  1.558578E-04  7.866811E-03
  4.190557E-04  1.577748E-04  7.961714E-03
  4.242100E-04  1.597154E-04  8.057751E-03
  4.294278E-04  1.616799E-04  8.154936E-03
  4.347098E-04  1.636686E-04  8.253282E-03
  4.400567E-04  1.656817E-04  8.352803E-03
  4.454694E-04  1.677196E-04  8.453513E-03
  4.509487E-04  1.697826E-04  8.555425E-03
  4.564954E-04  1.718709E-04  8.658554E-03
  4.621102E-04  1.739849E-04  8.762914E-03
  4.677942E-04  1.761249E-04  8.868519E-03
  4.735481E-04  1.782913E-04  8.975384E-03
  4.793727E-04  1.804842E-04  9.083524E-03
  4.852690E-04  1.827042E-04  9.192953E-03
  4.912378E-04  1.849515E-04  9.303687E-03
  4.972800E-04  1.872264E-04  9.415740E-03
  5.033966E-04  1.895292E-04  9.529128E-03
  5.095884E-04  1.918605E-04  9.643867E-03
  5.158563E-04  1.942203E-04  9.759973E-03
  5.222013E-04  1.966092E-04  9.877460E-03
  5.286244E-04  1.990275E-04  9.996346E-03
  5.351265E-04  2.014756E-04  1.011665E-02
  5.417085E-04  2.039537E-04  1.023838E-02
  5.483716E-04  2.064624E-04  1.036156E-02
  5.551165E-04  2.090019E-04  1.048620E-02
  5.619445E-04  2.115726E-04  1.061233E-02
  5.688564E-04  2.141749E-04  1.073995E-02
  5.758533E-04  2.168093E-04  1.086909E-02
  5.829363E-04  2.194760E-04  1.099976E-02
  5.901064E-04  2.221756E-04  1.113199E-02
  5.973647E-04  2.249083E-04  1.126578E-02
  6.047123E-04  2.276747E-04  1.140116E-02
  6.121503E-04  2.304751E-04  1.153815E-02
  6.196797E-04  2.333100E-04  1.167676E-02
  6.273018E-04  2.361797E-04  1.181701E-02
  6.350176E-04  2.390847E-04  1.195893E-02
  6.428283E-04  2.420254E-04  1.210253E-02
  6.507351E-04  2.450023E-04  1.224782E-02
  6.587391E-04  2.480159E-04  1.239484E-02
  6.668416E-04  2.510665E-04  1.254360E-02
  6.750438E-04  2.541546E-04  1.269411E-02
  6.833468E-04  2.572807E-04  1.284641E-02
  6.917520E-04  2.604452E-04  1.300050E-02
  7.002605E-04  2.636487E-04  1.315642E-02
  7.088737E-04  2.668916E-04  1.331418E-02
  7.175929E-04  2.701744E-04  1.347380E-02
  7.264193E-04  2.734975E-04  1.363530E-02
  7.353542E-04  2.768615E-04  1.379871E-02
  7.443991E-04  2.802669E-04  1.396405E-02
  7.535552E-04  2.837142E-04  1.413133E-02
  7.628239E-04  2.872039E-04  1.430059E-02
  7.722067E-04  2.907365E-04  1.447184E-02
  7.817048E-04  2.943126E-04  1.464511E-02
  7.913198E-04  2.979326E-04  1.482041E-02
  8.010530E-04  3.015972E-04  1.499778E-02
  8.109060E-04  3.053069E-04  1.517724E-02
  8.208801E-04  3.090621E-04  1.535880E-02
  8.309769E-04  3.128636E-04  1.554250E-02
  8.411980E-04  3.167118E-04  1.572835E-02
  8.515447E-04  3.206074E-04  1.591639E-02
  8.620187E-04  3.245509E-04  1.610663E-02
  8.726215E-04  3.285429E-04  1.629910E-02
  8.833548E-04  3.325839E-04  1.649383E-02
  8.942200E-04  3.366747E-04  1.669085E-02
  9.052189E-04  3.408158E-04  1.689016E-02
  9.163531E-04  3.450079E-04  1.709182E-02
  9.276243E-04  3.492515E-04  1.729583E-02
  9.390340E-04  3.535473E-04  1.750222E-02
  9.505842E-04  3.578959E-04  1.771103E-02
  9.622763E-04  3.622980E-04  1.792228E-02
  9.741123E-04  3.667543E-04  1.813600E-02
  9.860939E-04  3.712654E-04  1.835221E-02
  9.982229E-04  3.758320E-04  1.857094E-02
  1.010501E-03  3.804547E-04  1.879222E-02
  1.022930E-03  3.851343E-04  1.901608E-02
  1.035512E-03  3.898715E-04  1.924254E-02
  1.048249E-03  3.946669E-04  1.947164E-02
  1.061142E-03  3.995213E-04  1.970341E-02
  1.074195E-03  4.044354E-04  1.993787E-02
  1.087407E-03  4.094100E-04  2.017505E-02
  1.100782E-03  4.144457E-04  2.041499E-02
  1.114322E-03  4.195434E-04  2.065771E-02
  1.128028E-03  4.247038E-04  2.090325E-02
  1.141903E-03  4.299277E-04  2.115163E-02
  1.155948E-03  4.352158E-04  2.140289E-02
  1.170166E-03  4.405690E-04  2.165706E-02
  1.184559E-03  4.459880E-04  2.191417E-02
  1.199129E-03  4.514736E-04  2.217425E-02
  1.213879E-03  4.570268E-04  2.243734E-02
  1.228809E-03  4.626482E-04  2.270346E-02
  1.243924E-03  4.683388E-04  2.297265E-02
  1.259224E-03  4.740994E-04  2.324495E-02
  1.274713E-03  4.799308E-04  2.352038E-02
  1.290392E-03  4.858340E-04  2.379899E-02
  1.306263E-03  4.918098E-04  2.408080E-02
  1.322330E-03  4.978590E-04  2.436585E-02
  1.338595E-03  5.039827E-04  2.465418E-02
  1.355060E-03  5.101817E-04  2.494581E-02
  1.371727E-03  5.164570E-04  2.524079E-02
  1.388599E-03  5.228094E-04  2.553915E-02
  1.405679E-03  5.292400E-04  2.584093E-02
  1.422969E-03  5.357496E-04  2.614616E-02
  1.440471E-03  5.423394E-04  2.645489E-02
  1.458189E-03  5.490102E-04  2.676714E-02
  1.476125E-03  5.557630E-04  2.708295E-02
  1.494281E-03  5.625989E-04  2.740237E-02
  1.512661E-03  5.695189E-04  2.772543E-02
  1.531267E-03  5.765240E-04  2.805217E-02
  1.550101E-03  5.836153E-04  2.838262E-02
  1.569167E-03  5.907938E-04  2.871683E-02
  1.588468E-03  5.980606E-04  2.905484E-02
  1.608006E-03  6.054168E-04  2.939669E-02
  1.627785E-03  6.128634E-04  2.974240E-02
  1.647807E-03  6.204017E-04  3.009204E-02
  1.668075E-03  6.280326E-04  3.044563E-02
  1.688592E-03  6.357575E-04  3.080322E-02
  1.709362E-03  6.435773E-04  3.116485E-02
  1.730387E-03  6.514934E-04  3.153056E-02
  1.751671E-03  6.595068E-04  3.190039E-02
  1.773216E-03  6.676187E-04  3.227438E-02
  1.795027E-03  6.758305E-04  3.265259E-02
  1.817105E-03  6.841432E-04  3.303504E-02
  1.839456E-03  6.925582E-04  3.342179E-02
  1.862081E-03  7.010767E-04  3.381287E-02
  1.884985E-03  7.097000E-04  3.420834E-02
  1.908170E-03  7.184294E-04  3.460823E-02
  1.931641E-03  7.272661E-04  3.501259E-02
  1.955400E-03  7.362115E-04  3.542146E-02
  1.979451E-03  7.452670E-04  3.583490E-02
  2.003798E-03  7.544338E-04  3.625293E-02
  2.028445E-03  7.637134E-04  3.667563E-02
  2.053395E-03  7.731072E-04  3.710301E-02
  2.078652E-03  7.826164E-04  3.753514E-02
  2.104219E-03  7.922427E-04  3.797207E-02
  2.130101E-03  8.019873E-04  3.841383E-02
  2.156301E-03  8.118518E-04  3.886047E-02
  2.182824E-03  8.218377E-04  3.931205E-02
  2.209673E-03  8.319464E-04  3.976860E-02
  2.236852E-03  8.421794E-04  4.023019E-02
  2.264365E-03  8.525383E-04  4.069686E-02
  2.292216E-03  8.630246E-04  4.116865E-02
  2.320411E-03  8.736399E-04  4.164561E-02
  2.348952E-03  8.843857E-04  4.212780E-02
  2.377844E-03  8.952637E-04  4.261527E-02
  2.407091E-03  9.062756E-04  4.310806E-02
  2.436699E-03  9.174229E-04  4.360622E-02
  2.466670E-03  9.287073E-04  4.410981E-02
  2.497010E-03  9.401305E-04  4.461888E-02
  2.527723E-03  9.516942E-04  4.513348E-02
  2.558814E-03  9.634001E-04  4.565365E-02
  2.590288E-03  9.752501E-04  4.617945E-02
  2.622148E-03  9.872458E-04  4.671094E-02
  2.654401E-03  9.993890E-04  4.724816E-02
  2.687050E-03  1.011682E-03  4.779117E-02
  2.720100E-03  1.024125E-03  4.834001E-02
  2.753558E-03  1.036722E-03  4.889475E-02
  2.787426E-03  1.049474E-03  4.945544E-02
  2.821712E-03  1.062383E-03  5.002212E-02
  2.856419E-03  1.075450E-03  5.059485E-02
  2.891553E-03  1.088679E-03  5.117369E-02
  2.927119E-03  1.102069E-03  5.175869E-02
  2.963122E-03  1.115625E-03  5.234990E-02
  2.999569E-03  1.129347E-03  5.294738E-02
  3.036464E-03  1.143239E-03  5.355117E-02
  3.073812E-03  1.157301E-03  5.416135E-02
  3.111620E-03  1.171536E-03  5.477795E-02
  3.149893E-03  1.185946E-03  5.540104E-02
  3.188637E-03  1.200533E-03  5.603067E-02
  3.227857E-03  1.215300E-03  5.666690E-02
  3.267559E-03  1.230248E-03  5.730977E-02
  3.307750E-03  1.245381E-03  5.795935E-02
  3.348436E-03  1.260699E-03  5.861569E-02
  3.389622E-03  1.276206E-03  5.927884E-02
  3.431314E-03  1.291903E-03  5.994887E-02
  3.473519E-03  1.307794E-03  6.062582E-02
  3.516243E-03  1.323880E-03  6.130975E-02
  3.559493E-03  1.340164E-03  6.200071E-02
  3.603275E-03  1.356649E-03  6.269877E-02
  3.647595E-03  1.373336E-03  6.340398E-02
  3.692461E-03  1.390228E-03  6.411639E-02
  3.737878E-03  1.407328E-03  6.483606E-02
  3.783854E-03  1.424639E-03  6.556304E-02
  3.830395E-03  1.442162E-03  6.629738E-02
  3.877509E-03  1.459901E-03  6.703915E-02
  3.925202E-03  1.477858E-03  6.778840E-02
  3.973482E-03  1.496037E-03  6.854518E-02
  4.022356E-03  1.514438E-03  6.930955E-02
  4.071831E-03  1.533066E-03  7.008156E-02
  4.121915E-03  1.551923E-03  7.086126E-02
  4.172614E-03  1.571013E-03  7.164871E-02
  4.223937E-03  1.590337E-03  7.244397E-02
  4.275892E-03  1.609898E-03  7.324708E-02
  4.328485E-03  1.629700E-03  7.405810E-02
  4.381726E-03  1.649746E-03  7.487709E-02
  4.435621E-03  1.670039E-03  7.570409E-02
  4.490179E-03  1.690581E-03  7.653915E-02
  4.545408E-03  1.711376E-03  7.738234E-02
  4.601317E-03  1.732426E-03  7.823369E-02
  4.657913E-03  1.753736E-03  7.909327E-02
  4.715205E-03  1.775307E-03  7.996111E-02
  4.773202E-03  1.797144E-03  8.083728E-02
  4.831913E-03  1.819250E-03  8.172182E-02
  4.891345E-03  1.841628E-03  8.261477E-02
  4.951509E-03  1.864280E-03  8.351620E-02
  5.012412E-03  1.887212E-03  8.442613E-02
  5.074065E-03  1.910426E-03  8.534463E-02
  5.136476E-03  1.933925E-03  8.627174E-02
  5.199655E-03  1.957713E-03  8.720750E-02
  5.263610E-03  1.981794E-03  8.815196E-02
  5.328353E-03  2.006171E-03  8.910516E-02
  5.393892E-03  2.030848E-03  9.006715E-02
  5.460236E-03  2.055828E-03  9.103796E-02
  5.527397E-03  2.081116E-03  9.201764E-02
  5.595384E-03  2.106715E-03  9.300623E-02
  5.664208E-03  2.132629E-03  9.400377E-02
  5.733877E-03  2.158861E-03  9.501029E-02
  5.804404E-03  2.185417E-03  9.602584E-02
  5.875798E-03  2.212299E-03  9.705045E-02
  5.948070E-03  2.239511E-03  9.808415E-02
  6.021232E-03  2.267059E-03  9.912698E-02
  6.095293E-03  2.294945E-03  1.001790E-01
  6.170265E-03  2.323175E-03  1.012402E-01
  6.246159E-03  2.351751E-03  1.023106E-01
  6.322987E-03  2.380680E-03  1.033902E-01
  6.400760E-03  2.409964E-03  1.044791E-01
  6.479489E-03  2.439608E-03  1.055774E-01
  6.559187E-03  2.469617E-03  1.066849E-01
  6.639865E-03  2.499995E-03  1.078018E-01
  6.721535E-03  2.530747E-03  1.089281E-01
  6.804210E-03  2.561878E-03  1.100638E-01
  6.887902E-03  2.593391E-03  1.112088E-01
  6.972623E-03  2.625292E-03  1.123633E-01
  7.058386E-03  2.657586E-03  1.135272E-01
  7.145204E-03  2.690276E-03  1.147006E-01
  7.233090E-03  2.723369E-03  1.158834E-01
  7.322057E-03  2.756869E-03  1.170756E-01
  7.412119E-03  2.790782E-03  1.182773E-01
  7.503288E-03  2.825111E-03  1.194885E-01
  7.595578E-03  2.859863E-03  1.207092E-01
  7.689004E-03  2.895042E-03  1.219393E-01
  7.783579E-03  2.930654E-03  1.231788E-01
  7.879317E-03  2.966705E-03  1.244279E-01
  7.976232E-03  3.003199E-03  1.256863E-01
  8.074340E-03  3.040142E-03  1.269542E-01
  8.173654E-03  3.077539E-03  1.282315E-01
  8.274190E-03  3.115397E-03  1.295182E-01
  8.375963E-03  3.153720E-03  1.308142E-01
  8.478987E-03  3.192515E-03  1.321196E-01
  8.583279E-03  3.231787E-03  1.334343E-01
  8.688853E-03  3.271542E-03  1.347583E-01
  8.795726E-03  3.311787E-03  1.360916E-01
  8.903913E-03  3.352527E-03  1.374340E-01
  9.013431E-03  3.393768E-03  1.387857E-01
  9.124297E-03  3.435516E-03  1.401464E-01
  9.236525E-03  3.477778E-03  1.415163E-01
  9.350135E-03  3.520561E-03  1.428951E-01
  9.465141E-03  3.563869E-03  1.442830E-01
  9.581563E-03  3.607711E-03  1.456797E-01
  9.699416E-03  3.652092E-03  1.470853E-01
  9.818719E-03  3.697019E-03  1.484997E-01
  9.939489E-03  3.742499E-03  1.499227E-01
  1.006174E-02  3.788538E-03  1.513544E-01
  1.018550E-02  3.835145E-03  1.527946E-01
  1.031079E-02  3.882324E-03  1.542433E-01
  1.043761E-02  3.930085E-03  1.557004E-01
  1.056599E-02  3.978433E-03  1.571657E-01
  1.069595E-02  4.027376E-03  1.586391E-01
  1.082751E-02  4.076921E-03  1.601207E-01
  1.096069E-02  4.127076E-03  1.616101E-01
  1.109551E-02  4.177848E-03  1.631074E-01
  1.123198E-02  4.229246E-03  1.646124E-01
  1.137014E-02  4.281275E-03  1.661250E-01
  1.150999E-02  4.333945E-03  1.676450E-01
  1.165156E-02  4.387264E-03  1.691724E-01
  1.179488E-02  4.441238E-03  1.707069E-01
  1.193995E-02  4.495877E-03  1.722483E-01
  1.208681E-02  4.551188E-03  1.737967E-01
  1.223548E-02  4.607180E-03  1.753516E-01
  1.238598E-02  4.663862E-03  1.769132E-01
  1.253833E-02  4.721240E-03  1.784810E-01
  1.269255E-02  4.779326E-03  1.800549E-01
  1.284867E-02  4.838126E-03  1.816349E-01
  1.300670E-02  4.897650E-03  1.832205E-01
  1.316669E-02  4.957906E-03  1.848117E-01
  1.332864E-02  5.018905E-03  1.864082E-01
  1.349258E-02  5.080654E-03  1.880099E-01
  1.365854E-02  5.143163E-03  1.896164E-01
  1.382654E-02  5.206442E-03  1.912275E-01
  1.399660E-02  5.270500E-03  1.928430E-01
  1.416876E-02  5.335347E-03  1.944627E-01
  1.434304E-02  5.400992E-03  1.960862E-01
  1.451946E-02  5.467445E-03  1.977133E-01
  1.469805E-02  5.534716E-03  1.993437E-01
  1.487883E-02  5.602816E-03  2.009771E-01
  1.506184E-02  5.671754E-03  2.026133E-01
  1.524710E-02  5.741541E-03  2.042519E-01
  1.543464E-02  5.812187E-03  2.058926E-01
  1.562449E-02  5.883703E-03  2.075351E-01
  1.581667E-02  5.956100E-03  2.091790E-01
  1.601121E-02  6.029388E-03  2.108240E-01
  1.620815E-02  6.103579E-03  2.124697E-01
  1.640751E-02  6.178683E-03  2.141158E-01
  1.660933E-02  6.254713E-03  2.157619E-01
  1.681362E-02  6.331678E-03  2.174075E-01
  1.702043E-02  6.409592E-03  2.190524E-01
  1.722978E-02  6.488465E-03  2.206961E-01
  1.744171E-02  6.568310E-03  2.223381E-01
  1.765624E-02  6.649138E-03  2.239781E-01
  1.787341E-02  6.730962E-03  2.256155E-01
  1.809325E-02  6.813794E-03  2.272500E-01
  1.831580E-02  6.897646E-03  2.288811E-01
  1.854108E-02  6.982531E-03  2.305082E-01
  1.876914E-02  7.068462E-03  2.321309E-01
  1.900000E-02  7.155452E-03  2.337488E-01
  1.923370E-02  7.243514E-03  2.353612E-01
  1.947027E-02  7.332660E-03  2.369676E-01
  1.970976E-02  7.422905E-03  2.385675E-01
  1.995219E-02  7.514262E-03  2.401604E-01
  2.019760E-02  7.606745E-03  2.417457E-01
  2.044603E-02  7.700368E-03  2.433227E-01
  2.069752E-02  7.795144E-03  2.448910E-01
  2.095210E-02  7.891089E-03  2.464498E-01
  2.120981E-02  7.988216E-03  2.479986E-01
  2.147069E-02  8.086540E-03  2.495367E-01
  2.173478E-02  8.186076E-03  2.510635E-01
  2.200212E-02  8.286840E-03  2.525783E-01
  2.227274E-02  8.388846E-03  2.540804E-01
  2.254670E-02  8.492109E-03  2.555692E-01
  2.282402E-02  8.596646E-03  2.570439E-01
  2.310476E-02  8.702471E-03  2.585037E-01
  2.338894E-02  8.809602E-03  2.599481E-01
  2.367663E-02  8.918054E-03  2.613761E-01
  2.396785E-02  9.027843E-03  2.627871E-01
  2.426266E-02  9.138987E-03  2.641802E-01
  2.456109E-02  9.251501E-03  2.655547E-01
  2.486319E-02  9.365404E-03  2.669097E-01
  2.516901E-02  9.480712E-03  2.682444E-01
  2.547858E-02  9.597442E-03  2.695580E-01
  2.579197E-02  9.715613E-03  2.708496E-01
  2.610921E-02  9.835242E-03  2.721182E-01
  2.643036E-02  9.956348E-03  2.733631E-01
  2.675545E-02  1.007895E-02  2.745833E-01
  2.708454E-02  1.020306E-02  2.757779E-01
  2.741768E-02  1.032871E-02  2.769459E-01
  2.775492E-02  1.045590E-02  2.780864E-01
  2.809630E-02  1.058467E-02  2.791984E-01
  2.844189E-02  1.071503E-02  2.802810E-01
  2.879172E-02  1.084700E-02  2.813330E-01
  2.914586E-02  1.098059E-02  2.823535E-01
  2.950436E-02  1.111584E-02  2.833415E-01
  2.986726E-02  1.125276E-02  2.842959E-01
  3.023463E-02  1.139137E-02  2.852156E-01
  3.060651E-02  1.153169E-02  2.860996E-01
  3.098297E-02  1.167375E-02  2.869467E-01
  3.136406E-02  1.181756E-02  2.877558E-01
  3.174984E-02  1.196315E-02  2.885258E-01
  3.214036E-02  1.211054E-02  2.892555E-01
  3.253569E-02  1.225975E-02  2.899439E-01
  3.293588E-02  1.241081E-02  2.905896E-01
  3.334099E-02  1.256374E-02  2.911916E-01
  3.375108E-02  1.271856E-02  2.917485E-01
  3.416622E-02  1.287529E-02  2.922593E-01
  3.458647E-02  1.303396E-02  2.927226E-01
  3.501188E-02  1.319460E-02  2.931372E-01
  3.544253E-02  1.335723E-02  2.935018E-01
  3.587847E-02  1.352186E-02  2.938152E-01
  3.631978E-02  1.368854E-02  2.940761E-01
  3.676651E-02  1.385728E-02  2.942832E-01
  3.721874E-02  1.402812E-02  2.944351E-01
  3.767653E-02  1.420106E-02  2.945306E-01
  3.813995E-02  1.437616E-02  2.945683E-01
  3.860907E-02  1.455342E-02  2.945468E-01
  3.908396E-02  1.473288E-02  2.944648E-01
  3.956469E-02  1.491457E-02  2.943210E-01
  4.005134E-02  1.509850E-02  2.941139E-01
  4.054397E-02  1.528473E-02  2.938422E-01
  4.104266E-02  1.547326E-02  2.935045E-01
  4.154749E-02  1.566413E-02  2.930994E-01
  4.205852E-02  1.585737E-02  2.926254E-01
  4.257584E-02  1.605301E-02  2.920812E-01
  4.309952E-02  1.625109E-02  2.914653E-01
  4.362965E-02  1.645162E-02  2.907764E-01
  4.416629E-02  1.665464E-02  2.900129E-01
  4.470954E-02  1.686019E-02  2.891735E-01
  4.525947E-02  1.706830E-02  2.882567E-01
  4.581616E-02  1.727900E-02  2.872611E-01
  4.637970E-02  1.749231E-02  2.861853E-01
  4.695017E-02  1.770829E-02  2.850278E-01
  4.752765E-02  1.792695E-02  2.837872E-01
  4.811224E-02  1.814833E-02  2.824620E-01
  4.870402E-02  1.837248E-02  2.810509E-01
  4.930308E-02  1.859942E-02  2.795523E-01
  4.990951E-02  1.882918E-02  2.779650E-01
  5.052340E-02  1.906182E-02  2.762874E-01
  5.114484E-02  1.929736E-02  2.745183E-01
  5.177392E-02  1.953584E-02  2.726561E-01
  5.241074E-02  1.977730E-02  2.706995E-01
  5.305539E-02  2.002177E-02  2.686472E-01
  5.370797E-02  2.026930E-02  2.664977E-01
  5.436858E-02  2.051993E-02  2.642498E-01
  5.503731E-02  2.077369E-02  2.619021E-01
  5.571427E-02  2.103063E-02  2.594533E-01
  5.639956E-02  2.129079E-02  2.569022E-01
  5.709327E-02  2.155421E-02  2.542474E-01
  5.779552E-02  2.182093E-02  2.514878E-01
  5.850640E-02  2.209100E-02  2.486220E-01
  5.922603E-02  2.236446E-02  2.456490E-01
  5.995451E-02  2.264135E-02  2.425675E-01
  6.069195E-02  2.292172E-02  2.393764E-01
  6.143846E-02  2.320562E-02  2.360746E-01
  6.219416E-02  2.349309E-02  2.326611E-01
  6.295914E-02  2.378417E-02  2.291348E-01
  6.373354E-02  2.407893E-02  2.254947E-01
  6.451746E-02  2.437740E-02  2.217398E-01
  6.531103E-02  2.467963E-02  2.178693E-01
  6.611435E-02  2.498568E-02  2.138822E-01
  6.692756E-02  2.529560E-02  2.097779E-01
  6.775077E-02  2.560943E-02  2.055553E-01
  6.858410E-02  2.592724E-02  2.012139E-01
  6.942769E-02  2.624907E-02  1.967530E-01
  7.028165E-02  2.657497E-02  1.921719E-01
  7.114611E-02  2.690501E-02  1.874701E-01
  7.202121E-02  2.723924E-02  1.826471E-01
  7.290707E-02  2.757772E-02  1.777024E-01
  7.380383E-02  2.792049E-02  1.726357E-01
  7.471162E-02  2.826763E-02  1.674466E-01
  7.563057E-02  2.861920E-02  1.621350E-01
  7.656082E-02  2.897524E-02  1.567005E-01
  7.750252E-02  2.933583E-02  1.511433E-01
  7.845580E-02  2.970102E-02  1.454631E-01
  7.942081E-02  3.007089E-02  1.396601E-01
  8.039769E-02  3.044549E-02  1.337345E-01
  8.138658E-02  3.082490E-02  1.276864E-01
  8.238763E-02  3.120917E-02  1.215162E-01
  8.340100E-02  3.159838E-02  1.152243E-01
  8.442683E-02  3.199259E-02  1.088111E-01
  8.546528E-02  3.239188E-02  1.022773E-01
  8.651651E-02  3.279632E-02  9.562359E-02
  8.758066E-02  3.320598E-02  8.885070E-02
  8.865790E-02  3.362094E-02  8.195955E-02
  8.974839E-02  3.404127E-02  7.495114E-02
  9.085230E-02  3.446705E-02  6.782657E-02
  9.196978E-02  3.489836E-02  6.058707E-02
  9.310101E-02  3.533528E-02  5.323397E-02
  9.424615E-02  3.577789E-02  4.576870E-02
  9.540538E-02  3.622627E-02  3.819285E-02
  9.657887E-02  3.668051E-02  3.050809E-02
  9.776679E-02  3.714069E-02  2.271623E-02
  9.896932E-02  3.760691E-02  1.481922E-02
  1.001866E-01  3.807925E-02  6.819107E-03
  1.014189E-01  3.855780E-02 -1.281908E-03
  1.026664E-01  3.904267E-02 -9.481499E-03
  1.039292E-01  3.953394E-02 -1.777721E-02
  1.052075E-01  4.003171E-02 -2.616643E-02
  1.065016E-01  4.053609E-02 -3.464645E-02
  1.078115E-01  4.104717E-02 -4.321436E-02
  1.091376E-01  4.156505E-02 -5.186717E-02
  1.104800E-01  4.208986E-02 -6.060171E-02
  1.118389E-01  4.262168E-02 -6.941466E-02
  1.132145E-01  4.316065E-02 -7.830258E-02
  1.146071E-01  4.370686E-02 -8.726185E-02
  1.160167E-01  4.426044E-02 -9.628873E-02
  1.174437E-01  4.482150E-02 -1.053793E-01
  1.188883E-01  4.539017E-02 -1.145295E-01
  1.203506E-01  4.596658E-02 -1.237352E-01
  1.218309E-01  4.655084E-02 -1.329919E-01
  1.233295E-01  4.714310E-02 -1.422951E-01
  1.248464E-01  4.774349E-02 -1.516402E-01
  1.263820E-01  4.835214E-02 -1.610224E-01
  1.279365E-01  4.896920E-02 -1.704365E-01
  1.295101E-01  4.959482E-02 -1.798776E-01
  1.311031E-01  5.022914E-02 -1.893402E-01
  1.327157E-01  5.087231E-02 -1.988189E-01
  1.343481E-01  5.152450E-02 -2.083081E-01
  1.360006E-01  5.218587E-02 -2.178020E-01
  1.376734E-01  5.285659E-02 -2.272947E-01
  1.393668E-01  5.353682E-02 -2.367800E-01
  1.410810E-01  5.422675E-02 -2.462518E-01
  1.428163E-01  5.492655E-02 -2.557035E-01
  1.445729E-01  5.563642E-02 -2.651287E-01
  1.463512E-01  5.635654E-02 -2.745206E-01
  1.481513E-01  5.708713E-02 -2.838724E-01
  1.499735E-01  5.782838E-02 -2.931770E-01
  1.518182E-01  5.858051E-02 -3.024273E-01
  1.536856E-01  5.934373E-02 -3.116160E-01
  1.555759E-01  6.011828E-02 -3.207356E-01
  1.574895E-01  6.090438E-02 -3.297786E-01
  1.594266E-01  6.170229E-02 -3.387374E-01
  1.613876E-01  6.251225E-02 -3.476039E-01
  1.633726E-01  6.333452E-02 -3.563703E-01
  1.653821E-01  6.416936E-02 -3.650285E-01
  1.674163E-01  6.501707E-02 -3.735704E-01
  1.694755E-01  6.587792E-02 -3.819875E-01
  1.715601E-01  6.675222E-02 -3.902715E-01
  1.736703E-01  6.764027E-02 -3.984140E-01
  1.758064E-01  6.854240E-02 -4.064063E-01
  1.779688E-01  6.945894E-02 -4.142397E-01
  1.801578E-01  7.039024E-02 -4.219056E-01
  1.823738E-01  7.133665E-02 -4.293950E-01
  1.846170E-01  7.229856E-02 -4.366992E-01
  1.868878E-01  7.327634E-02 -4.438091E-01
  1.891865E-01  7.427041E-02 -4.507159E-01
  1.915135E-01  7.528119E-02 -4.574105E-01
  1.938691E-01  7.630911E-02 -4.638838E-01
  1.962537E-01  7.735463E-02 -4.701268E-01
  1.986676E-01  7.841822E-02 -4.761305E-01
  2.011112E-01  7.950038E-02 -4.818857E-01
  2.035849E-01  8.060163E-02 -4.873834E-01
  2.060890E-01  8.172249E-02 -4.926146E-01
  2.086239E-01  8.286355E-02 -4.975703E-01
  2.111900E-01  8.402537E-02 -5.022415E-01
  2.137876E-01  8.520857E-02 -5.066192E-01
  2.164172E-01  8.641378E-02 -5.106947E-01
  2.190791E-01  8.764168E-02 -5.144592E-01
  2.217738E-01  8.889295E-02 -5.179039E-01
  2.245016E-01  9.016832E-02 -5.210203E-01
  2.272630E-01  9.146856E-02 -5.237999E-01
  2.300583E-01  9.279445E-02 -5.262344E-01
  2.328880E-01  9.414682E-02 -5.283154E-01
  2.357525E-01  9.552653E-02 -5.300351E-01
  2.386523E-01  9.693451E-02 -5.313853E-01
  2.415877E-01  9.837168E-02 -5.323585E-01
  2.445593E-01  9.983906E-02 -5.329470E-01
  2.475673E-01  1.013377E-01 -5.331435E-01
  2.506124E-01  1.028686E-01 -5.329408E-01
  2.536949E-01  1.044330E-01 -5.323321E-01
  2.568154E-01  1.060320E-01 -5.313106E-01
  2.599742E-01  1.076669E-01 -5.298700E-01
  2.631719E-01  1.093390E-01 -5.280040E-01
  2.664089E-01  1.110497E-01 -5.257068E-01
  2.696857E-01  1.128004E-01 -5.229728E-01
  2.730029E-01  1.145925E-01 -5.197967E-01
  2.763608E-01  1.164278E-01 -5.161735E-01
  2.797601E-01  1.183077E-01 -5.120987E-01
  2.832011E-01  1.202341E-01 -5.075679E-01
  2.866845E-01  1.222087E-01 -5.025772E-01
  2.902107E-01  1.242334E-01 -4.971230E-01
  2.937803E-01  1.263102E-01 -4.912022E-01
  2.973938E-01  1.284413E-01 -4.848120E-01
  3.010517E-01  1.306286E-01 -4.779499E-01
  3.047547E-01  1.328746E-01 -4.706142E-01
  3.085032E-01  1.351816E-01 -4.628031E-01
  3.122977E-01  1.375521E-01 -4.545157E-01
  3.161390E-01  1.399887E-01 -4.457513E-01
  3.200275E-01  1.424942E-01 -4.365098E-01
  3.239639E-01  1.450714E-01 -4.267914E-01
  3.279486E-01  1.477234E-01 -4.165971E-01
  3.319824E-01  1.504532E-01 -4.059279E-01
  3.360658E-01  1.532641E-01 -3.947859E-01
  3.401994E-01  1.561597E-01 -3.831732E-01
  3.443838E-01  1.591434E-01 -3.710927E-01
  3.486197E-01  1.622191E-01 -3.585477E-01
  3.529078E-01  1.653907E-01 -3.455421E-01
  3.572485E-01  1.686623E-01 -3.320804E-01
  3.616427E-01  1.720382E-01 -3.181675E-01
  3.660909E-01  1.755229E-01 -3.038090E-01
  3.705938E-01  1.791210E-01 -2.890108E-01
  3.751521E-01  1.828376E-01 -2.737797E-01
  3.797665E-01  1.866777E-01 -2.581228E-01
  3.844376E-01  1.906466E-01 -2.420479E-01
  3.891662E-01  1.947498E-01 -2.255633E-01
  3.939529E-01  1.989933E-01 -2.086778E-01
  3.987986E-01  2.033830E-01 -1.914008E-01
  4.037038E-01  2.079252E-01 -1.737424E-01
  4.086693E-01  2.126265E-01 -1.557131E-01
  4.136960E-01  2.174936E-01 -1.373240E-01
  4.187844E-01  2.225335E-01 -1.185867E-01
  4.239355E-01  2.277538E-01 -9.951328E-02
  4.291499E-01  2.331618E-01 -8.011657E-02
  4.344284E-01  2.387656E-01 -6.040973E-02
  4.397719E-01  2.445732E-01 -4.040650E-02
  4.451811E-01  2.505932E-01 -2.012111E-02
  4.506568E-01  2.568341E-01  4.316978E-04
  4.561999E-01  2.633050E-01  2.123673E-02
  4.618112E-01  2.700152E-01  4.227830E-02
  4.674914E-01  2.769742E-01  6.354028E-02
  4.732416E-01  2.841917E-01  8.500612E-02
  4.790624E-01  2.916778E-01  1.066588E-01
  4.849549E-01  2.994426E-01  1.284810E-01
  4.909199E-01  3.074968E-01  1.504549E-01
  4.969582E-01  3.158509E-01  1.725623E-01
  5.030708E-01  3.245157E-01  1.947848E-01
  5.092585E-01  3.335022E-01  2.171036E-01
  5.155224E-01  3.428215E-01  2.394995E-01
  5.218633E-01  3.524847E-01  2.619532E-01
  5.282823E-01  3.625028E-01  2.844451E-01
  5.347801E-01  3.728871E-01  3.069554E-01
  5.413579E-01  3.836484E-01  3.294640E-01
  5.480166E-01  3.947976E-01  3.519509E-01
  5.547572E-01  4.063453E-01  3.743958E-01
  5.615807E-01  4.183017E-01  3.967784E-01
  5.684882E-01  4.306766E-01  4.190784E-01
  5.754806E-01  4.434793E-01  4.412755E-01
  5.825590E-01  4.567185E-01  4.633495E-01
  5.897245E-01  4.704020E-01  4.852803E-01
  5.969781E-01  4.845369E-01  5.070477E-01
  6.043209E-01  4.991289E-01  5.286319E-01
  6.117541E-01  5.141828E-01  5.500131E-01
  6.192786E-01  5.297018E-01  5.711717E-01
  6.268958E-01  5.456877E-01  5.920879E-01
  6.346066E-01  5.621403E-01  6.127424E-01
  6.424123E-01  5.790577E-01  6.331156E-01
  6.503139E-01  5.964354E-01  6.531879E-01
  6.583128E-01  6.142669E-01  6.729398E-01
  6.664100E-01  6.325428E-01  6.923515E-01
  6.746069E-01  6.512508E-01  7.114035E-01
  6.829045E-01  6.703754E-01  7.300759E-01
  6.913043E-01  6.898979E-01  7.483490E-01
  6.998073E-01  7.097959E-01  7.662034E-01
  7.084149E-01  7.300429E-01  7.836197E-01
  7.171284E-01  7.506088E-01  8.005791E-01
  7.259491E-01  7.714588E-01  8.170631E-01
  7.348783E-01  7.925538E-01  8.330539E-01
  7.439173E-01  8.138501E-01  8.485342E-01
  7.530675E-01  8.352993E-01  8.634875E-01
  7.623302E-01  8.568481E-01  8.778979E-01
  7.717069E-01  8.784386E-01  8.917504E-01
  7.811989E-01  9.000078E-01  9.050306E-01
  7.908076E-01  9.214883E-01  9.177250E-01
  8.005345E-01  9.428080E-01  9.298209E-01
  8.103811E-01  9.638909E-01  9.413063E-01
  8.203488E-01  9.846568E-01  9.521700E-01
  8.304391E-01  1.005022E+00  9.624019E-01
  8.406535E-01  1.024901E+00  9.719923E-01
  8.509935E-01  1.044204E+00  9.809328E-01
  8.614608E-01  1.062842E+00  9.892154E-01
  8.720567E-01  1.080724E+00  9.968335E-01
  8.827830E-01  1.097757E+00  1.003781E+00
  8.936413E-01  1.113852E+00  1.010053E+00
  9.046330E-01  1.128918E+00  1.015645E+00
  9.157600E-01  1.142868E+00  1.020555E+00
  9.270239E-01  1.155613E+00  1.024779E+00
  9.384263E-01  1.167071E+00  1.028317E+00
  9.499689E-01  1.177159E+00  1.031168E+00
  9.616535E-01  1.185800E+00  1.033333E+00
  9.734819E-01  1.192921E+00  1.034814E+00
  9.854557E-01  1.198456E+00  1.035614E+00
  9.975768E-01  1.202345E+00  1.035735E+00
  1.009847E+00  1.204538E+00  1.035183E+00
  1.022268E+00  1.204998E+00  1.033963E+00
  1.034842E+00  1.203696E+00  1.032082E+00
  1.047571E+00  1.200619E+00  1.029547E+00
  1.060456E+00  1.195765E+00  1.026367E+00
  1.073499E+00  1.189150E+00  1.022550E+00
  1.086703E+00  1.180800E+00  1.018107E+00
  1.100070E+00  1.170758E+00  1.013049E+00
  1.113601E+00  1.159079E+00  1.007387E+00
  1.127298E+00  1.145834E+00  1.001135E+00
  1.141164E+00  1.131105E+00  9.943052E-01
  1.155200E+00  1.114983E+00  9.869122E-01
  1.169409E+00  1.097575E+00  9.789706E-01
  1.183793E+00  1.078991E+00  9.704959E-01
  1.198353E+00  1.059352E+00  9.615043E-01
  1.213093E+00  1.038785E+00  9.520124E-01
  1.228014E+00  1.017420E+00  9.420374E-01
  1.243119E+00  9.953904E-01  9.315972E-01
  1.258409E+00  9.728290E-01  9.207099E-01
  1.273888E+00  9.498689E-01  9.093943E-01
  1.289556E+00  9.266401E-01  8.976694E-01
  1.305418E+00  9.032681E-01  8.855548E-01
  1.321475E+00  8.798726E-01  8.730701E-01
  1.337729E+00  8.565661E-01  8.602355E-01
  1.354183E+00  8.334525E-01  8.470711E-01
  1.370839E+00  8.106260E-01  8.335977E-01
  1.387700E+00  7.881704E-01  8.198356E-01
  1.404769E+00  7.661579E-01  8.058058E-01
  1.422048E+00  7.446490E-01  7.915291E-01
  1.439539E+00  7.236918E-01  7.770264E-01
  1.457245E+00  7.033219E-01  7.623185E-01
  1.475169E+00  6.835623E-01  7.474262E-01
  1.493314E+00  6.644237E-01  7.323704E-01
  1.511682E+00  6.459047E-01  7.171717E-01
  1.530276E+00  6.279923E-01  7.018504E-01
  1.549098E+00  6.106626E-01  6.864270E-01
  1.568152E+00  5.938819E-01  6.709215E-01
  1.587440E+00  5.776073E-01  6.553535E-01
  1.606966E+00  5.617883E-01  6.397427E-01
  1.626731E+00  5.463683E-01  6.241081E-01
  1.646740E+00  5.312860E-01  6.084685E-01
  1.666995E+00  5.164773E-01  5.928422E-01
  1.687499E+00  5.018774E-01  5.772472E-01
  1.708255E+00  4.874229E-01  5.617009E-01
  1.729267E+00  4.730538E-01  5.462203E-01
  1.750537E+00  4.587159E-01  5.308218E-01
  1.772068E+00  4.443628E-01  5.155213E-01
  1.793865E+00  4.299574E-01  5.003342E-01
  1.815929E+00  4.154743E-01  4.852752E-01
  1.838265E+00  4.009003E-01  4.703584E-01
  1.860876E+00  3.862352E-01  4.555974E-01
  1.883765E+00  3.714922E-01  4.410049E-01
  1.906935E+00  3.566977E-01  4.265933E-01
  1.930390E+00  3.418896E-01  4.123741E-01
  1.954134E+00  3.271166E-01  3.983581E-01
  1.978170E+00  3.124359E-01  3.845556E-01
  2.002501E+00  2.979106E-01  3.709761E-01
  2.027132E+00  2.836075E-01  3.576285E-01
  2.052066E+00  2.695938E-01  3.445210E-01
  2.077306E+00  2.559343E-01  3.316610E-01
  2.102857E+00  2.426884E-01  3.190556E-01
  2.128722E+00  2.299077E-01  3.067108E-01
  2.154906E+00  2.176335E-01  2.946322E-01
  2.181411E+00  2.058953E-01  2.828248E-01
  2.208242E+00  1.947097E-01  2.712929E-01
  2.235404E+00  1.840800E-01  2.600403E-01
  2.262899E+00  1.739972E-01  2.490701E-01
  2.290733E+00  1.644408E-01  2.383848E-01
  2.318909E+00  1.553818E-01  2.279866E-01
  2.347431E+00  1.467848E-01  2.178768E-01
  2.376305E+00  1.386118E-01  2.080566E-01
  2.405533E+00  1.308261E-01  1.985264E-01
  2.435121E+00  1.233956E-01  1.892862E-01
  2.465073E+00  1.162961E-01  1.803356E-01
  2.495394E+00  1.095126E-01  1.716737E-01
  2.526087E+00  1.030359E-01  1.632990E-01
  2.557158E+00  9.685857E-02  1.552097E-01
  2.588611E+00  9.097274E-02  1.474037E-01
  2.620451E+00  8.537033E-02  1.398781E-01
  2.652683E+00  8.004289E-02  1.326299E-01
  2.685311E+00  7.498173E-02  1.256555E-01
  2.718340E+00  7.017801E-02  1.189509E-01
  2.751776E+00  6.562278E-02  1.125119E-01
  2.785622E+00  6.130712E-02  1.063337E-01
  2.819885E+00  5.722215E-02  1.004112E-01
  2.854570E+00  5.335909E-02  9.473918E-02
  2.889681E+00  4.970930E-02  8.931196E-02
  2.925224E+00  4.626427E-02  8.412374E-02
  2.961205E+00  4.301567E-02  7.916850E-02
  2.997627E+00  3.995529E-02  7.444011E-02
  3.034498E+00  3.707513E-02  6.993229E-02
  3.071823E+00  3.436733E-02  6.563870E-02
  3.109606E+00  3.182421E-02  6.155293E-02
  3.147854E+00  2.943826E-02  5.766855E-02
  3.186573E+00  2.720215E-02  5.397910E-02
  3.225768E+00  2.510873E-02  5.047814E-02
  3.265445E+00  2.315104E-02  4.715923E-02
  3.305610E+00  2.132231E-02  4.401597E-02
  3.346269E+00  1.961597E-02  4.104199E-02
  3.387428E+00  1.802563E-02  3.823098E-02
  3.429093E+00  1.654511E-02  3.557670E-02
  3.471271E+00  1.516844E-02  3.307296E-02
  3.513967E+00  1.388983E-02  3.071369E-02
  3.557189E+00  1.270374E-02  2.849286E-02
  3.600943E+00  1.160478E-02  2.640458E-02
  3.645234E+00  1.058783E-02  2.444305E-02
  3.690071E+00  9.647911E-03  2.260258E-02
  3.735459E+00  8.780299E-03  2.087760E-02
  3.781405E+00  7.980450E-03  1.926269E-02
  3.827916E+00  7.244026E-03  1.775252E-02
  3.874999E+00  6.566889E-03  1.634194E-02
  3.922662E+00  5.945093E-03  1.502590E-02
  3.970911E+00  5.374886E-03  1.379953E-02
  4.019753E+00  4.852705E-03  1.265809E-02
  4.069196E+00  4.375167E-03  1.159698E-02
  4.119247E+00  3.939071E-03  1.061177E-02
  4.169914E+00  3.541388E-03  9.698181E-03
  4.221204E+00  3.179261E-03  8.852079E-03
  4.273124E+00  2.849992E-03  8.069487E-03
  4.325684E+00  2.551047E-03  7.346585E-03
  4.378890E+00  2.280041E-03  6.679704E-03
  4.432750E+00  2.034739E-03  6.065327E-03
  4.487273E+00  1.813045E-03  5.500092E-03
  4.542466E+00  1.613001E-03  4.980783E-03
  4.598339E+00  1.432779E-03  4.504335E-03
  4.654898E+00  1.270675E-03  4.067826E-03
  4.712153E+00  1.125104E-03  3.668481E-03
  4.770113E+00  9.945951E-04  3.303662E-03
  4.828785E+00  8.777830E-04  2.970871E-03
  4.888179E+00  7.734061E-04  2.667744E-03
  4.948304E+00  6.802988E-04  2.392050E-03
  5.009168E+00  5.973867E-04  2.141684E-03
  5.070781E+00  5.236812E-04  1.914664E-03
  5.133151E+00  4.582749E-04  1.709130E-03
  5.196289E+00  4.003359E-04  1.523337E-03
  5.260204E+00  3.491034E-04  1.355653E-03
  5.324904E+00  3.038828E-04  1.204552E-03
  5.390400E+00  2.640416E-04  1.068611E-03
  5.456702E+00  2.290044E-04  9.465068E-04
  5.523820E+00  1.982493E-04  8.370090E-04
  5.591763E+00  1.713039E-04  7.389777E-04
  5.660541E+00  1.477409E-04  6.513576E-04
  5.730166E+00  1.271755E-04  5.731743E-04
  5.800647E+00  1.092610E-04  5.035294E-04
  5.871995E+00  9.368644E-05  4.415964E-04
  5.944221E+00  8.017294E-05  3.866163E-04
  6.017335E+00  6.847128E-05  3.378939E-04
  6.091348E+00  5.835905E-05  2.947928E-04
  6.166271E+00  4.963826E-05  2.567324E-04
  6.242116E+00  4.213303E-05  2.231838E-04
  6.318895E+00  3.568747E-05  1.936659E-04
  6.396617E+00  3.016368E-05  1.677422E-04
  6.475295E+00  2.544001E-05  1.450176E-04
  6.554941E+00  2.140931E-05  1.251347E-04
  6.635567E+00  1.797749E-05  1.077713E-04
  6.717185E+00  1.506205E-05  9.263746E-05
  6.799806E+00  1.259087E-05  7.947261E-05
  6.883444E+00  1.050102E-05  6.804323E-05
  6.968110E+00  8.737738E-06  5.814038E-05
  7.053818E+00  7.253462E-06  4.957756E-05
  7.140580E+00  6.006999E-06  4.218864E-05
  7.228409E+00  4.962753E-06  3.582594E-05
  7.317318E+00  4.090038E-06  3.035845E-05
  7.407321E+00  3.362468E-06  2.567024E-05
  7.498431E+00  2.757412E-06  2.165893E-05
  7.590662E+00  2.255507E-06  1.823427E-05
  7.684027E+00  1.840229E-06  1.531695E-05
  7.778541E+00  1.497513E-06  1.283739E-05
  7.874217E+00  1.215420E-06  1.073468E-05
  7.971070E+00  9.838418E-07  8.955656E-06
  8.069114E+00  7.942414E-07  7.453991E-06
  8.168364E+00  6.394313E-07  6.189435E-06
  8.268835E+00  5.133749E-07  5.127094E-06
  8.370541E+00  4.110173E-07  4.236789E-06
  8.473499E+00  3.281371E-07  3.492487E-06
  8.577723E+00  2.612194E-07  2.871787E-06
  8.683229E+00  2.073458E-07  2.355462E-06
  8.790033E+00  1.641003E-07  1.927051E-06
  8.898150E+00  1.294889E-07  1.572498E-06
  9.007598E+00  1.018706E-07  1.279834E-06
  9.118391E+00  7.989934E-08  1.038892E-06
  9.230547E+00  6.247397E-08  8.410587E-07
  9.344083E+00  4.869683E-08  6.790595E-07
  9.459015E+00  3.783832E-08  5.467653E-07
  9.575361E+00  2.930731E-08  4.390274E-07
  9.693138E+00  2.262647E-08  3.515327E-07
  9.812364E+00  1.741154E-08  2.806783E-07
  9.933056E+00  1.335428E-08  2.234634E-07
  1.005523E+01  1.020821E-08  1.773960E-07
  1.017891E+01  7.776904E-09  1.404126E-07
  1.030411E+01  5.904387E-09  1.108099E-07
  1.043085E+01  4.467206E-09  8.718573E-08
  1.055915E+01  3.368001E-09  6.838988E-08
  1.068903E+01  2.530261E-09  5.348132E-08
  1.082050E+01  1.894074E-09  4.169274E-08
  1.095360E+01  1.412695E-09  3.240044E-08
  1.108833E+01  1.049787E-09  2.509906E-08
  1.122471E+01  7.772048E-10  1.938044E-08
  1.136278E+01  5.732347E-10  1.491601E-08
  1.150254E+01  4.211846E-10  1.144217E-08
  1.164402E+01  3.082731E-10  8.748092E-09
  1.178724E+01  2.247511E-10  6.665773E-09
  1.193222E+01  1.632115E-10  5.061770E-09
  1.207899E+01  1.180488E-10  3.830464E-09
  1.222756E+01  8.503815E-11  2.888548E-09
  1.237796E+01  6.100790E-11  2.170546E-09
  1.253021E+01  4.358700E-11  1.625179E-09
  1.268433E+01  3.101021E-11  1.212432E-09
  1.284035E+01  2.196885E-11  9.011959E-10
  1.299829E+01  1.549683E-11  6.673708E-10
  1.315816E+01  1.088399E-11  4.923592E-10
  1.332001E+01  7.610632E-12  3.618631E-10
  1.348385E+01  5.298066E-12  2.649317E-10
  1.364970E+01  3.671593E-12  1.932106E-10
  1.381759E+01  2.532844E-12  1.403508E-10
  1.398755E+01  1.739222E-12  1.015466E-10
  1.415959E+01  1.188693E-12  7.317471E-11
  1.433375E+01  8.085895E-13  5.251470E-11
  1.451006E+01  5.474000E-13  3.753215E-11
  1.468853E+01  3.687861E-13  2.671203E-11
  1.486920E+01  2.472360E-13  1.893081E-11
  1.505209E+01  1.649263E-13  1.335882E-11
  1.523723E+01  1.094669E-13  9.386001E-12
  1.542465E+01  7.228765E-14  6.565746E-12
  1.561438E+01  4.749044E-14  4.572516E-12
  1.580643E+01  3.103714E-14  3.170081E-12
  1.600085E+01  2.017729E-14  2.187791E-12
  1.619766E+01  1.304732E-14  1.502925E-12
  1.639689E+01  8.391287E-15  1.027638E-12
  1.659858E+01  5.367298E-15  6.993421E-13
  1.680274E+01  3.414078E-15  4.736535E-13
  1.700941E+01  2.159494E-15  3.192478E-13
  1.721863E+01  1.358192E-15  2.141240E-13
  1.743042E+01  8.493182E-16  1.429048E-13
  1.764481E+01  5.280182E-16  9.489550E-14
  1.786184E+01  3.263362E-16  6.269535E-14
  1.808154E+01  2.004874E-16  4.120866E-14
  1.830395E+01  1.224285E-16  2.694496E-14
  1.852908E+01  7.430438E-17  1.752568E-14
  1.875699E+01  4.481850E-17  1.133840E-14
  1.898770E+01  0.000000E+00  7.295913E-15
  1.922125E+01  0.000000E+00  4.669063E-15
  1.945767E+01  0.000000E+00  2.971478E-15
  1.969700E+01  0.000000E+00  1.880520E-15
  1.993928E+01  0.000000E+00  1.183359E-15
  2.018453E+01  0.000000E+00  7.403835E-16
  2.043280E+01  0.000000E+00  4.605408E-16
  2.068412E+01  0.000000E+00  2.847863E-16
  2.093854E+01  0.000000E+00  1.750562E-16
  2.119608E+01  0.000000E+00  1.069574E-16
  2.145679E+01  0.000000E+00  6.495043E-17
  2.172071E+01  0.000000E+00  3.919799E-17
  2.198788E+01  0.000000E+00  2.113822E-12
  2.225833E+01  0.000000E+00  1.462363E-12
  2.253210E+01  0.000000E+00  1.006991E-12
  2.280925E+01  0.000000E+00  6.901679E-13
  2.308980E+01  0.000000E+00  4.707798E-13
  2.337381E+01  0.000000E+00  3.195877E-13
  2.366130E+01  0.000000E+00  2.158975E-13
  2.395234E+01  0.000000E+00  1.451334E-13
  2.424695E+01  0.000000E+00  9.708163E-14
  2.454519E+01  0.000000E+00  0.000000E+00
  2.484710E+01  0.000000E+00  0.000000E+00
  2.515271E+01  0.000000E+00  0.000000E+00
  2.546209E+01  0.000000E+00  0.000000E+00
  2.577528E+01  0.000000E+00  0.000000E+00
  2.609231E+01  0.000000E+00  0.000000E+00
  2.641325E+01  0.000000E+00  0.000000E+00
  2.673813E+01  0.000000E+00  0.000000E+00
  2.706701E+01  0.000000E+00  0.000000E+00
  2.739993E+01  0.000000E+00  0.000000E+00
  2.773695E+01  0.000000E+00  0.000000E+00
  2.807812E+01  0.000000E+00  0.000000E+00
  2.842348E+01  0.000000E+00  0.000000E+00
  2.877309E+01  0.000000E+00  0.000000E+00
  2.912700E+01  0.000000E+00  0.000000E+00
  2.948526E+01  0.000000E+00  0.000000E+00
  2.984793E+01  0.000000E+00  0.000000E+00
  3.021506E+01  0.000000E+00  0.000000E+00
  3.058670E+01  0.000000E+00  0.000000E+00
  3.096292E+01  0.000000E+00  0.000000E+00
  3.134376E+01  0.000000E+00  0.000000E+00
  3.172929E+01  0.000000E+00  0.000000E+00
  3.211956E+01  0.000000E+00  0.000000E+00
  3.251463E+01  0.000000E+00  0.000000E+00
  3.291456E+01  0.000000E+00  0.000000E+00
  3.331941E+01  0.000000E+00  0.000000E+00
  3.372924E+01  0.000000E+00  0.000000E+00
  3.414411E+01  0.000000E+00  0.000000E+00
  3.456408E+01  0.000000E+00  0.000000E+00
  3.498922E+01  0.000000E+00  0.000000E+00
  3.541959E+01  0.000000E+00  0.000000E+00
  3.585525E+01  0.000000E+00  0.000000E+00
  3.629627E+01  0.000000E+00  0.000000E+00
  3.674271E+01  0.000000E+00  0.000000E+00
  3.719465E+01  0.000000E+00  0.000000E+00
  3.765214E+01  0.000000E+00  0.000000E+00
  3.811526E+01  0.000000E+00  0.000000E+00
  3.858408E+01  0.000000E+00  0.000000E+00
  3.905867E+01  0.000000E+00  0.000000E+00
  3.953909E+01  0.000000E+00  0.000000E+00
  4.002542E+01  0.000000E+00  0.000000E+00
  4.051773E+01  0.000000E+00  0.000000E+00
  4.101610E+01  0.000000E+00  0.000000E+00
  4.152060E+01  0.000000E+00  0.000000E+00
  4.203130E+01  0.000000E+00  0.000000E+00
  4.254828E+01  0.000000E+00  0.000000E+00
  4.307163E+01  0.000000E+00  0.000000E+00
  4.360141E+01  0.000000E+00  0.000000E+00
  4.413771E+01  0.000000E+00  0.000000E+00
  4.468060E+01  0.000000E+00  0.000000E+00
  4.523017E+01  0.000000E+00  0.000000E+00
  4.578650E+01  0.000000E+00  0.000000E+00
  4.634968E+01  0.000000E+00  0.000000E+00
  4.691978E+01  0.000000E+00  0.000000E+00
  4.749689E+01  0.000000E+00  0.000000E+00
  4.808110E+01  0.000000E+00  0.000000E+00
  4.867250E+01  0.000000E+00  0.000000E+00
  4.927117E+01  0.000000E+00  0.000000E+00
  4.987721E+01  0.000000E+00  0.000000E+00
  5.049070E+01  0.000000E+00  0.000000E+00
  5.111173E+01  0.000000E+00  0.000000E+00
  5.174041E+01  0.000000E+00  0.000000E+00
  5.237681E+01  0.000000E+00  0.000000E+00
  5.302105E+01  0.000000E+00  0.000000E+00
  5.367321E+01  0.000000E+00  0.000000E+00
  5.433339E+01  0.000000E+00  0.000000E+00
  5.500169E+01  0.000000E+00  0.000000E+00
  5.567821E+01  0.000000E+00  0.000000E+00
  5.636305E+01  0.000000E+00  0.000000E+00
  5.705632E+01  0.000000E+00  0.000000E+00
  5.775811E+01  0.000000E+00  0.000000E+00
  5.846854E+01  0.000000E+00  0.000000E+00
  5.918770E+01  0.000000E+00  0.000000E+00
  5.991571E+01  0.000000E+00  0.000000E+00
  6.065267E+01  0.000000E+00  0.000000E+00
  6.139870E+01  0.000000E+00  0.000000E+00
  6.215390E+01  0.000000E+00  0.000000E+00
  6.291839E+01  0.000000E+00  0.000000E+00
  6.369229E+01  0.000000E+00  0.000000E+00
  6.447571E+01  0.000000E+00  0.000000E+00
  6.526876E+01  0.000000E+00  0.000000E+00
  6.607156E+01  0.000000E+00  0.000000E+00
  6.688424E+01  0.000000E+00  0.000000E+00
  6.770692E+01  0.000000E+00  0.000000E+00
  6.853971E+01  0.000000E+00  0.000000E+00
  6.938275E+01  0.000000E+00  0.000000E+00
  7.023616E+01  0.000000E+00  0.000000E+00
  7.110007E+01  0.000000E+00  0.000000E+00
  7.197460E+01  0.000000E+00  0.000000E+00
  7.285988E+01  0.000000E+00  0.000000E+00
  7.375606E+01  0.000000E+00  0.000000E+00
  7.466326E+01  0.000000E+00  0.000000E+00
  7.558162E+01  0.000000E+00  0.000000E+00
  7.651127E+01  0.000000E+00  0.000000E+00
  7.745236E+01  0.000000E+00  0.000000E+00
  7.840502E+01  0.000000E+00  0.000000E+00
  7.936941E+01  0.000000E+00  0.000000E+00
