  2.232143E-04  1.375491E-08  4.621832E-06
  2.259598E-04  1.409536E-08  4.715798E-06
  2.287391E-04  1.444424E-08  4.811669E-06
  2.315526E-04  1.480175E-08  4.909484E-06
  2.344007E-04  1.516811E-08  5.009393E-06
  2.372838E-04  1.554354E-08  5.111670E-06
  2.402024E-04  1.592827E-08  5.216306E-06
  2.431569E-04  1.632251E-08  5.323362E-06
  2.461478E-04  1.672651E-08  5.432890E-06
  2.491754E-04  1.714052E-08  5.544942E-06
  2.522402E-04  1.756477E-08  5.659573E-06
  2.553428E-04  1.799952E-08  5.776838E-06
  2.584835E-04  1.844503E-08  5.896793E-06
  2.616628E-04  1.890157E-08  6.019496E-06
  2.648813E-04  1.936941E-08  6.145008E-06
  2.681393E-04  1.984882E-08  6.273387E-06
  2.714375E-04  2.034011E-08  6.404697E-06
  2.747761E-04  2.084355E-08  6.539000E-06
  2.781559E-04  2.135946E-08  6.676363E-06
  2.815772E-04  2.188813E-08  6.816851E-06
  2.850406E-04  2.242989E-08  6.960532E-06
  2.885466E-04  2.298506E-08  7.107477E-06
  2.920957E-04  2.355397E-08  7.257756E-06
  2.956885E-04  2.413696E-08  7.411442E-06
  2.993255E-04  2.473438E-08  7.568610E-06
  3.030072E-04  2.534659E-08  7.729337E-06
  3.067342E-04  2.597395E-08  7.893701E-06
  3.105070E-04  2.661684E-08  8.061781E-06
  3.143262E-04  2.727564E-08  8.233660E-06
  3.181924E-04  2.795075E-08  8.409421E-06
  3.221062E-04  2.864257E-08  8.589150E-06
  3.260681E-04  2.935151E-08  8.772935E-06
  3.300787E-04  3.007800E-08  8.960865E-06
  3.341387E-04  3.082247E-08  9.153033E-06
  3.382486E-04  3.158536E-08  9.349532E-06
  3.424091E-04  3.236714E-08  9.550458E-06
  3.466207E-04  3.316827E-08  9.755910E-06
  3.508841E-04  3.398923E-08  9.965988E-06
  3.552000E-04  3.483051E-08  1.018080E-05
  3.595690E-04  3.569261E-08  1.040044E-05
  3.639917E-04  3.657605E-08  1.062502E-05
  3.684688E-04  3.748135E-08  1.085466E-05
  3.730009E-04  3.840906E-08  1.108947E-05
  3.775889E-04  3.935974E-08  1.132955E-05
  3.822332E-04  4.033394E-08  1.157504E-05
  3.869347E-04  4.133226E-08  1.182604E-05
  3.916940E-04  4.235529E-08  1.208269E-05
  3.965118E-04  4.340364E-08  1.234512E-05
  4.013889E-04  4.447793E-08  1.261344E-05
  4.063260E-04  4.557882E-08  1.288779E-05
  4.113238E-04  4.670696E-08  1.316831E-05
  4.163831E-04  4.786302E-08  1.345514E-05
  4.215046E-04  4.904769E-08  1.374842E-05
  4.266891E-04  5.026168E-08  1.404830E-05
  4.319374E-04  5.150573E-08  1.435492E-05
  4.372502E-04  5.278056E-08  1.466843E-05
  4.426284E-04  5.408695E-08  1.498899E-05
  4.480727E-04  5.542567E-08  1.531677E-05
  4.535840E-04  5.679753E-08  1.565192E-05
  4.591631E-04  5.820334E-08  1.599460E-05
  4.648108E-04  5.964395E-08  1.634500E-05
  4.705280E-04  6.112022E-08  1.670329E-05
  4.763155E-04  6.263303E-08  1.706963E-05
  4.821741E-04  6.418328E-08  1.744423E-05
  4.881049E-04  6.577190E-08  1.782726E-05
  4.941086E-04  6.739984E-08  1.821891E-05
  5.001861E-04  6.906807E-08  1.861938E-05
  5.063384E-04  7.077760E-08  1.902888E-05
  5.125664E-04  7.252944E-08  1.944760E-05
  5.188709E-04  7.432464E-08  1.987576E-05
  5.252530E-04  7.616427E-08  2.031357E-05
  5.317136E-04  7.804944E-08  2.076124E-05
  5.382537E-04  7.998127E-08  2.121902E-05
  5.448742E-04  8.196091E-08  2.168712E-05
  5.515762E-04  8.398955E-08  2.216578E-05
  5.583606E-04  8.606841E-08  2.265524E-05
  5.652284E-04  8.819872E-08  2.315575E-05
  5.721807E-04  9.038175E-08  2.366756E-05
  5.792185E-04  9.261882E-08  2.419092E-05
  5.863429E-04  9.491126E-08  2.472611E-05
  5.935550E-04  9.726044E-08  2.527339E-05
  6.008557E-04  9.966777E-08  2.583304E-05
  6.082462E-04  1.021347E-07  2.640535E-05
  6.157276E-04  1.046626E-07  2.699059E-05
  6.233011E-04  1.072532E-07  2.758907E-05
  6.309677E-04  1.099079E-07  2.820109E-05
  6.387286E-04  1.126282E-07  2.882697E-05
  6.465850E-04  1.154159E-07  2.946701E-05
  6.545379E-04  1.182726E-07  3.012154E-05
  6.625888E-04  1.212000E-07  3.079091E-05
  6.707386E-04  1.241999E-07  3.147543E-05
  6.789887E-04  1.272740E-07  3.217548E-05
  6.873402E-04  1.304242E-07  3.289139E-05
  6.957945E-04  1.336524E-07  3.362354E-05
  7.043528E-04  1.369605E-07  3.437230E-05
  7.130163E-04  1.403504E-07  3.513804E-05
  7.217864E-04  1.438243E-07  3.592117E-05
  7.306644E-04  1.473841E-07  3.672208E-05
  7.396516E-04  1.510321E-07  3.754119E-05
  7.487493E-04  1.547703E-07  3.837890E-05
  7.579589E-04  1.586011E-07  3.923564E-05
  7.672818E-04  1.625267E-07  4.011187E-05
  7.767194E-04  1.665495E-07  4.100802E-05
  7.862730E-04  1.706718E-07  4.192455E-05
  7.959442E-04  1.748962E-07  4.286194E-05
  8.057343E-04  1.792251E-07  4.382066E-05
  8.156448E-04  1.836612E-07  4.480121E-05
  8.256773E-04  1.882070E-07  4.580410E-05
  8.358331E-04  1.928654E-07  4.682983E-05
  8.461138E-04  1.976391E-07  4.787893E-05
  8.565210E-04  2.025310E-07  4.895195E-05
  8.670563E-04  2.075439E-07  5.004944E-05
  8.777210E-04  2.126809E-07  5.117196E-05
  8.885170E-04  2.179450E-07  5.232009E-05
  8.994458E-04  2.233395E-07  5.349442E-05
  9.105090E-04  2.288674E-07  5.469556E-05
  9.217082E-04  2.345322E-07  5.592414E-05
  9.330452E-04  2.403372E-07  5.718077E-05
  9.445217E-04  2.462859E-07  5.846613E-05
  9.561393E-04  2.523819E-07  5.978086E-05
  9.678998E-04  2.586287E-07  6.112565E-05
  9.798050E-04  2.650301E-07  6.250119E-05
  9.918566E-04  2.715900E-07  6.390820E-05
  1.004056E-03  2.783122E-07  6.534742E-05
  1.016406E-03  2.852008E-07  6.681957E-05
  1.028908E-03  2.922600E-07  6.832543E-05
  1.041564E-03  2.994938E-07  6.986578E-05
  1.054375E-03  3.069067E-07  7.144141E-05
  1.067344E-03  3.145031E-07  7.305316E-05
  1.080472E-03  3.222875E-07  7.470184E-05
  1.093762E-03  3.302646E-07  7.638833E-05
  1.107215E-03  3.384392E-07  7.811350E-05
  1.120834E-03  3.468160E-07  7.987824E-05
  1.134620E-03  3.554002E-07  8.168348E-05
  1.148576E-03  3.641969E-07  8.353015E-05
  1.162703E-03  3.732113E-07  8.541922E-05
  1.177005E-03  3.824489E-07  8.735168E-05
  1.191482E-03  3.919151E-07  8.932852E-05
  1.206137E-03  4.016155E-07  9.135078E-05
  1.220973E-03  4.115561E-07  9.341952E-05
  1.235991E-03  4.217428E-07  9.553581E-05
  1.251193E-03  4.321815E-07  9.770076E-05
  1.266583E-03  4.428787E-07  9.991551E-05
  1.282162E-03  4.538406E-07  1.021812E-04
  1.297932E-03  4.650739E-07  1.044990E-04
  1.313897E-03  4.765852E-07  1.068702E-04
  1.330058E-03  4.883814E-07  1.092959E-04
  1.346418E-03  5.004696E-07  1.117776E-04
  1.362979E-03  5.128570E-07  1.143163E-04
  1.379743E-03  5.255510E-07  1.169136E-04
  1.396714E-03  5.385592E-07  1.195706E-04
  1.413894E-03  5.518894E-07  1.222890E-04
  1.431285E-03  5.655495E-07  1.250699E-04
  1.448889E-03  5.795478E-07  1.279150E-04
  1.466711E-03  5.938925E-07  1.308257E-04
  1.484751E-03  6.085923E-07  1.338035E-04
  1.503014E-03  6.236560E-07  1.368501E-04
  1.521501E-03  6.390925E-07  1.399669E-04
  1.540215E-03  6.549110E-07  1.431556E-04
  1.559160E-03  6.711212E-07  1.464179E-04
  1.578338E-03  6.877325E-07  1.497556E-04
  1.597751E-03  7.047550E-07  1.531703E-04
  1.617403E-03  7.221989E-07  1.566638E-04
  1.637297E-03  7.400745E-07  1.602380E-04
  1.657436E-03  7.583926E-07  1.638948E-04
  1.677823E-03  7.771641E-07  1.676361E-04
  1.698460E-03  7.964003E-07  1.714639E-04
  1.719351E-03  8.161125E-07  1.753801E-04
  1.740499E-03  8.363127E-07  1.793868E-04
  1.761907E-03  8.570129E-07  1.834861E-04
  1.783579E-03  8.782255E-07  1.876802E-04
  1.805517E-03  8.999631E-07  1.919713E-04
  1.827724E-03  9.222388E-07  1.963616E-04
  1.850205E-03  9.450659E-07  2.008534E-04
  1.872963E-03  9.684580E-07  2.054492E-04
  1.896000E-03  9.924290E-07  2.101512E-04
  1.919321E-03  1.016993E-06  2.149620E-04
  1.942929E-03  1.042166E-06  2.198842E-04
  1.966827E-03  1.067961E-06  2.249202E-04
  1.991019E-03  1.094395E-06  2.300727E-04
  2.015508E-03  1.121484E-06  2.353445E-04
  2.040299E-03  1.149243E-06  2.407384E-04
  2.065395E-03  1.177689E-06  2.462570E-04
  2.090799E-03  1.206839E-06  2.519034E-04
  2.116516E-03  1.236710E-06  2.576805E-04
  2.142549E-03  1.267321E-06  2.635913E-04
  2.168903E-03  1.298690E-06  2.696390E-04
  2.195580E-03  1.330835E-06  2.758267E-04
  2.222586E-03  1.363776E-06  2.821576E-04
  2.249923E-03  1.397532E-06  2.886352E-04
  2.277598E-03  1.432124E-06  2.952627E-04
  2.305612E-03  1.467572E-06  3.020436E-04
  2.333971E-03  1.503897E-06  3.089816E-04
  2.362679E-03  1.541122E-06  3.160801E-04
  2.391740E-03  1.579268E-06  3.233431E-04
  2.421158E-03  1.618358E-06  3.307742E-04
  2.450938E-03  1.658416E-06  3.383774E-04
  2.481085E-03  1.699466E-06  3.461566E-04
  2.511602E-03  1.741531E-06  3.541159E-04
  2.542495E-03  1.784638E-06  3.622594E-04
  2.573768E-03  1.828812E-06  3.705915E-04
  2.605425E-03  1.874079E-06  3.791165E-04
  2.637472E-03  1.920467E-06  3.878388E-04
  2.669913E-03  1.968003E-06  3.967630E-04
  2.702753E-03  2.016716E-06  4.058938E-04
  2.735997E-03  2.066634E-06  4.152358E-04
  2.769649E-03  2.117788E-06  4.247941E-04
  2.803716E-03  2.170209E-06  4.345735E-04
  2.838202E-03  2.223927E-06  4.445792E-04
  2.873112E-03  2.278974E-06  4.548163E-04
  2.908451E-03  2.335385E-06  4.652903E-04
  2.944225E-03  2.393191E-06  4.760065E-04
  2.980439E-03  2.452429E-06  4.869706E-04
  3.017098E-03  2.513133E-06  4.981881E-04
  3.054208E-03  2.575340E-06  5.096651E-04
  3.091775E-03  2.639086E-06  5.214073E-04
  3.129804E-03  2.704411E-06  5.334209E-04
  3.168301E-03  2.771352E-06  5.457122E-04
  3.207271E-03  2.839951E-06  5.582875E-04
  3.246720E-03  2.910248E-06  5.711533E-04
  3.286655E-03  2.982285E-06  5.843162E-04
  3.327081E-03  3.056105E-06  5.977831E-04
  3.368004E-03  3.131753E-06  6.115609E-04
  3.409430E-03  3.209273E-06  6.256568E-04
  3.451366E-03  3.288712E-06  6.400780E-04
  3.493818E-03  3.370118E-06  6.548319E-04
  3.536792E-03  3.453539E-06  6.699262E-04
  3.580294E-03  3.539025E-06  6.853685E-04
  3.624332E-03  3.626627E-06  7.011670E-04
  3.668911E-03  3.716398E-06  7.173295E-04
  3.714039E-03  3.808391E-06  7.338646E-04
  3.759722E-03  3.902661E-06  7.507806E-04
  3.805966E-03  3.999266E-06  7.680861E-04
  3.852780E-03  4.098261E-06  7.857902E-04
  3.900169E-03  4.199708E-06  8.039017E-04
  3.948141E-03  4.303665E-06  8.224300E-04
  3.996703E-03  4.410197E-06  8.413845E-04
  4.045863E-03  4.519365E-06  8.607749E-04
  4.095627E-03  4.631236E-06  8.806110E-04
  4.146003E-03  4.745877E-06  9.009030E-04
  4.196999E-03  4.863356E-06  9.216611E-04
  4.248622E-03  4.983743E-06  9.428959E-04
  4.300880E-03  5.107111E-06  9.646181E-04
  4.353781E-03  5.233532E-06  9.868387E-04
  4.407332E-03  5.363084E-06  1.009569E-03
  4.461542E-03  5.495843E-06  1.032821E-03
  4.516419E-03  5.631888E-06  1.056605E-03
  4.571971E-03  5.771302E-06  1.080934E-03
  4.628206E-03  5.914167E-06  1.105820E-03
  4.685133E-03  6.060570E-06  1.131276E-03
  4.742761E-03  6.210597E-06  1.157315E-03
  4.801096E-03  6.364338E-06  1.183948E-03
  4.860150E-03  6.521886E-06  1.211191E-03
  4.919930E-03  6.683334E-06  1.239055E-03
  4.980445E-03  6.848779E-06  1.267556E-03
  5.041704E-03  7.018321E-06  1.296708E-03
  5.103717E-03  7.192060E-06  1.326524E-03
  5.166493E-03  7.370101E-06  1.357020E-03
  5.230041E-03  7.552551E-06  1.388211E-03
  5.294370E-03  7.739517E-06  1.420113E-03
  5.359491E-03  7.931113E-06  1.452740E-03
  5.425413E-03  8.127453E-06  1.486109E-03
  5.492146E-03  8.328654E-06  1.520238E-03
  5.559699E-03  8.534836E-06  1.555141E-03
  5.628083E-03  8.746125E-06  1.590837E-03
  5.697309E-03  8.962644E-06  1.627343E-03
  5.767386E-03  9.184525E-06  1.664677E-03
  5.838324E-03  9.411900E-06  1.702856E-03
  5.910136E-03  9.644906E-06  1.741901E-03
  5.982830E-03  9.883681E-06  1.781829E-03
  6.056419E-03  1.012837E-05  1.822660E-03
  6.130913E-03  1.037911E-05  1.864414E-03
  6.206323E-03  1.063607E-05  1.907110E-03
  6.282661E-03  1.089939E-05  1.950771E-03
  6.359938E-03  1.116923E-05  1.995416E-03
  6.438165E-03  1.144575E-05  2.041066E-03
  6.517355E-03  1.172912E-05  2.087745E-03
  6.597518E-03  1.201951E-05  2.135474E-03
  6.678668E-03  1.231708E-05  2.184275E-03
  6.760815E-03  1.262203E-05  2.234173E-03
  6.843973E-03  1.293453E-05  2.285191E-03
  6.928154E-03  1.325477E-05  2.337353E-03
  7.013370E-03  1.358294E-05  2.390683E-03
  7.099635E-03  1.391924E-05  2.445207E-03
  7.186960E-03  1.426386E-05  2.500951E-03
  7.275360E-03  1.461702E-05  2.557940E-03
  7.364847E-03  1.497893E-05  2.616202E-03
  7.455435E-03  1.534981E-05  2.675762E-03
  7.547136E-03  1.572986E-05  2.736650E-03
  7.639966E-03  1.611934E-05  2.798893E-03
  7.733938E-03  1.651845E-05  2.862521E-03
  7.829065E-03  1.692746E-05  2.927562E-03
  7.925363E-03  1.734660E-05  2.994046E-03
  8.022845E-03  1.777611E-05  3.062004E-03
  8.121526E-03  1.821627E-05  3.131468E-03
  8.221420E-03  1.866733E-05  3.202468E-03
  8.322544E-03  1.912957E-05  3.275036E-03
  8.424911E-03  1.960325E-05  3.349207E-03
  8.528538E-03  2.008867E-05  3.425013E-03
  8.633439E-03  2.058612E-05  3.502489E-03
  8.739630E-03  2.109589E-05  3.581669E-03
  8.847127E-03  2.161829E-05  3.662588E-03
  8.955947E-03  2.215363E-05  3.745284E-03
  9.066105E-03  2.270224E-05  3.829791E-03
  9.177618E-03  2.326444E-05  3.916149E-03
  9.290503E-03  2.384057E-05  4.004395E-03
  9.404776E-03  2.443097E-05  4.094567E-03
  9.520455E-03  2.503601E-05  4.186706E-03
  9.637556E-03  2.565603E-05  4.280851E-03
  9.756098E-03  2.629143E-05  4.377043E-03
  9.876098E-03  2.694256E-05  4.475325E-03
  9.997574E-03  2.760984E-05  4.575738E-03
  1.012054E-02  2.829365E-05  4.678325E-03
  1.024503E-02  2.899440E-05  4.783131E-03
  1.037104E-02  2.971253E-05  4.890199E-03
  1.049860E-02  3.044845E-05  4.999576E-03
  1.062774E-02  3.120262E-05  5.111308E-03
  1.075846E-02  3.197547E-05  5.225441E-03
  1.089079E-02  3.276749E-05  5.342024E-03
  1.102474E-02  3.357914E-05  5.461104E-03
  1.116035E-02  3.441091E-05  5.582732E-03
  1.129762E-02  3.526330E-05  5.706958E-03
  1.143658E-02  3.613682E-05  5.833831E-03
  1.157725E-02  3.703200E-05  5.963406E-03
  1.171965E-02  3.794937E-05  6.095733E-03
  1.186380E-02  3.888949E-05  6.230867E-03
  1.200973E-02  3.985292E-05  6.368862E-03
  1.215745E-02  4.084024E-05  6.509774E-03
  1.230699E-02  4.185205E-05  6.653658E-03
  1.245836E-02  4.288894E-05  6.800571E-03
  1.261160E-02  4.395156E-05  6.950572E-03
  1.276672E-02  4.504052E-05  7.103719E-03
  1.292375E-02  4.615650E-05  7.260072E-03
  1.308271E-02  4.730016E-05  7.419691E-03
  1.324363E-02  4.847219E-05  7.582638E-03
  1.340653E-02  4.967330E-05  7.748976E-03
  1.357143E-02  5.090420E-05  7.918766E-03
  1.373836E-02  5.216564E-05  8.092075E-03
  1.390734E-02  5.345838E-05  8.268966E-03
  1.407840E-02  5.478320E-05  8.449506E-03
  1.425156E-02  5.614089E-05  8.633762E-03
  1.442686E-02  5.753227E-05  8.821801E-03
  1.460431E-02  5.895819E-05  9.013692E-03
  1.478394E-02  6.041950E-05  9.209506E-03
  1.496578E-02  6.191708E-05  9.409312E-03
  1.514986E-02  6.345183E-05  9.613181E-03
  1.533621E-02  6.502469E-05  9.821187E-03
  1.552484E-02  6.663659E-05  1.003340E-02
  1.571580E-02  6.828852E-05  1.024990E-02
  1.590910E-02  6.998146E-05  1.047076E-02
  1.610478E-02  7.171645E-05  1.069605E-02
  1.630287E-02  7.349452E-05  1.092586E-02
  1.650340E-02  7.531675E-05  1.116025E-02
  1.670639E-02  7.718425E-05  1.139932E-02
  1.691188E-02  7.909814E-05  1.164313E-02
  1.711989E-02  8.105957E-05  1.189177E-02
  1.733047E-02  8.306974E-05  1.214532E-02
  1.754363E-02  8.512986E-05  1.240385E-02
  1.775942E-02  8.724117E-05  1.266747E-02
  1.797786E-02  8.940495E-05  1.293624E-02
  1.819899E-02  9.162252E-05  1.321025E-02
  1.842284E-02  9.389520E-05  1.348959E-02
  1.864944E-02  9.622439E-05  1.377434E-02
  1.887883E-02  9.861149E-05  1.406460E-02
  1.911103E-02  1.010579E-04  1.436044E-02
  1.934610E-02  1.035652E-04  1.466195E-02
  1.958406E-02  1.061349E-04  1.496923E-02
  1.982494E-02  1.087685E-04  1.528236E-02
  2.006879E-02  1.114676E-04  1.560144E-02
  2.031563E-02  1.142338E-04  1.592655E-02
  2.056552E-02  1.170689E-04  1.625778E-02
  2.081847E-02  1.199745E-04  1.659523E-02
  2.107454E-02  1.229525E-04  1.693899E-02
  2.133376E-02  1.260045E-04  1.728915E-02
  2.159616E-02  1.291326E-04  1.764580E-02
  2.186179E-02  1.323386E-04  1.800904E-02
  2.213069E-02  1.356244E-04  1.837896E-02
  2.240290E-02  1.389920E-04  1.875566E-02
  2.267846E-02  1.424435E-04  1.913922E-02
  2.295740E-02  1.459811E-04  1.952974E-02
  2.323978E-02  1.496067E-04  1.992733E-02
  2.352563E-02  1.533228E-04  2.033206E-02
  2.381499E-02  1.571314E-04  2.074404E-02
  2.410792E-02  1.610350E-04  2.116336E-02
  2.440445E-02  1.650360E-04  2.159011E-02
  2.470462E-02  1.691367E-04  2.202440E-02
  2.500849E-02  1.733397E-04  2.246630E-02
  2.531609E-02  1.776476E-04  2.291592E-02
  2.562748E-02  1.820630E-04  2.337335E-02
  2.594270E-02  1.865885E-04  2.383869E-02
  2.626179E-02  1.912271E-04  2.431202E-02
  2.658481E-02  1.959814E-04  2.479343E-02
  2.691181E-02  2.008545E-04  2.528302E-02
  2.724282E-02  2.058492E-04  2.578088E-02
  2.757791E-02  2.109688E-04  2.628709E-02
  2.791712E-02  2.162163E-04  2.680175E-02
  2.826050E-02  2.215949E-04  2.732494E-02
  2.860810E-02  2.271081E-04  2.785675E-02
  2.895998E-02  2.327590E-04  2.839726E-02
  2.931619E-02  2.385513E-04  2.894656E-02
  2.967678E-02  2.444885E-04  2.950472E-02
  3.004180E-02  2.505743E-04  3.007183E-02
  3.041131E-02  2.568124E-04  3.064797E-02
  3.078537E-02  2.632066E-04  3.123321E-02
  3.116403E-02  2.697610E-04  3.182763E-02
  3.154735E-02  2.764796E-04  3.243130E-02
  3.193538E-02  2.833665E-04  3.304429E-02
  3.232819E-02  2.904261E-04  3.366666E-02
  3.272583E-02  2.976626E-04  3.429849E-02
  3.312835E-02  3.050806E-04  3.493984E-02
  3.353583E-02  3.126846E-04  3.559076E-02
  3.394832E-02  3.204795E-04  3.625131E-02
  3.436589E-02  3.284701E-04  3.692155E-02
  3.478859E-02  3.366612E-04  3.760152E-02
  3.521649E-02  3.450581E-04  3.829127E-02
  3.564965E-02  3.536660E-04  3.899085E-02
  3.608814E-02  3.624903E-04  3.970030E-02
  3.653203E-02  3.715364E-04  4.041964E-02
  3.698137E-02  3.808101E-04  4.114891E-02
  3.743624E-02  3.903171E-04  4.188814E-02
  3.789671E-02  4.000634E-04  4.263735E-02
  3.836284E-02  4.100552E-04  4.339655E-02
  3.883470E-02  4.202986E-04  4.416576E-02
  3.931237E-02  4.308002E-04  4.494498E-02
  3.979591E-02  4.415666E-04  4.573421E-02
  4.028540E-02  4.526045E-04  4.653345E-02
  4.078091E-02  4.639210E-04  4.734269E-02
  4.128251E-02  4.755231E-04  4.816191E-02
  4.179029E-02  4.874183E-04  4.899109E-02
  4.230431E-02  4.996141E-04  4.983020E-02
  4.282465E-02  5.121181E-04  5.067920E-02
  4.335139E-02  5.249385E-04  5.153804E-02
  4.388462E-02  5.380833E-04  5.240668E-02
  4.442440E-02  5.515608E-04  5.328506E-02
  4.497082E-02  5.653798E-04  5.417311E-02
  4.552396E-02  5.795491E-04  5.507075E-02
  4.608390E-02  5.940777E-04  5.597790E-02
  4.665073E-02  6.089749E-04  5.689447E-02
  4.722454E-02  6.242504E-04  5.782036E-02
  4.780540E-02  6.399139E-04  5.875546E-02
  4.839341E-02  6.559755E-04  5.969964E-02
  4.898865E-02  6.724457E-04  6.065277E-02
  4.959121E-02  6.893350E-04  6.161473E-02
  5.020118E-02  7.066545E-04  6.258534E-02
  5.081865E-02  7.244153E-04  6.356446E-02
  5.144372E-02  7.426291E-04  6.455191E-02
  5.207648E-02  7.613076E-04  6.554751E-02
  5.271702E-02  7.804631E-04  6.655106E-02
  5.336544E-02  8.001082E-04  6.756235E-02
  5.402183E-02  8.202556E-04  6.858117E-02
  5.468630E-02  8.409187E-04  6.960727E-02
  5.535894E-02  8.621111E-04  7.064043E-02
  5.603986E-02  8.838466E-04  7.168037E-02
  5.672915E-02  9.061398E-04  7.272682E-02
  5.742692E-02  9.290054E-04  7.377951E-02
  5.813327E-02  9.524585E-04  7.483812E-02
  5.884831E-02  9.765148E-04  7.590235E-02
  5.957214E-02  1.001190E-03  7.697186E-02
  6.030488E-02  1.026502E-03  7.804632E-02
  6.104663E-02  1.052466E-03  7.912536E-02
  6.179750E-02  1.079100E-03  8.020861E-02
  6.255761E-02  1.106423E-03  8.129567E-02
  6.332707E-02  1.134452E-03  8.238615E-02
  6.410600E-02  1.163207E-03  8.347960E-02
  6.489450E-02  1.192707E-03  8.457561E-02
  6.569270E-02  1.222972E-03  8.567370E-02
  6.650072E-02  1.254023E-03  8.677341E-02
  6.731868E-02  1.285882E-03  8.787424E-02
  6.814670E-02  1.318570E-03  8.897568E-02
  6.898490E-02  1.352109E-03  9.007720E-02
  6.983342E-02  1.386524E-03  9.117826E-02
  7.069237E-02  1.421837E-03  9.227830E-02
  7.156189E-02  1.458074E-03  9.337672E-02
  7.244210E-02  1.495260E-03  9.447293E-02
  7.333314E-02  1.533421E-03  9.556631E-02
  7.423513E-02  1.572583E-03  9.665622E-02
  7.514822E-02  1.612775E-03  9.774199E-02
  7.607255E-02  1.654024E-03  9.882295E-02
  7.700824E-02  1.696361E-03  9.989839E-02
  7.795544E-02  1.739815E-03  1.009676E-01
  7.891429E-02  1.784417E-03  1.020298E-01
  7.988494E-02  1.830200E-03  1.030844E-01
  8.086752E-02  1.877197E-03  1.041304E-01
  8.186219E-02  1.925441E-03  1.051671E-01
  8.286910E-02  1.974968E-03  1.061936E-01
  8.388839E-02  2.025813E-03  1.072092E-01
  8.492022E-02  2.078015E-03  1.082130E-01
  8.596474E-02  2.131611E-03  1.092040E-01
  8.702210E-02  2.186642E-03  1.101814E-01
  8.809247E-02  2.243147E-03  1.111443E-01
  8.917601E-02  2.301170E-03  1.120917E-01
  9.027288E-02  2.360753E-03  1.130227E-01
  9.138323E-02  2.421942E-03  1.139362E-01
  9.250725E-02  2.484782E-03  1.148313E-01
  9.364509E-02  2.549322E-03  1.157069E-01
  9.479692E-02  2.615610E-03  1.165621E-01
  9.596292E-02  2.683697E-03  1.173956E-01
  9.714327E-02  2.753636E-03  1.182066E-01
  9.833813E-02  2.825481E-03  1.189937E-01
  9.954769E-02  2.899287E-03  1.197560E-01
  1.007721E-01  2.975113E-03  1.204923E-01
  1.020116E-01  3.053017E-03  1.212015E-01
  1.032664E-01  3.133062E-03  1.218822E-01
  1.045365E-01  3.215310E-03  1.225335E-01
  1.058223E-01  3.299827E-03  1.231541E-01
  1.071240E-01  3.386681E-03  1.237426E-01
  1.084416E-01  3.475941E-03  1.242980E-01
  1.097754E-01  3.567681E-03  1.248190E-01
  1.111256E-01  3.661974E-03  1.253043E-01
  1.124925E-01  3.758898E-03  1.257526E-01
  1.138762E-01  3.858532E-03  1.261627E-01
  1.152768E-01  3.960959E-03  1.265332E-01
  1.166947E-01  4.066264E-03  1.268629E-01
  1.181301E-01  4.174535E-03  1.271504E-01
  1.195831E-01  4.285862E-03  1.273944E-01
  1.210539E-01  4.400341E-03  1.275937E-01
  1.225429E-01  4.518068E-03  1.277468E-01
  1.240502E-01  4.639145E-03  1.278525E-01
  1.255760E-01  4.763674E-03  1.279094E-01
  1.271206E-01  4.891764E-03  1.279162E-01
  1.286842E-01  5.023526E-03  1.278715E-01
  1.302670E-01  5.159075E-03  1.277740E-01
  1.318693E-01  5.298531E-03  1.276225E-01
  1.334913E-01  5.442017E-03  1.274155E-01
  1.351332E-01  5.589660E-03  1.271518E-01
  1.367953E-01  5.741593E-03  1.268301E-01
  1.384779E-01  5.897953E-03  1.264491E-01
  1.401812E-01  6.058880E-03  1.260074E-01
  1.419054E-01  6.224522E-03  1.255039E-01
  1.436509E-01  6.395030E-03  1.249373E-01
  1.454178E-01  6.570561E-03  1.243064E-01
  1.472064E-01  6.751278E-03  1.236099E-01
  1.490171E-01  6.937348E-03  1.228466E-01
  1.508500E-01  7.128947E-03  1.220155E-01
  1.527054E-01  7.326254E-03  1.211153E-01
  1.545837E-01  7.529456E-03  1.201450E-01
  1.564851E-01  7.738747E-03  1.191035E-01
  1.584098E-01  7.954327E-03  1.179897E-01
  1.603583E-01  8.176404E-03  1.168026E-01
  1.623307E-01  8.405192E-03  1.155413E-01
  1.643274E-01  8.640913E-03  1.142048E-01
  1.663486E-01  8.883798E-03  1.127922E-01
  1.683947E-01  9.134086E-03  1.113027E-01
  1.704659E-01  9.392023E-03  1.097355E-01
  1.725627E-01  9.657865E-03  1.080898E-01
  1.746852E-01  9.931877E-03  1.063650E-01
  1.768338E-01  1.021433E-02  1.045604E-01
  1.790089E-01  1.050552E-02  1.026754E-01
  1.812107E-01  1.080572E-02  1.007094E-01
  1.834396E-01  1.111525E-02  9.866210E-02
  1.856959E-01  1.143442E-02  9.653298E-02
  1.879799E-01  1.176356E-02  9.432174E-02
  1.902921E-01  1.210300E-02  9.202810E-02
  1.926327E-01  1.245309E-02  8.965186E-02
  1.950021E-01  1.281419E-02  8.719292E-02
  1.974006E-01  1.318667E-02  8.465122E-02
  1.998286E-01  1.357093E-02  8.202680E-02
  2.022865E-01  1.396736E-02  7.931976E-02
  2.047746E-01  1.437637E-02  7.653031E-02
  2.072934E-01  1.479839E-02  7.365874E-02
  2.098431E-01  1.523385E-02  7.070540E-02
  2.124241E-01  1.568322E-02  6.767077E-02
  2.150370E-01  1.614696E-02  6.455540E-02
  2.176819E-01  1.662555E-02  6.135994E-02
  2.203594E-01  1.711950E-02  5.808513E-02
  2.230698E-01  1.762932E-02  5.473182E-02
  2.258136E-01  1.815554E-02  5.130095E-02
  2.285911E-01  1.869871E-02  4.779356E-02
  2.314028E-01  1.925939E-02  4.421081E-02
  2.342490E-01  1.983817E-02  4.055395E-02
  2.371303E-01  2.043564E-02  3.682434E-02
  2.400470E-01  2.105241E-02  3.302346E-02
  2.429995E-01  2.168911E-02  2.915288E-02
  2.459884E-01  2.234640E-02  2.521429E-02
  2.490141E-01  2.302493E-02  2.120949E-02
  2.520770E-01  2.372539E-02  1.714040E-02
  2.551775E-01  2.444848E-02  1.300904E-02
  2.583162E-01  2.519490E-02  8.817551E-03
  2.614935E-01  2.596539E-02  4.568186E-03
  2.647099E-01  2.676069E-02  2.633114E-04
  2.679658E-01  2.758157E-02 -4.094593E-03
  2.712618E-01  2.842879E-02 -8.502932E-03
  2.745983E-01  2.930314E-02 -1.295900E-02
  2.779759E-01  3.020543E-02 -1.745998E-02
  2.813950E-01  3.113645E-02 -2.200293E-02
  2.848561E-01  3.209704E-02 -2.658481E-02
  2.883598E-01  3.308801E-02 -3.120248E-02
  2.919067E-01  3.411020E-02 -3.585267E-02
  2.954971E-01  3.516445E-02 -4.053201E-02
  2.991317E-01  3.625159E-02 -4.523704E-02
  3.028111E-01  3.737247E-02 -4.996417E-02
  3.065356E-01  3.852792E-02 -5.470973E-02
  3.103060E-01  3.971878E-02 -5.946995E-02
  3.141228E-01  4.094585E-02 -6.424096E-02
  3.179865E-01  4.220994E-02 -6.901881E-02
  3.218977E-01  4.351185E-02 -7.379944E-02
  3.258571E-01  4.485233E-02 -7.857873E-02
  3.298651E-01  4.623213E-02 -8.335245E-02
  3.339225E-01  4.765193E-02 -8.811633E-02
  3.380297E-01  4.911242E-02 -9.286601E-02
  3.421875E-01  5.061420E-02 -9.759704E-02
  3.463964E-01  5.215784E-02 -1.023049E-01
  3.506570E-01  5.374385E-02 -1.069852E-01
  3.549701E-01  5.537267E-02 -1.116331E-01
  3.593363E-01  5.704464E-02 -1.162441E-01
  3.637561E-01  5.876006E-02 -1.208134E-01
  3.682303E-01  6.051909E-02 -1.253363E-01
  3.727595E-01  6.232181E-02 -1.298080E-01
  3.773445E-01  6.416817E-02 -1.342237E-01
  3.819858E-01  6.605799E-02 -1.385784E-01
  3.866842E-01  6.799097E-02 -1.428673E-01
  3.914404E-01  6.996663E-02 -1.470855E-01
  3.962552E-01  7.198433E-02 -1.512279E-01
  4.011291E-01  7.404326E-02 -1.552895E-01
  4.060630E-01  7.614240E-02 -1.592655E-01
  4.110576E-01  7.828053E-02 -1.631506E-01
  4.161136E-01  8.045621E-02 -1.669399E-01
  4.212318E-01  8.266774E-02 -1.706283E-01
  4.264129E-01  8.491319E-02 -1.742108E-01
  4.316578E-01  8.719033E-02 -1.776824E-01
  4.369672E-01  8.949667E-02 -1.810381E-01
  4.423419E-01  9.182940E-02 -1.842729E-01
  4.477827E-01  9.418540E-02 -1.873819E-01
  4.532904E-01  9.656122E-02 -1.903604E-01
  4.588659E-01  9.895306E-02 -1.932035E-01
  4.645099E-01  1.013568E-01 -1.959066E-01
  4.702234E-01  1.037678E-01 -1.984651E-01
  4.760072E-01  1.061812E-01 -2.008746E-01
  4.818621E-01  1.085918E-01 -2.031306E-01
  4.877890E-01  1.109938E-01 -2.052288E-01
  4.937888E-01  1.133811E-01 -2.071652E-01
  4.998624E-01  1.157473E-01 -2.089357E-01
  5.060107E-01  1.180853E-01 -2.105365E-01
  5.122346E-01  1.203879E-01 -2.119637E-01
  5.185351E-01  1.226473E-01 -2.132138E-01
  5.249131E-01  1.248556E-01 -2.142833E-01
  5.313695E-01  1.270041E-01 -2.151690E-01
  5.379053E-01  1.290842E-01 -2.158676E-01
  5.445216E-01  1.310866E-01 -2.163763E-01
  5.512192E-01  1.330019E-01 -2.166922E-01
  5.579992E-01  1.348204E-01 -2.168128E-01
  5.648626E-01  1.365322E-01 -2.167355E-01
  5.718104E-01  1.381271E-01 -2.164581E-01
  5.788437E-01  1.395949E-01 -2.159786E-01
  5.859634E-01  1.409252E-01 -2.152951E-01
  5.931708E-01  1.421077E-01 -2.144060E-01
  6.004668E-01  1.431318E-01 -2.133097E-01
  6.078525E-01  1.439873E-01 -2.120051E-01
  6.153291E-01  1.446639E-01 -2.104911E-01
  6.228977E-01  1.451515E-01 -2.087667E-01
  6.305593E-01  1.454402E-01 -2.068314E-01
  6.383152E-01  1.455203E-01 -2.046848E-01
  6.461665E-01  1.453826E-01 -2.023266E-01
  6.541143E-01  1.450181E-01 -1.997568E-01
  6.621599E-01  1.444185E-01 -1.969757E-01
  6.703045E-01  1.435758E-01 -1.939835E-01
  6.785492E-01  1.424829E-01 -1.907809E-01
  6.868954E-01  1.411332E-01 -1.873688E-01
  6.953442E-01  1.395212E-01 -1.837480E-01
  7.038969E-01  1.376420E-01 -1.799200E-01
  7.125549E-01  1.354919E-01 -1.758860E-01
  7.213193E-01  1.330683E-01 -1.716476E-01
  7.301915E-01  1.303695E-01 -1.672068E-01
  7.391729E-01  1.273950E-01 -1.625653E-01
  7.482647E-01  1.241455E-01 -1.577255E-01
  7.574683E-01  1.206229E-01 -1.526897E-01
  7.667852E-01  1.168302E-01 -1.474603E-01
  7.762167E-01  1.127714E-01 -1.420401E-01
  7.857641E-01  1.084520E-01 -1.364319E-01
  7.954290E-01  1.038781E-01 -1.306389E-01
  8.052128E-01  9.905703E-02 -1.246640E-01
  8.151169E-01  9.399705E-02 -1.185108E-01
  8.251429E-01  8.870714E-02 -1.121826E-01
  8.352921E-01  8.319702E-02 -1.056832E-01
  8.455662E-01  7.747701E-02 -9.901623E-02
  8.559667E-01  7.155788E-02 -9.218564E-02
  8.664951E-01  6.545069E-02 -8.519546E-02
  8.771530E-01  5.916670E-02 -7.804984E-02
  8.879419E-01  5.271718E-02 -7.075305E-02
  8.988636E-01  4.611323E-02 -6.330948E-02
  9.099196E-01  3.936569E-02 -5.572362E-02
  9.211117E-01  3.248490E-02 -4.800005E-02
  9.324413E-01  2.548062E-02 -4.014347E-02
  9.439104E-01  1.836184E-02 -3.215865E-02
  9.555205E-01  1.113664E-02 -2.405045E-02
  9.672734E-01  3.812097E-03 -1.582383E-02
  9.791708E-01 -3.605841E-03 -7.483808E-03
  9.912146E-01 -1.111246E-02  9.645343E-04
  1.003407E+00 -1.870434E-02  9.516038E-03
  1.015748E+00 -2.637942E-02  1.816549E-02
  1.028242E+00 -3.413701E-02  2.690761E-02
  1.040890E+00 -4.197783E-02  3.573710E-02
  1.053692E+00 -4.990394E-02  4.464858E-02
  1.066653E+00 -5.791874E-02  5.363665E-02
  1.079773E+00 -6.602685E-02  6.269587E-02
  1.093054E+00 -7.423405E-02  7.182078E-02
  1.106499E+00 -8.254708E-02  8.100588E-02
  1.120108E+00 -9.097355E-02  9.024566E-02
  1.133886E+00 -9.952166E-02  9.953458E-02
  1.147833E+00 -1.082000E-01  1.088671E-01
  1.161951E+00 -1.170174E-01  1.182377E-01
  1.176243E+00 -1.259824E-01  1.276407E-01
  1.190711E+00 -1.351031E-01  1.370707E-01
  1.205356E+00 -1.443870E-01  1.465220E-01
  1.220182E+00 -1.538401E-01  1.559892E-01
  1.235191E+00 -1.634671E-01  1.654667E-01
  1.250383E+00 -1.732707E-01  1.749490E-01
  1.265763E+00 -1.832513E-01  1.844305E-01
  1.281332E+00 -1.934065E-01  1.939057E-01
  1.297092E+00 -2.037309E-01  2.033693E-01
  1.313047E+00 -2.142154E-01  2.128157E-01
  1.329197E+00 -2.248474E-01  2.222396E-01
  1.345546E+00 -2.356098E-01  2.316356E-01
  1.362096E+00 -2.464816E-01  2.409983E-01
  1.378850E+00 -2.574370E-01  2.503224E-01
  1.395810E+00 -2.684462E-01  2.596027E-01
  1.412979E+00 -2.794748E-01  2.688339E-01
  1.430358E+00 -2.904848E-01  2.780107E-01
  1.447952E+00 -3.014348E-01  2.871282E-01
  1.465761E+00 -3.122804E-01  2.961810E-01
  1.483790E+00 -3.229758E-01  3.051643E-01
  1.502041E+00 -3.334743E-01  3.140730E-01
  1.520516E+00 -3.437295E-01  3.229021E-01
  1.539218E+00 -3.536971E-01  3.316466E-01
  1.558151E+00 -3.633356E-01  3.403018E-01
  1.577316E+00 -3.726085E-01  3.488628E-01
  1.596717E+00 -3.814850E-01  3.573249E-01
  1.616357E+00 -3.899419E-01  3.656833E-01
  1.636238E+00 -3.979643E-01  3.739333E-01
  1.656363E+00 -4.055466E-01  3.820703E-01
  1.676737E+00 -4.126935E-01  3.900898E-01
  1.697361E+00 -4.194196E-01  3.979872E-01
  1.718238E+00 -4.257497E-01  4.057579E-01
  1.739372E+00 -4.317178E-01  4.133976E-01
  1.760767E+00 -4.373663E-01  4.209018E-01
  1.782424E+00 -4.427446E-01  4.282662E-01
  1.804348E+00 -4.479065E-01  4.354863E-01
  1.826541E+00 -4.529088E-01  4.425579E-01
  1.849008E+00 -4.578079E-01  4.494767E-01
  1.871751E+00 -4.626574E-01  4.562385E-01
  1.894773E+00 -4.675050E-01  4.628390E-01
  1.918079E+00 -4.723898E-01  4.692741E-01
  1.941671E+00 -4.773392E-01  4.755397E-01
  1.965554E+00 -4.823675E-01  4.816316E-01
  1.989730E+00 -4.874739E-01  4.875459E-01
  2.014204E+00 -4.926423E-01  4.932786E-01
  2.038979E+00 -4.978426E-01  4.988257E-01
  2.064058E+00 -5.030331E-01  5.041834E-01
  2.089446E+00 -5.081651E-01  5.093479E-01
  2.115146E+00 -5.131884E-01  5.143155E-01
  2.141162E+00 -5.180581E-01  5.190826E-01
  2.167499E+00 -5.227404E-01  5.236456E-01
  2.194159E+00 -5.272161E-01  5.280011E-01
  2.221147E+00 -5.314783E-01  5.321458E-01
  2.248467E+00 -5.355242E-01  5.360765E-01
  2.276123E+00 -5.393502E-01  5.397901E-01
  2.304120E+00 -5.429532E-01  5.432837E-01
  2.332460E+00 -5.463305E-01  5.465545E-01
  2.361150E+00 -5.494792E-01  5.495998E-01
  2.390192E+00 -5.523971E-01  5.524173E-01
  2.419591E+00 -5.550816E-01  5.550045E-01
  2.449352E+00 -5.575308E-01  5.573594E-01
  2.479479E+00 -5.597427E-01  5.594800E-01
  2.509977E+00 -5.617156E-01  5.613647E-01
  2.540849E+00 -5.634480E-01  5.630120E-01
  2.572102E+00 -5.649387E-01  5.644204E-01
  2.603739E+00 -5.661867E-01  5.655891E-01
  2.635765E+00 -5.671910E-01  5.665171E-01
  2.668185E+00 -5.679513E-01  5.672039E-01
  2.701003E+00 -5.684672E-01  5.676491E-01
  2.734226E+00 -5.687386E-01  5.678527E-01
  2.767857E+00 -5.687659E-01  5.678149E-01
  2.801901E+00 -5.685495E-01  5.675361E-01
  2.836365E+00 -5.680902E-01  5.670171E-01
  2.871252E+00 -5.673891E-01  5.662589E-01
  2.906568E+00 -5.664475E-01  5.652627E-01
  2.942319E+00 -5.652670E-01  5.640302E-01
  2.978510E+00 -5.638495E-01  5.625633E-01
  3.015145E+00 -5.621973E-01  5.608640E-01
  3.052232E+00 -5.603126E-01  5.589347E-01
  3.089774E+00 -5.581984E-01  5.567783E-01
  3.127778E+00 -5.558575E-01  5.543976E-01
  3.166250E+00 -5.532933E-01  5.517958E-01
  3.205195E+00 -5.505091E-01  5.489765E-01
  3.244619E+00 -5.475088E-01  5.459432E-01
  3.284528E+00 -5.442964E-01  5.427000E-01
  3.324927E+00 -5.408759E-01  5.392510E-01
  3.365824E+00 -5.372517E-01  5.356006E-01
  3.407224E+00 -5.334285E-01  5.317531E-01
  3.449132E+00 -5.294109E-01  5.277135E-01
  3.491557E+00 -5.252038E-01  5.234863E-01
  3.534503E+00 -5.208121E-01  5.190767E-01
  3.577977E+00 -5.162411E-01  5.144897E-01
  3.621986E+00 -5.114959E-01  5.097305E-01
  3.666537E+00 -5.065818E-01  5.048042E-01
  3.711635E+00 -5.015042E-01  4.997163E-01
  3.757288E+00 -4.962684E-01  4.944721E-01
  3.803503E+00 -4.908798E-01  4.890769E-01
  3.850286E+00 -4.853441E-01  4.835362E-01
  3.897645E+00 -4.796665E-01  4.778554E-01
  3.945586E+00 -4.738526E-01  4.720400E-01
  3.994116E+00 -4.679078E-01  4.660952E-01
  4.043244E+00 -4.618377E-01  4.600266E-01
  4.092976E+00 -4.556475E-01  4.538395E-01
  4.143319E+00 -4.493428E-01  4.475393E-01
  4.194282E+00 -4.429289E-01  4.411314E-01
  4.245872E+00 -4.364112E-01  4.346209E-01
  4.298096E+00 -4.297951E-01  4.280134E-01
  4.350963E+00 -4.230860E-01  4.213141E-01
  4.404480E+00 -4.162891E-01  4.145283E-01
  4.458655E+00 -4.094099E-01  4.076614E-01
  4.513496E+00 -4.024538E-01  4.007185E-01
  4.569012E+00 -3.954260E-01  3.937053E-01
  4.625211E+00 -3.883321E-01  3.866269E-01
  4.682101E+00 -3.811775E-01  3.794888E-01
  4.739691E+00 -3.739677E-01  3.722965E-01
  4.797989E+00 -3.667083E-01  3.650555E-01
  4.857004E+00 -3.594048E-01  3.577714E-01
  4.916745E+00 -3.520631E-01  3.504498E-01
  4.977221E+00 -3.446887E-01  3.430965E-01
  5.038441E+00 -3.372876E-01  3.357172E-01
  5.100414E+00 -3.298656E-01  3.283178E-01
  5.163149E+00 -3.224287E-01  3.209042E-01
  5.226656E+00 -3.149830E-01  3.134825E-01
  5.290944E+00 -3.075344E-01  3.060585E-01
  5.356022E+00 -3.000892E-01  2.986386E-01
  5.421901E+00 -2.926535E-01  2.912287E-01
  5.488591E+00 -2.852335E-01  2.838350E-01
  5.556101E+00 -2.778354E-01  2.764638E-01
  5.624441E+00 -2.704654E-01  2.691212E-01
  5.693621E+00 -2.631298E-01  2.618133E-01
  5.763653E+00 -2.558347E-01  2.545463E-01
  5.834546E+00 -2.485861E-01  2.473262E-01
  5.906311E+00 -2.413902E-01  2.401590E-01
  5.978958E+00 -2.342528E-01  2.330506E-01
  6.052499E+00 -2.271798E-01  2.260068E-01
  6.126945E+00 -2.201769E-01  2.190333E-01
  6.202307E+00 -2.132497E-01  2.121355E-01
  6.278595E+00 -2.064034E-01  2.053187E-01
  6.355822E+00 -1.996433E-01  1.985883E-01
  6.433998E+00 -1.929745E-01  1.919490E-01
  6.513136E+00 -1.864016E-01  1.854056E-01
  6.593248E+00 -1.799292E-01  1.789626E-01
  6.674345E+00 -1.735617E-01  1.726244E-01
  6.756439E+00 -1.673030E-01  1.663948E-01
  6.839544E+00 -1.611570E-01  1.602778E-01
  6.923670E+00 -1.551272E-01  1.542767E-01
  7.008831E+00 -1.492169E-01  1.483948E-01
  7.095040E+00 -1.434290E-01  1.426350E-01
  7.182309E+00 -1.377663E-01  1.369999E-01
  7.270651E+00 -1.322310E-01  1.314920E-01
  7.360080E+00 -1.268253E-01  1.261133E-01
  7.450609E+00 -1.215511E-01  1.208656E-01
  7.542252E+00 -1.164099E-01  1.157504E-01
  7.635021E+00 -1.114029E-01  1.107691E-01
  7.728932E+00 -1.065312E-01  1.059224E-01
  7.823998E+00 -1.017953E-01  1.012111E-01
  7.920233E+00 -9.719587E-02  9.663573E-02
  8.017652E+00 -9.273298E-02  9.219634E-02
  8.116269E+00 -8.840658E-02  8.789287E-02
  8.216099E+00 -8.421635E-02  8.372500E-02
  8.317157E+00 -8.016176E-02  7.969218E-02
  8.419458E+00 -7.624203E-02  7.579364E-02
  8.523018E+00 -7.245618E-02  7.202837E-02
  8.627851E+00 -6.880301E-02  6.839518E-02
  8.733973E+00 -6.528113E-02  6.489268E-02
  8.841401E+00 -6.188899E-02  6.151931E-02
  8.950150E+00 -5.862485E-02  5.827332E-02
  9.060237E+00 -5.548679E-02  5.515282E-02
  9.171678E+00 -5.247278E-02  5.215576E-02
  9.284490E+00 -4.958062E-02  4.927995E-02
  9.398689E+00 -4.680800E-02  4.652308E-02
  9.514293E+00 -4.415249E-02  4.388274E-02
  9.631319E+00 -4.161156E-02  4.135639E-02
  9.749784E+00 -3.918258E-02  3.894142E-02
  9.869706E+00 -3.686284E-02  3.663511E-02
  9.991104E+00 -3.464955E-02  3.443471E-02
  1.011399E+01 -3.253988E-02  3.233738E-02
  1.023840E+01 -3.053092E-02  3.034023E-02
  1.036433E+01 -2.861975E-02  2.844034E-02
  1.049181E+01 -2.680338E-02  2.663474E-02
  1.062086E+01 -2.507883E-02  2.492046E-02
  1.075150E+01 -2.344308E-02  2.329450E-02
  1.088374E+01 -2.189313E-02  2.175386E-02
  1.101761E+01 -2.042594E-02  2.029553E-02
  1.115313E+01 -1.903853E-02  1.891653E-02
  1.129031E+01 -1.772789E-02  1.761387E-02
  1.142918E+01 -1.649107E-02  1.638461E-02
  1.156976E+01 -1.532511E-02  1.522581E-02
  1.171207E+01 -1.422712E-02  1.413459E-02
  1.185613E+01 -1.319422E-02  1.310809E-02
  1.200196E+01 -1.222361E-02  1.214351E-02
  1.214958E+01 -1.131250E-02  1.123810E-02
  1.229902E+01 -1.045819E-02  1.038914E-02
  1.245030E+01 -9.658012E-03  9.594005E-03
  1.260344E+01 -8.909368E-03  8.850097E-03
  1.275846E+01 -8.209726E-03  8.154900E-03
  1.291539E+01 -7.556618E-03  7.505959E-03
  1.307425E+01 -6.947648E-03  6.900891E-03
  1.323506E+01 -6.380489E-03  6.337381E-03
  1.339785E+01 -5.852886E-03  5.813187E-03
  1.356264E+01 -5.362660E-03  5.326143E-03
  1.372947E+01 -4.907707E-03  4.874156E-03
  1.389834E+01 -4.485998E-03  4.455207E-03
  1.406929E+01 -4.095579E-03  4.067355E-03
  1.424234E+01 -3.734575E-03  3.708735E-03
  1.441752E+01 -3.401185E-03  3.377556E-03
  1.459486E+01 -3.093685E-03  3.072104E-03
  1.477437E+01 -2.810425E-03  2.790740E-03
  1.495610E+01 -2.549832E-03  2.531898E-03
  1.514006E+01 -2.310403E-03  2.294085E-03
  1.532628E+01 -2.090711E-03  2.075882E-03
  1.551479E+01 -1.889396E-03  1.875939E-03
  1.570563E+01 -1.705171E-03  1.692974E-03
  1.589880E+01 -1.536814E-03  1.525775E-03
  1.609436E+01 -1.383173E-03  1.373194E-03
  1.629232E+01 -1.243155E-03  1.234148E-03
  1.649272E+01 -1.115735E-03  1.107616E-03
  1.669558E+01 -9.999440E-04  9.926352E-04
  1.690093E+01 -8.948735E-04  8.883038E-04
  1.710881E+01 -7.996707E-04  7.937737E-04
  1.731925E+01 -7.135368E-04  7.082514E-04
  1.753228E+01 -6.357249E-04  6.309946E-04
  1.774793E+01 -5.655378E-04  5.613107E-04
  1.796622E+01 -5.023257E-04  4.985539E-04
  1.818721E+01 -4.454841E-04  4.421236E-04
  1.841091E+01 -3.944514E-04  3.914621E-04
  1.863737E+01 -3.487071E-04  3.460521E-04
  1.886661E+01 -3.077694E-04  3.054151E-04
  1.909867E+01 -2.711929E-04  2.691085E-04
  1.933358E+01 -2.385672E-04  2.367249E-04
  1.957138E+01 -2.095147E-04  2.078890E-04
  1.981211E+01 -1.836880E-04  1.822558E-04
  2.005580E+01 -1.607682E-04  1.595086E-04
  2.030249E+01 -1.404634E-04  1.393575E-04
  2.055221E+01 -1.225069E-04  1.215377E-04
  2.080500E+01 -1.066554E-04  1.058074E-04
  2.106090E+01 -9.268731E-05  9.194668E-05
  2.131995E+01 -8.040130E-05  7.975562E-05
  2.158218E+01 -6.961476E-05  6.905287E-05
  2.184764E+01 -6.016238E-05  5.967432E-05
  2.211637E+01 -5.189481E-05  5.147167E-05
  2.238840E+01 -4.467740E-05  4.431123E-05
  2.266378E+01 -3.838897E-05  3.807271E-05
  2.294254E+01 -3.292071E-05  3.264808E-05
  2.322474E+01 -2.817509E-05  2.794053E-05
  2.351040E+01 -2.406490E-05  2.386350E-05
  2.379958E+01 -2.051231E-05  2.033973E-05
  2.409231E+01 -1.744801E-05  1.730043E-05
  2.438865E+01 -1.481039E-05  1.468445E-05
  2.468863E+01 -1.254485E-05  1.243760E-05
  2.499230E+01 -1.060306E-05  1.051191E-05
  2.529971E+01 -8.942362E-06  8.865067E-06
  2.561089E+01 -7.525175E-06  7.459771E-06
  2.592591E+01 -6.318478E-06  6.263257E-06
  2.624479E+01 -5.293318E-06  5.246798E-06
  2.656761E+01 -4.424363E-06  4.385261E-06
  2.689439E+01 -3.689509E-06  3.656718E-06
  2.722519E+01 -3.069510E-06  3.042073E-06
  2.756006E+01 -2.547648E-06  2.524746E-06
  2.789905E+01 -2.109439E-06  2.090367E-06
  2.824220E+01 -1.742363E-06  1.726519E-06
  2.858958E+01 -1.435627E-06  1.422496E-06
  2.894124E+01 -1.179947E-06  1.169092E-06
  2.929721E+01 -9.673595E-07  9.584074E-07
  2.965757E+01 -7.910504E-07  7.836865E-07
  3.002236E+01 -6.452048E-07  6.391628E-07
  3.039163E+01 -5.248731E-07  5.199285E-07
  3.076545E+01 -4.258535E-07  4.218175E-07
  3.114386E+01 -3.445887E-07  3.413031E-07
  3.152693E+01 -2.780753E-07  2.754077E-07
  3.191471E+01 -2.237843E-07  2.216244E-07
  3.230727E+01 -1.795924E-07  1.778483E-07
  3.270465E+01 -1.437217E-07  1.423173E-07
  3.310691E+01 -1.146879E-07  1.135603E-07
  3.351413E+01 -9.125547E-08  9.035260E-08
  3.392635E+01 -7.239859E-08  7.167778E-08
  3.434365E+01 -5.726849E-08  5.669471E-08
  3.476607E+01 -4.516478E-08  4.470939E-08
  3.519369E+01 -3.551129E-08  3.515094E-08
  3.562658E+01 -2.783551E-08  2.755123E-08
  3.606478E+01 -2.175111E-08  2.152753E-08
  3.650838E+01 -1.694324E-08  1.676795E-08
  3.695743E+01 -1.315611E-08  1.301911E-08
  3.741201E+01 -1.018257E-08  1.007584E-08
  3.787218E+01 -7.855415E-09  7.772531E-09
  3.833801E+01 -6.040107E-09  5.975953E-09
  3.880956E+01 -4.628778E-09  4.579286E-09
  3.928692E+01 -3.535219E-09  3.497166E-09
  3.977015E+01 -2.690768E-09  2.661610E-09
  4.025932E+01 -2.040929E-09  2.018662E-09
  4.075451E+01 -1.542597E-09  1.525652E-09
  4.125579E+01 -1.161799E-09  1.148950E-09
  4.176324E+01 -8.718557E-10  8.621472E-10
  4.227693E+01 -6.518892E-10  6.445799E-10
  4.279693E+01 -4.856227E-10  4.801398E-10
  4.332334E+01 -3.604129E-10  3.563153E-10
  4.385621E+01 -2.664758E-10  2.634249E-10
  4.439564E+01 -1.962687E-10  1.940058E-10
  4.494171E+01 -1.439990E-10  1.423269E-10
  4.549449E+01 -1.052354E-10  1.040048E-10
  4.605408E+01 -7.660162E-11  7.569943E-11
  4.662054E+01 -5.553487E-11  5.487610E-11
  4.719397E+01 -4.009809E-11  3.961901E-11
  4.777446E+01 -2.883302E-11  2.848603E-11
  4.836209E+01 -2.064632E-11  2.039604E-11
  4.895694E+01 -1.472173E-11  1.454197E-11
  4.955911E+01 -1.045240E-11  1.032383E-11
  5.016869E+01 -7.389098E-12  7.297536E-12
  5.078576E+01 -5.200695E-12  5.135773E-12
  5.141043E+01 -3.644202E-12  3.598371E-12
  5.204277E+01 -2.542089E-12  2.509879E-12
  5.268290E+01 -1.765233E-12  1.742699E-12
  5.333090E+01 -1.220146E-12  1.204453E-12
  5.398687E+01 -8.394515E-13  8.285725E-13
  5.465091E+01 -5.748147E-13  5.673087E-13
  5.532311E+01 -3.917270E-13  3.865726E-13
  5.600359E+01 -2.656663E-13  2.621438E-13
  5.669243E+01 -1.792920E-13  1.768964E-13
  5.738975E+01 -1.204011E-13  1.187799E-13
  5.809564E+01 -8.044858E-14  7.935691E-14
  5.881022E+01 -5.348075E-14  5.274936E-14
  5.953359E+01 -3.537044E-14  3.488293E-14
  6.026585E+01 -2.327124E-14  2.294797E-14
  6.100712E+01 -1.523025E-14  1.501700E-14
  6.175751E+01 -9.914575E-15  9.774655E-15
  6.251712E+01 -6.419379E-15  6.328062E-15
  6.328608E+01 -4.133672E-15  4.074399E-15
  6.406450E+01 -2.647133E-15  2.608870E-15
  6.485250E+01 -1.685774E-15  1.661209E-15
  6.565018E+01  0.000000E+00  0.000000E+00
  6.645768E+01  0.000000E+00  0.000000E+00
  6.727511E+01  0.000000E+00  0.000000E+00
  6.810259E+01  0.000000E+00  0.000000E+00
  6.894026E+01  0.000000E+00  0.000000E+00
  6.978822E+01  0.000000E+00  0.000000E+00
  7.064662E+01  0.000000E+00  0.000000E+00
  7.151557E+01  0.000000E+00  0.000000E+00
  7.239521E+01  0.000000E+00  0.000000E+00
  7.328567E+01  0.000000E+00  0.000000E+00
  7.418709E+01  0.000000E+00  0.000000E+00
  7.509959E+01  0.000000E+00  0.000000E+00
  7.602331E+01  0.000000E+00  0.000000E+00
  7.695840E+01  0.000000E+00  0.000000E+00
  7.790499E+01  0.000000E+00  0.000000E+00
  7.886322E+01  0.000000E+00  0.000000E+00
  7.983324E+01  0.000000E+00  0.000000E+00
