  2.232143E-04  2.898410E+01
  2.259598E-04  2.898412E+01
  2.287391E-04  2.898413E+01
  2.315526E-04  2.898415E+01
  2.344007E-04  2.898421E+01
  2.372838E-04  2.898426E+01
  2.402024E-04  2.898432E+01
  2.431569E-04  2.898437E+01
  2.461478E-04  2.898443E+01
  2.491754E-04  2.898449E+01
  2.522402E-04  2.898455E+01
  2.553428E-04  2.898462E+01
  2.584835E-04  2.898468E+01
  2.616628E-04  2.898475E+01
  2.648813E-04  2.898481E+01
  2.681393E-04  2.898488E+01
  2.714375E-04  2.898495E+01
  2.747761E-04  2.898502E+01
  2.781559E-04  2.898509E+01
  2.815772E-04  2.898516E+01
  2.850406E-04  2.898524E+01
  2.885466E-04  2.898531E+01
  2.920957E-04  2.898539E+01
  2.956885E-04  2.898547E+01
  2.993255E-04  2.898555E+01
  3.030072E-04  2.898563E+01
  3.067342E-04  2.898572E+01
  3.105070E-04  2.898580E+01
  3.143262E-04  2.898589E+01
  3.181924E-04  2.898598E+01
  3.221062E-04  2.898607E+01
  3.260681E-04  2.898616E+01
  3.300787E-04  2.898625E+01
  3.341387E-04  2.898635E+01
  3.382486E-04  2.898645E+01
  3.424091E-04  2.898655E+01
  3.466207E-04  2.898665E+01
  3.508841E-04  2.898676E+01
  3.552000E-04  2.898686E+01
  3.595690E-04  2.898697E+01
  3.639917E-04  2.898708E+01
  3.684688E-04  2.898720E+01
  3.730009E-04  2.898731E+01
  3.775889E-04  2.898743E+01
  3.822332E-04  2.898755E+01
  3.869347E-04  2.898768E+01
  3.916940E-04  2.898781E+01
  3.965118E-04  2.898794E+01
  4.013889E-04  2.898807E+01
  4.063260E-04  2.898820E+01
  4.113238E-04  2.898834E+01
  4.163831E-04  2.898848E+01
  4.215046E-04  2.898863E+01
  4.266891E-04  2.898878E+01
  4.319374E-04  2.898893E+01
  4.372502E-04  2.898909E+01
  4.426284E-04  2.898924E+01
  4.480727E-04  2.898941E+01
  4.535840E-04  2.898957E+01
  4.591631E-04  2.898974E+01
  4.648108E-04  2.898992E+01
  4.705280E-04  2.899010E+01
  4.763155E-04  2.899028E+01
  4.821741E-04  2.899046E+01
  4.881049E-04  2.899066E+01
  4.941086E-04  2.899085E+01
  5.001861E-04  2.899105E+01
  5.063384E-04  2.899126E+01
  5.125664E-04  2.899147E+01
  5.188709E-04  2.899168E+01
  5.252530E-04  2.899190E+01
  5.317136E-04  2.899212E+01
  5.382537E-04  2.899235E+01
  5.448742E-04  2.899259E+01
  5.515762E-04  2.899283E+01
  5.583606E-04  2.899308E+01
  5.652284E-04  2.899333E+01
  5.721807E-04  2.899359E+01
  5.792185E-04  2.899385E+01
  5.863429E-04  2.899413E+01
  5.935550E-04  2.899440E+01
  6.008557E-04  2.899469E+01
  6.082462E-04  2.899498E+01
  6.157276E-04  2.899528E+01
  6.233011E-04  2.899559E+01
  6.309677E-04  2.899590E+01
  6.387286E-04  2.899622E+01
  6.465850E-04  2.899655E+01
  6.545379E-04  2.899688E+01
  6.625888E-04  2.899723E+01
  6.707386E-04  2.899758E+01
  6.789887E-04  2.899794E+01
  6.873402E-04  2.899831E+01
  6.957945E-04  2.899869E+01
  7.043528E-04  2.899908E+01
  7.130163E-04  2.899948E+01
  7.217864E-04  2.899988E+01
  7.306644E-04  2.900030E+01
  7.396516E-04  2.900073E+01
  7.487493E-04  2.900117E+01
  7.579589E-04  2.900162E+01
  7.672818E-04  2.900207E+01
  7.767194E-04  2.900255E+01
  7.862730E-04  2.900303E+01
  7.959442E-04  2.900352E+01
  8.057343E-04  2.900403E+01
  8.156448E-04  2.900454E+01
  8.256773E-04  2.900508E+01
  8.358331E-04  2.900562E+01
  8.461138E-04  2.900618E+01
  8.565210E-04  2.900675E+01
  8.670563E-04  2.900733E+01
  8.777210E-04  2.900793E+01
  8.885170E-04  2.900854E+01
  8.994458E-04  2.900917E+01
  9.105090E-04  2.900981E+01
  9.217082E-04  2.901047E+01
  9.330452E-04  2.901115E+01
  9.445217E-04  2.901184E+01
  9.561393E-04  2.901255E+01
  9.678998E-04  2.901327E+01
  9.798050E-04  2.901402E+01
  9.918566E-04  2.901478E+01
  1.004056E-03  2.901556E+01
  1.016406E-03  2.901636E+01
  1.028908E-03  2.901718E+01
  1.041564E-03  2.901801E+01
  1.054375E-03  2.901887E+01
  1.067344E-03  2.901975E+01
  1.080472E-03  2.902065E+01
  1.093762E-03  2.902158E+01
  1.107215E-03  2.902252E+01
  1.120834E-03  2.902349E+01
  1.134620E-03  2.902449E+01
  1.148576E-03  2.902550E+01
  1.162703E-03  2.902654E+01
  1.177005E-03  2.902761E+01
  1.191482E-03  2.902870E+01
  1.206137E-03  2.902982E+01
  1.220973E-03  2.903097E+01
  1.235991E-03  2.903214E+01
  1.251193E-03  2.903335E+01
  1.266583E-03  2.903458E+01
  1.282162E-03  2.903584E+01
  1.297932E-03  2.903714E+01
  1.313897E-03  2.903846E+01
  1.330058E-03  2.903982E+01
  1.346418E-03  2.904121E+01
  1.362979E-03  2.904263E+01
  1.379743E-03  2.904409E+01
  1.396714E-03  2.904558E+01
  1.413894E-03  2.904711E+01
  1.431285E-03  2.904868E+01
  1.448889E-03  2.905028E+01
  1.466711E-03  2.905192E+01
  1.484751E-03  2.905361E+01
  1.503014E-03  2.905533E+01
  1.521501E-03  2.905710E+01
  1.540215E-03  2.905891E+01
  1.559160E-03  2.906076E+01
  1.578338E-03  2.906265E+01
  1.597751E-03  2.906460E+01
  1.617403E-03  2.906659E+01
  1.637297E-03  2.906862E+01
  1.657436E-03  2.907071E+01
  1.677823E-03  2.907285E+01
  1.698460E-03  2.907503E+01
  1.719351E-03  2.907727E+01
  1.740499E-03  2.907957E+01
  1.761907E-03  2.908192E+01
  1.783579E-03  2.908433E+01
  1.805517E-03  2.908679E+01
  1.827724E-03  2.908931E+01
  1.850205E-03  2.909189E+01
  1.872963E-03  2.909454E+01
  1.896000E-03  2.909725E+01
  1.919321E-03  2.910002E+01
  1.942929E-03  2.910286E+01
  1.966827E-03  2.910577E+01
  1.991019E-03  2.910874E+01
  2.015508E-03  2.911179E+01
  2.040299E-03  2.911491E+01
  2.065395E-03  2.911810E+01
  2.090799E-03  2.912137E+01
  2.116516E-03  2.912472E+01
  2.142549E-03  2.912815E+01
  2.168903E-03  2.913165E+01
  2.195580E-03  2.913524E+01
  2.222586E-03  2.913892E+01
  2.249923E-03  2.914268E+01
  2.277598E-03  2.914653E+01
  2.305612E-03  2.915047E+01
  2.333971E-03  2.915450E+01
  2.362679E-03  2.915863E+01
  2.391740E-03  2.916286E+01
  2.421158E-03  2.916718E+01
  2.450938E-03  2.917161E+01
  2.481085E-03  2.917613E+01
  2.511602E-03  2.918077E+01
  2.542495E-03  2.918551E+01
  2.573768E-03  2.919036E+01
  2.605425E-03  2.919532E+01
  2.637472E-03  2.920040E+01
  2.669913E-03  2.920560E+01
  2.702753E-03  2.921091E+01
  2.735997E-03  2.921635E+01
  2.769649E-03  2.922192E+01
  2.803716E-03  2.922761E+01
  2.838202E-03  2.923343E+01
  2.873112E-03  2.923938E+01
  2.908451E-03  2.924547E+01
  2.944225E-03  2.925170E+01
  2.980439E-03  2.925807E+01
  3.017098E-03  2.926459E+01
  3.054208E-03  2.927125E+01
  3.091775E-03  2.927806E+01
  3.129804E-03  2.928503E+01
  3.168301E-03  2.929215E+01
  3.207271E-03  2.929943E+01
  3.246720E-03  2.930688E+01
  3.286655E-03  2.931449E+01
  3.327081E-03  2.932226E+01
  3.368004E-03  2.933022E+01
  3.409430E-03  2.933834E+01
  3.451366E-03  2.934665E+01
  3.493818E-03  2.935513E+01
  3.536792E-03  2.936381E+01
  3.580294E-03  2.937267E+01
  3.624332E-03  2.938173E+01
  3.668911E-03  2.939098E+01
  3.714039E-03  2.940043E+01
  3.759722E-03  2.941008E+01
  3.805966E-03  2.941994E+01
  3.852780E-03  2.943001E+01
  3.900169E-03  2.944029E+01
  3.948141E-03  2.945080E+01
  3.996703E-03  2.946152E+01
  4.045863E-03  2.947247E+01
  4.095627E-03  2.948364E+01
  4.146003E-03  2.949505E+01
  4.196999E-03  2.950670E+01
  4.248622E-03  2.951858E+01
  4.300880E-03  2.953071E+01
  4.353781E-03  2.954308E+01
  4.407332E-03  2.955571E+01
  4.461542E-03  2.956859E+01
  4.516419E-03  2.958173E+01
  4.571971E-03  2.959513E+01
  4.628206E-03  2.960879E+01
  4.685133E-03  2.962272E+01
  4.742761E-03  2.963693E+01
  4.801096E-03  2.965141E+01
  4.860150E-03  2.966617E+01
  4.919930E-03  2.968121E+01
  4.980445E-03  2.969653E+01
  5.041704E-03  2.971215E+01
  5.103717E-03  2.972806E+01
  5.166493E-03  2.974426E+01
  5.230041E-03  2.976076E+01
  5.294370E-03  2.977756E+01
  5.359491E-03  2.979466E+01
  5.425413E-03  2.981207E+01
  5.492146E-03  2.982979E+01
  5.559699E-03  2.984781E+01
  5.628083E-03  2.986616E+01
  5.697309E-03  2.988481E+01
  5.767386E-03  2.990378E+01
  5.838324E-03  2.992307E+01
  5.910136E-03  2.994268E+01
  5.982830E-03  2.996261E+01
  6.056419E-03  2.998286E+01
  6.130913E-03  3.000343E+01
  6.206323E-03  3.002432E+01
  6.282661E-03  3.004554E+01
  6.359938E-03  3.006708E+01
  6.438165E-03  3.008894E+01
  6.517355E-03  3.011112E+01
  6.597518E-03  3.013363E+01
  6.678668E-03  3.015645E+01
  6.760815E-03  3.017959E+01
  6.843973E-03  3.020305E+01
  6.928154E-03  3.022682E+01
  7.013370E-03  3.025090E+01
  7.099635E-03  3.027529E+01
  7.186960E-03  3.029998E+01
  7.275360E-03  3.032497E+01
  7.364847E-03  3.035025E+01
  7.455435E-03  3.037582E+01
  7.547136E-03  3.040168E+01
  7.639966E-03  3.042782E+01
  7.733938E-03  3.045422E+01
  7.829065E-03  3.048089E+01
  7.925363E-03  3.050782E+01
  8.022845E-03  3.053499E+01
  8.121526E-03  3.056241E+01
  8.221420E-03  3.059005E+01
  8.322544E-03  3.061791E+01
  8.424911E-03  3.064598E+01
  8.528538E-03  3.067425E+01
  8.633439E-03  3.070270E+01
  8.739630E-03  3.073133E+01
  8.847127E-03  3.076011E+01
  8.955947E-03  3.078904E+01
  9.066105E-03  3.081810E+01
  9.177618E-03  3.084728E+01
  9.290503E-03  3.087655E+01
  9.404776E-03  3.090591E+01
  9.520455E-03  3.093532E+01
  9.637556E-03  3.096479E+01
  9.756098E-03  3.099428E+01
  9.876098E-03  3.102377E+01
  9.997574E-03  3.105326E+01
  1.012054E-02  3.108270E+01
  1.024503E-02  3.111209E+01
  1.037104E-02  3.114140E+01
  1.049860E-02  3.117060E+01
  1.062774E-02  3.119968E+01
  1.075846E-02  3.122861E+01
  1.089079E-02  3.125736E+01
  1.102474E-02  3.128590E+01
  1.116035E-02  3.131421E+01
  1.129762E-02  3.134227E+01
  1.143658E-02  3.137004E+01
  1.157725E-02  3.139750E+01
  1.171965E-02  3.142462E+01
  1.186380E-02  3.145136E+01
  1.200973E-02  3.147771E+01
  1.215745E-02  3.150362E+01
  1.230699E-02  3.152907E+01
  1.245836E-02  3.155403E+01
  1.261160E-02  3.157847E+01
  1.276672E-02  3.160236E+01
  1.292375E-02  3.162566E+01
  1.308271E-02  3.164835E+01
  1.324363E-02  3.167039E+01
  1.340653E-02  3.169175E+01
  1.357143E-02  3.171240E+01
  1.373836E-02  3.173232E+01
  1.390734E-02  3.175146E+01
  1.407840E-02  3.176980E+01
  1.425156E-02  3.178732E+01
  1.442686E-02  3.180397E+01
  1.460431E-02  3.181974E+01
  1.478394E-02  3.183458E+01
  1.496578E-02  3.184849E+01
  1.514986E-02  3.186142E+01
  1.533621E-02  3.187335E+01
  1.552484E-02  3.188426E+01
  1.571580E-02  3.189413E+01
  1.590910E-02  3.190292E+01
  1.610478E-02  3.191062E+01
  1.630287E-02  3.191720E+01
  1.650340E-02  3.192266E+01
  1.670639E-02  3.192696E+01
  1.691188E-02  3.193009E+01
  1.711989E-02  3.193204E+01
  1.733047E-02  3.193280E+01
  1.754363E-02  3.193234E+01
  1.775942E-02  3.193066E+01
  1.797786E-02  3.192775E+01
  1.819899E-02  3.192360E+01
  1.842284E-02  3.191821E+01
  1.864944E-02  3.191157E+01
  1.887883E-02  3.190368E+01
  1.911103E-02  3.189455E+01
  1.934610E-02  3.188417E+01
  1.958406E-02  3.187254E+01
  1.982494E-02  3.185968E+01
  2.006879E-02  3.184559E+01
  2.031563E-02  3.183028E+01
  2.056552E-02  3.181376E+01
  2.081847E-02  3.179604E+01
  2.107454E-02  3.177715E+01
  2.133376E-02  3.175709E+01
  2.159616E-02  3.173589E+01
  2.186179E-02  3.171357E+01
  2.213069E-02  3.169016E+01
  2.240290E-02  3.166566E+01
  2.267846E-02  3.164012E+01
  2.295740E-02  3.161356E+01
  2.323978E-02  3.158601E+01
  2.352563E-02  3.155750E+01
  2.381499E-02  3.152807E+01
  2.410792E-02  3.149773E+01
  2.440445E-02  3.146654E+01
  2.470462E-02  3.143453E+01
  2.500849E-02  3.140173E+01
  2.531609E-02  3.136819E+01
  2.562748E-02  3.133393E+01
  2.594270E-02  3.129901E+01
  2.626179E-02  3.126345E+01
  2.658481E-02  3.122731E+01
  2.691181E-02  3.119062E+01
  2.724282E-02  3.115342E+01
  2.757791E-02  3.111575E+01
  2.791712E-02  3.107766E+01
  2.826050E-02  3.103919E+01
  2.860810E-02  3.100038E+01
  2.895998E-02  3.096126E+01
  2.931619E-02  3.092189E+01
  2.967678E-02  3.088229E+01
  3.004180E-02  3.084252E+01
  3.041131E-02  3.080260E+01
  3.078537E-02  3.076258E+01
  3.116403E-02  3.072248E+01
  3.154735E-02  3.068236E+01
  3.193538E-02  3.064225E+01
  3.232819E-02  3.060217E+01
  3.272583E-02  3.056216E+01
  3.312835E-02  3.052225E+01
  3.353583E-02  3.048248E+01
  3.394832E-02  3.044286E+01
  3.436589E-02  3.040344E+01
  3.478859E-02  3.036423E+01
  3.521649E-02  3.032526E+01
  3.564965E-02  3.028655E+01
  3.608814E-02  3.024813E+01
  3.653203E-02  3.021001E+01
  3.698137E-02  3.017221E+01
  3.743624E-02  3.013476E+01
  3.789671E-02  3.009765E+01
  3.836284E-02  3.006092E+01
  3.883470E-02  3.002457E+01
  3.931237E-02  2.998860E+01
  3.979591E-02  2.995304E+01
  4.028540E-02  2.991789E+01
  4.078091E-02  2.988315E+01
  4.128251E-02  2.984882E+01
  4.179029E-02  2.981492E+01
  4.230431E-02  2.978144E+01
  4.282465E-02  2.974838E+01
  4.335139E-02  2.971574E+01
  4.388462E-02  2.968353E+01
  4.442440E-02  2.965172E+01
  4.497082E-02  2.962032E+01
  4.552396E-02  2.958933E+01
  4.608390E-02  2.955873E+01
  4.665073E-02  2.952851E+01
  4.722454E-02  2.949868E+01
  4.780540E-02  2.946920E+01
  4.839341E-02  2.944008E+01
  4.898865E-02  2.941129E+01
  4.959121E-02  2.938283E+01
  5.020118E-02  2.935468E+01
  5.081865E-02  2.932683E+01
  5.144372E-02  2.929925E+01
  5.207648E-02  2.927192E+01
  5.271702E-02  2.924484E+01
  5.336544E-02  2.921798E+01
  5.402183E-02  2.919133E+01
  5.468630E-02  2.916485E+01
  5.535894E-02  2.913853E+01
  5.603986E-02  2.911235E+01
  5.672915E-02  2.908629E+01
  5.742692E-02  2.906032E+01
  5.813327E-02  2.903441E+01
  5.884831E-02  2.900856E+01
  5.957214E-02  2.898272E+01
  6.030488E-02  2.895689E+01
  6.104663E-02  2.893102E+01
  6.179750E-02  2.890510E+01
  6.255761E-02  2.887909E+01
  6.332707E-02  2.885299E+01
  6.410600E-02  2.882674E+01
  6.489450E-02  2.880034E+01
  6.569270E-02  2.877375E+01
  6.650072E-02  2.874694E+01
  6.731868E-02  2.871989E+01
  6.814670E-02  2.869256E+01
  6.898490E-02  2.866494E+01
  6.983342E-02  2.863698E+01
  7.069237E-02  2.860866E+01
  7.156189E-02  2.857995E+01
  7.244210E-02  2.855082E+01
  7.333314E-02  2.852124E+01
  7.423513E-02  2.849118E+01
  7.514822E-02  2.846060E+01
  7.607255E-02  2.842948E+01
  7.700824E-02  2.839778E+01
  7.795544E-02  2.836547E+01
  7.891429E-02  2.833252E+01
  7.988494E-02  2.829890E+01
  8.086752E-02  2.826456E+01
  8.186219E-02  2.822948E+01
  8.286910E-02  2.819363E+01
  8.388839E-02  2.815695E+01
  8.492022E-02  2.811944E+01
  8.596474E-02  2.808103E+01
  8.702210E-02  2.804170E+01
  8.809247E-02  2.800142E+01
  8.917601E-02  2.796013E+01
  9.027288E-02  2.791782E+01
  9.138323E-02  2.787442E+01
  9.250725E-02  2.782992E+01
  9.364509E-02  2.778426E+01
  9.479692E-02  2.773740E+01
  9.596292E-02  2.768930E+01
  9.714327E-02  2.763993E+01
  9.833813E-02  2.758923E+01
  9.954769E-02  2.753717E+01
  1.007721E-01  2.748370E+01
  1.020116E-01  2.742877E+01
  1.032664E-01  2.737233E+01
  1.045365E-01  2.731435E+01
  1.058223E-01  2.725477E+01
  1.071240E-01  2.719354E+01
  1.084416E-01  2.713061E+01
  1.097754E-01  2.706594E+01
  1.111256E-01  2.699947E+01
  1.124925E-01  2.693114E+01
  1.138762E-01  2.686092E+01
  1.152768E-01  2.678873E+01
  1.166947E-01  2.671453E+01
  1.181301E-01  2.663827E+01
  1.195831E-01  2.655987E+01
  1.210539E-01  2.647929E+01
  1.225429E-01  2.639647E+01
  1.240502E-01  2.631134E+01
  1.255760E-01  2.622385E+01
  1.271206E-01  2.613393E+01
  1.286842E-01  2.604152E+01
  1.302670E-01  2.594655E+01
  1.318693E-01  2.584897E+01
  1.334913E-01  2.574871E+01
  1.351332E-01  2.564569E+01
  1.367953E-01  2.553985E+01
  1.384779E-01  2.543113E+01
  1.401812E-01  2.531945E+01
  1.419054E-01  2.520474E+01
  1.436509E-01  2.508693E+01
  1.454178E-01  2.496595E+01
  1.472064E-01  2.484172E+01
  1.490171E-01  2.471418E+01
  1.508500E-01  2.458324E+01
  1.527054E-01  2.444883E+01
  1.545837E-01  2.431088E+01
  1.564851E-01  2.416930E+01
  1.584098E-01  2.402403E+01
  1.603583E-01  2.387498E+01
  1.623307E-01  2.372207E+01
  1.643274E-01  2.356523E+01
  1.663486E-01  2.340437E+01
  1.683947E-01  2.323942E+01
  1.704659E-01  2.307030E+01
  1.725627E-01  2.289692E+01
  1.746852E-01  2.271920E+01
  1.768338E-01  2.253707E+01
  1.790089E-01  2.235043E+01
  1.812107E-01  2.215923E+01
  1.834396E-01  2.196336E+01
  1.856959E-01  2.176275E+01
  1.879799E-01  2.155733E+01
  1.902921E-01  2.134700E+01
  1.926327E-01  2.113170E+01
  1.950021E-01  2.091135E+01
  1.974006E-01  2.068585E+01
  1.998286E-01  2.045515E+01
  2.022865E-01  2.021916E+01
  2.047746E-01  1.997781E+01
  2.072934E-01  1.973103E+01
  2.098431E-01  1.947874E+01
  2.124241E-01  1.922086E+01
  2.150370E-01  1.895734E+01
  2.176819E-01  1.868811E+01
  2.203594E-01  1.841310E+01
  2.230698E-01  1.813224E+01
  2.258136E-01  1.784547E+01
  2.285911E-01  1.755274E+01
  2.314028E-01  1.725399E+01
  2.342490E-01  1.694917E+01
  2.371303E-01  1.663822E+01
  2.400470E-01  1.632110E+01
  2.429995E-01  1.599777E+01
  2.459884E-01  1.566817E+01
  2.490141E-01  1.533229E+01
  2.520770E-01  1.499008E+01
  2.551775E-01  1.464153E+01
  2.583162E-01  1.428659E+01
  2.614935E-01  1.392526E+01
  2.647099E-01  1.355753E+01
  2.679658E-01  1.318339E+01
  2.712618E-01  1.280283E+01
  2.745983E-01  1.241586E+01
  2.779759E-01  1.202250E+01
  2.813950E-01  1.162277E+01
  2.848561E-01  1.121669E+01
  2.883598E-01  1.080430E+01
  2.919067E-01  1.038565E+01
  2.954971E-01  9.960786E+00
  2.991317E-01  9.529783E+00
  3.028111E-01  9.092714E+00
  3.065356E-01  8.649669E+00
  3.103060E-01  8.200749E+00
  3.141228E-01  7.746069E+00
  3.179865E-01  7.285758E+00
  3.218977E-01  6.819960E+00
  3.258571E-01  6.348835E+00
  3.298651E-01  5.872560E+00
  3.339225E-01  5.391330E+00
  3.380297E-01  4.905358E+00
  3.421875E-01  4.414877E+00
  3.463964E-01  3.920140E+00
  3.506570E-01  3.421420E+00
  3.549701E-01  2.919014E+00
  3.593363E-01  2.413239E+00
  3.637561E-01  1.904435E+00
  3.682303E-01  1.392968E+00
  3.727595E-01  8.792222E-01
  3.773445E-01  3.636098E-01
  3.819858E-01 -1.534355E-01
  3.866842E-01 -6.714565E-01
  3.914404E-01 -1.189973E+00
  3.962552E-01 -1.708482E+00
  4.011291E-01 -2.226460E+00
  4.060630E-01 -2.743359E+00
  4.110576E-01 -3.258614E+00
  4.161136E-01 -3.771637E+00
  4.212318E-01 -4.281824E+00
  4.264129E-01 -4.788551E+00
  4.316578E-01 -5.291177E+00
  4.369672E-01 -5.789045E+00
  4.423419E-01 -6.281481E+00
  4.477827E-01 -6.767797E+00
  4.532904E-01 -7.247290E+00
  4.588659E-01 -7.719243E+00
  4.645099E-01 -8.182925E+00
  4.702234E-01 -8.637591E+00
  4.760072E-01 -9.082483E+00
  4.818621E-01 -9.516828E+00
  4.877890E-01 -9.939842E+00
  4.937888E-01 -1.035072E+01
  4.998624E-01 -1.074866E+01
  5.060107E-01 -1.113283E+01
  5.122346E-01 -1.150239E+01
  5.185351E-01 -1.185650E+01
  5.249131E-01 -1.219430E+01
  5.313695E-01 -1.251494E+01
  5.379053E-01 -1.281757E+01
  5.445216E-01 -1.310139E+01
  5.512192E-01 -1.336561E+01
  5.579992E-01 -1.360953E+01
  5.648626E-01 -1.383256E+01
  5.718104E-01 -1.403423E+01
  5.788437E-01 -1.421426E+01
  5.859634E-01 -1.437255E+01
  5.931708E-01 -1.450926E+01
  6.004668E-01 -1.462471E+01
  6.078525E-01 -1.471941E+01
  6.153291E-01 -1.479391E+01
  6.228977E-01 -1.484874E+01
  6.305593E-01 -1.488429E+01
  6.383152E-01 -1.490066E+01
  6.461665E-01 -1.489767E+01
  6.541143E-01 -1.487481E+01
  6.621599E-01 -1.483133E+01
  6.703045E-01 -1.476631E+01
  6.785492E-01 -1.467883E+01
  6.868954E-01 -1.456804E+01
  6.953442E-01 -1.443331E+01
  7.038969E-01 -1.427421E+01
  7.125549E-01 -1.409058E+01
  7.213193E-01 -1.388253E+01
  7.301915E-01 -1.365039E+01
  7.391729E-01 -1.339466E+01
  7.482647E-01 -1.311604E+01
  7.574683E-01 -1.281535E+01
  7.667852E-01 -1.249351E+01
  7.762167E-01 -1.215157E+01
  7.857641E-01 -1.179065E+01
  7.954290E-01 -1.141196E+01
  8.052128E-01 -1.101679E+01
  8.151169E-01 -1.060651E+01
  8.251429E-01 -1.018258E+01
  8.352921E-01 -9.746506E+00
  8.455662E-01 -9.299906E+00
  8.559667E-01 -8.844454E+00
  8.664951E-01 -8.381900E+00
  8.771530E-01 -7.914060E+00
  8.879419E-01 -7.442813E+00
  8.988636E-01 -6.970094E+00
  9.099196E-01 -6.497885E+00
  9.211117E-01 -6.028207E+00
  9.324413E-01 -5.563107E+00
  9.439104E-01 -5.104646E+00
  9.555205E-01 -4.654890E+00
  9.672734E-01 -4.215888E+00
  9.791708E-01 -3.789663E+00
  9.912146E-01 -3.378193E+00
  1.003407E+00 -2.983394E+00
  1.015748E+00 -2.607105E+00
  1.028242E+00 -2.251068E+00
  1.040890E+00 -1.916914E+00
  1.053692E+00 -1.606143E+00
  1.066653E+00 -1.320111E+00
  1.079773E+00 -1.060010E+00
  1.093054E+00 -8.268554E-01
  1.106499E+00 -6.214702E-01
  1.120108E+00 -4.444703E-01
  1.133886E+00 -2.962526E-01
  1.147833E+00 -1.769841E-01
  1.161951E+00 -8.659312E-02
  1.176243E+00 -2.476372E-02
  1.190711E+00  9.067045E-03
  1.205356E+00  1.570779E-02
  1.220182E+00 -3.791926E-03
  1.235191E+00 -4.814921E-02
  1.250383E+00 -1.158569E-01
  1.265763E+00 -2.051917E-01
  1.281332E+00 -3.142194E-01
  1.297092E+00 -4.407939E-01
  1.313047E+00 -5.825511E-01
  1.329197E+00 -7.368976E-01
  1.345546E+00 -9.010011E-01
  1.362096E+00 -1.071789E+00
  1.378850E+00 -1.245960E+00
  1.395810E+00 -1.420027E+00
  1.412979E+00 -1.590369E+00
  1.430358E+00 -1.753317E+00
  1.447952E+00 -1.905242E+00
  1.465761E+00 -2.042653E+00
  1.483790E+00 -2.162290E+00
  1.502041E+00 -2.261210E+00
  1.520516E+00 -2.336867E+00
  1.539218E+00 -2.387190E+00
  1.558151E+00 -2.410657E+00
  1.577316E+00 -2.406365E+00
  1.596717E+00 -2.374095E+00
  1.616357E+00 -2.314359E+00
  1.636238E+00 -2.228438E+00
  1.656363E+00 -2.118386E+00
  1.676737E+00 -1.987016E+00
  1.697361E+00 -1.837851E+00
  1.718238E+00 -1.675054E+00
  1.739372E+00 -1.503329E+00
  1.760767E+00 -1.327799E+00
  1.782424E+00 -1.153859E+00
  1.804348E+00 -9.870064E-01
  1.826541E+00 -8.326491E-01
  1.849008E+00 -6.958803E-01
  1.871751E+00 -5.812335E-01
  1.894773E+00 -4.924082E-01
  1.918079E+00 -4.319731E-01
  1.941671E+00 -4.010561E-01
  1.965554E+00 -3.990405E-01
  1.989730E+00 -4.233093E-01
  2.014204E+00 -4.690974E-01
  2.038979E+00 -5.295349E-01
  2.064058E+00 -5.959780E-01
  2.089446E+00 -6.587308E-01
  2.115146E+00 -7.082782E-01
  2.141162E+00 -7.371680E-01
  2.167499E+00 -7.427214E-01
  2.194159E+00 -7.308001E-01
  2.221147E+00 -7.153952E-01
  2.248467E+00 -7.003411E-01
  2.276123E+00 -6.856255E-01
  2.304120E+00 -6.712366E-01
  2.332460E+00 -6.571633E-01
  2.361150E+00 -6.433950E-01
  2.390192E+00 -6.299213E-01
  2.419591E+00 -6.167324E-01
  2.449352E+00 -6.038189E-01
  2.479479E+00 -5.911715E-01
  2.509977E+00 -5.787817E-01
  2.540849E+00 -5.666412E-01
  2.572102E+00 -5.547421E-01
  2.603739E+00 -5.430766E-01
  2.635765E+00 -5.316378E-01
  2.668185E+00 -5.204189E-01
  2.701003E+00 -5.094140E-01
  2.734226E+00 -4.986169E-01
  2.767857E+00 -4.880227E-01
  2.801901E+00 -4.776267E-01
  2.836365E+00 -4.674245E-01
  2.871252E+00 -4.574128E-01
  2.906568E+00 -4.475884E-01
  2.942319E+00 -4.379489E-01
  2.978510E+00 -4.284925E-01
  3.015145E+00 -4.192180E-01
  3.052232E+00 -4.101246E-01
  3.089774E+00 -4.012122E-01
  3.127778E+00 -3.924810E-01
  3.166250E+00 -3.839317E-01
  3.205195E+00 -3.755652E-01
  3.244619E+00 -3.673829E-01
  3.284528E+00 -3.593864E-01
  3.324927E+00 -3.515772E-01
  3.365824E+00 -3.439568E-01
  3.407224E+00 -3.365268E-01
  3.449132E+00 -3.292885E-01
  3.491557E+00 -3.222428E-01
  3.534503E+00 -3.153904E-01
  3.577977E+00 -3.087316E-01
  3.621986E+00 -3.022659E-01
  3.666537E+00 -2.959924E-01
  3.711635E+00 -2.899096E-01
  3.757288E+00 -2.840151E-01
  3.803503E+00 -2.783061E-01
  3.850286E+00 -2.727789E-01
  3.897645E+00 -2.674291E-01
  3.945586E+00 -2.622519E-01
  3.994116E+00 -2.572413E-01
  4.043244E+00 -2.523910E-01
  4.092976E+00 -2.476943E-01
  4.143319E+00 -2.431436E-01
  4.194282E+00 -2.387311E-01
  4.245872E+00 -2.344485E-01
  4.298096E+00 -2.302875E-01
  4.350963E+00 -2.262391E-01
  4.404480E+00 -2.222945E-01
  4.458655E+00 -2.184449E-01
  4.513496E+00 -2.146818E-01
  4.569012E+00 -2.109961E-01
  4.625211E+00 -2.073799E-01
  4.682101E+00 -2.038252E-01
  4.739691E+00 -2.003244E-01
  4.797989E+00 -1.968706E-01
  4.857004E+00 -1.934574E-01
  4.916745E+00 -1.900792E-01
  4.977221E+00 -1.867308E-01
  5.038441E+00 -1.834079E-01
  5.100414E+00 -1.801072E-01
  5.163149E+00 -1.768256E-01
  5.226656E+00 -1.735611E-01
  5.290944E+00 -1.703123E-01
  5.356022E+00 -1.670788E-01
  5.421901E+00 -1.638601E-01
  5.488591E+00 -1.606571E-01
  5.556101E+00 -1.574707E-01
  5.624441E+00 -1.543023E-01
  5.693621E+00 -1.511540E-01
  5.763653E+00 -1.480277E-01
  5.834546E+00 -1.449260E-01
  5.906311E+00 -1.418516E-01
  5.978958E+00 -1.388071E-01
  6.052499E+00 -1.357953E-01
  6.126945E+00 -1.328189E-01
  6.202307E+00 -1.298807E-01
  6.278595E+00 -1.269835E-01
  6.355822E+00 -1.241295E-01
  6.433998E+00 -1.213211E-01
  6.513136E+00 -1.185607E-01
  6.593248E+00 -1.158500E-01
  6.674345E+00 -1.131909E-01
  6.756439E+00 -1.105850E-01
  6.839544E+00 -1.080335E-01
  6.923670E+00 -1.055377E-01
  7.008831E+00 -1.030984E-01
  7.095040E+00 -1.007162E-01
  7.182309E+00 -9.839157E-02
  7.270651E+00 -9.612497E-02
  7.360080E+00 -9.391642E-02
  7.450609E+00 -9.176585E-02
  7.542252E+00 -8.967309E-02
  7.635021E+00 -8.763774E-02
  7.728932E+00 -8.565923E-02
  7.823998E+00 -8.373692E-02
  7.920233E+00 -8.187020E-02
  8.017652E+00 -8.005811E-02
  8.116269E+00 -7.829985E-02
  8.216099E+00 -7.659431E-02
  8.317157E+00 -7.494044E-02
  8.419458E+00 -7.333720E-02
  8.523018E+00 -7.178336E-02
  8.627851E+00 -7.027769E-02
  8.733973E+00 -6.881899E-02
  8.841401E+00 -6.740598E-02
  8.950150E+00 -6.603742E-02
  9.060237E+00 -6.471192E-02
  9.171678E+00 -6.342834E-02
  9.284490E+00 -6.218528E-02
  9.398689E+00 -6.098141E-02
  9.514293E+00 -5.981557E-02
  9.631319E+00 -5.868635E-02
  9.749784E+00 -5.759253E-02
  9.869706E+00 -5.653287E-02
  9.991104E+00 -5.550617E-02
  1.011399E+01 -5.451116E-02
  1.023840E+01 -5.354672E-02
  1.036433E+01 -5.261173E-02
  1.049181E+01 -5.170496E-02
  1.062086E+01 -5.082536E-02
  1.075150E+01 -4.997197E-02
  1.088374E+01 -4.914354E-02
  1.101761E+01 -4.833918E-02
  1.115313E+01 -4.755783E-02
  1.129031E+01 -4.679870E-02
  1.142918E+01 -4.606071E-02
  1.156976E+01 -4.534306E-02
  1.171207E+01 -4.464496E-02
  1.185613E+01 -4.396541E-02
  1.200196E+01 -4.330372E-02
  1.214958E+01 -4.265907E-02
  1.229902E+01 -4.203086E-02
  1.245030E+01 -4.141828E-02
  1.260344E+01 -4.082062E-02
  1.275846E+01 -4.023745E-02
  1.291539E+01 -3.966785E-02
  1.307425E+01 -3.911151E-02
  1.323506E+01 -3.856768E-02
  1.339785E+01 -3.803584E-02
  1.356264E+01 -3.751565E-02
  1.372947E+01 -3.700646E-02
  1.389834E+01 -3.650782E-02
  1.406929E+01 -3.601937E-02
  1.424234E+01 -3.554065E-02
  1.441752E+01 -3.507129E-02
  1.459486E+01 -3.461092E-02
  1.477437E+01 -3.415914E-02
  1.495610E+01 -3.371555E-02
  1.514006E+01 -3.328007E-02
  1.532628E+01 -3.285216E-02
  1.551479E+01 -3.243162E-02
  1.570563E+01 -3.201830E-02
  1.589880E+01 -3.161176E-02
  1.609436E+01 -3.121184E-02
  1.629232E+01 -3.081838E-02
  1.649272E+01 -3.043109E-02
  1.669558E+01 -3.004979E-02
  1.690093E+01 -2.967427E-02
  1.710881E+01 -2.930440E-02
  1.731925E+01 -2.894007E-02
  1.753228E+01 -2.858091E-02
  1.774793E+01 -2.822698E-02
  1.796622E+01 -2.787809E-02
  1.818721E+01 -2.753409E-02
  1.841091E+01 -2.719484E-02
  1.863737E+01 -2.686024E-02
  1.886661E+01 -2.653018E-02
  1.909867E+01 -2.620455E-02
  1.933358E+01 -2.586174E-02
  1.957138E+01 -2.554750E-02
  1.981211E+01 -2.523709E-02
  2.005580E+01 -2.493045E-02
  2.030249E+01 -2.462753E-02
  2.055221E+01 -2.432829E-02
  2.080500E+01 -2.403269E-02
  2.106090E+01 -2.374068E-02
  2.131995E+01 -2.345222E-02
  2.158218E+01 -2.316725E-02
  2.184764E+01 -2.288576E-02
  2.211637E+01 -2.260768E-02
  2.238840E+01 -2.233300E-02
  2.266378E+01 -2.206163E-02
  2.294254E+01 -2.179357E-02
  2.322474E+01 -2.152877E-02
  2.351040E+01 -2.126718E-02
  2.379958E+01 -2.100878E-02
  2.409231E+01 -2.075350E-02
  2.438865E+01 -2.050134E-02
  2.468863E+01 -2.025224E-02
  2.499230E+01 -2.000616E-02
  2.529971E+01 -1.976307E-02
  2.561089E+01 -1.952294E-02
  2.592591E+01 -1.928573E-02
  2.624479E+01 -1.905139E-02
  2.656761E+01 -1.881992E-02
  2.689439E+01 -1.859124E-02
  2.722519E+01 -1.836535E-02
  2.756006E+01 -1.814220E-02
  2.789905E+01 -1.792176E-02
  2.824220E+01 -1.770400E-02
  2.858958E+01 -1.748889E-02
  2.894124E+01 -1.727639E-02
  2.929721E+01 -1.706647E-02
  2.965757E+01 -1.685910E-02
  3.002236E+01 -1.665426E-02
  3.039163E+01 -1.645190E-02
  3.076545E+01 -1.625199E-02
  3.114386E+01 -1.605453E-02
  3.152693E+01 -1.585945E-02
  3.191471E+01 -1.566675E-02
  3.230727E+01 -1.547639E-02
  3.270465E+01 -1.528834E-02
  3.310691E+01 -1.510259E-02
  3.351413E+01 -1.491908E-02
  3.392635E+01 -1.473781E-02
  3.434365E+01 -1.455873E-02
  3.476607E+01 -1.438183E-02
  3.519369E+01 -1.420709E-02
  3.562658E+01 -1.403446E-02
  3.606478E+01 -1.386394E-02
  3.650838E+01 -1.369549E-02
  3.695743E+01 -1.352907E-02
  3.741201E+01 -1.336469E-02
  3.787218E+01 -1.320231E-02
  3.833801E+01 -1.304189E-02
  3.880956E+01 -1.288342E-02
  3.928692E+01 -1.272689E-02
  3.977015E+01 -1.257225E-02
  4.025932E+01 -1.241948E-02
  4.075451E+01 -1.226858E-02
  4.125579E+01 -1.211951E-02
  4.176324E+01 -1.197225E-02
  4.227693E+01 -1.182678E-02
  4.279693E+01 -1.168308E-02
  4.332334E+01 -1.154112E-02
  4.385621E+01 -1.140090E-02
  4.439564E+01 -1.126236E-02
  4.494171E+01 -1.112552E-02
  4.549449E+01 -1.099034E-02
  4.605408E+01 -1.085681E-02
  4.662054E+01 -1.072489E-02
  4.719397E+01 -1.059457E-02
  4.777446E+01 -1.046584E-02
  4.836209E+01 -1.033868E-02
  4.895694E+01 -1.021306E-02
  4.955911E+01 -1.008896E-02
  5.016869E+01 -9.966374E-03
  5.078576E+01 -9.845277E-03
  5.141043E+01 -9.725651E-03
  5.204277E+01 -9.607482E-03
  5.268290E+01 -9.490748E-03
  5.333090E+01 -9.375429E-03
  5.398687E+01 -9.261510E-03
  5.465091E+01 -9.148975E-03
  5.532311E+01 -9.037814E-03
  5.600359E+01 -8.927997E-03
  5.669243E+01 -8.819520E-03
  5.738975E+01 -8.712360E-03
  5.809564E+01 -8.606497E-03
  5.881022E+01 -8.501925E-03
  5.953359E+01 -8.398622E-03
  6.026585E+01 -8.296576E-03
  6.100712E+01 -8.195763E-03
  6.175751E+01 -8.096179E-03
  6.251712E+01 -7.997806E-03
  6.328608E+01 -7.900627E-03
  6.406450E+01 -7.804632E-03
  6.485250E+01 -7.709803E-03
  6.565018E+01 -7.616124E-03
  6.645768E+01 -7.523588E-03
  6.727511E+01 -7.432167E-03
  6.810259E+01 -7.341869E-03
  6.894026E+01 -7.252658E-03
  6.978822E+01 -7.164529E-03
  7.064662E+01 -7.077484E-03
  7.151557E+01 -6.991488E-03
  7.239521E+01 -6.906531E-03
  7.328567E+01 -6.822618E-03
  7.418709E+01 -6.739716E-03
  7.509959E+01 -6.657830E-03
  7.602331E+01 -6.576929E-03
  7.695840E+01 -6.497014E-03
  7.790499E+01 -6.418075E-03
  7.886322E+01 -6.340095E-03
  7.983324E+01 -6.263060E-03
