  2.232143E-04  9.827648E-08  2.296631E-05
  2.259598E-04  1.007089E-07  2.343324E-05
  2.287391E-04  1.032016E-07  2.390963E-05
  2.315526E-04  1.057560E-07  2.439568E-05
  2.344007E-04  1.083736E-07  2.489214E-05
  2.372838E-04  1.110560E-07  2.540036E-05
  2.402024E-04  1.138048E-07  2.592031E-05
  2.431569E-04  1.166216E-07  2.645228E-05
  2.461478E-04  1.195081E-07  2.699653E-05
  2.491754E-04  1.224661E-07  2.755333E-05
  2.522402E-04  1.254973E-07  2.812294E-05
  2.553428E-04  1.286035E-07  2.870564E-05
  2.584835E-04  1.317866E-07  2.930171E-05
  2.616628E-04  1.350485E-07  2.991143E-05
  2.648813E-04  1.383911E-07  3.053511E-05
  2.681393E-04  1.418165E-07  3.117304E-05
  2.714375E-04  1.453266E-07  3.182553E-05
  2.747761E-04  1.489236E-07  3.249290E-05
  2.781559E-04  1.526097E-07  3.317546E-05
  2.815772E-04  1.563870E-07  3.387356E-05
  2.850406E-04  1.602578E-07  3.458753E-05
  2.885466E-04  1.642244E-07  3.531771E-05
  2.920957E-04  1.682891E-07  3.606445E-05
  2.956885E-04  1.724545E-07  3.682814E-05
  2.993255E-04  1.767230E-07  3.760912E-05
  3.030072E-04  1.810971E-07  3.840779E-05
  3.067342E-04  1.855795E-07  3.922452E-05
  3.105070E-04  1.901728E-07  4.005973E-05
  3.143262E-04  1.948798E-07  4.091381E-05
  3.181924E-04  1.997034E-07  4.178718E-05
  3.221062E-04  2.046463E-07  4.268027E-05
  3.260681E-04  2.097116E-07  4.359351E-05
  3.300787E-04  2.149022E-07  4.452736E-05
  3.341387E-04  2.202213E-07  4.548225E-05
  3.382486E-04  2.256721E-07  4.645867E-05
  3.424091E-04  2.312577E-07  4.745709E-05
  3.466207E-04  2.369817E-07  4.847800E-05
  3.508841E-04  2.428473E-07  4.952190E-05
  3.552000E-04  2.488581E-07  5.058930E-05
  3.595690E-04  2.550176E-07  5.168072E-05
  3.639917E-04  2.613297E-07  5.279671E-05
  3.684688E-04  2.677979E-07  5.393780E-05
  3.730009E-04  2.744263E-07  5.510456E-05
  3.775889E-04  2.812187E-07  5.629757E-05
  3.822332E-04  2.881792E-07  5.751740E-05
  3.869347E-04  2.953120E-07  5.876467E-05
  3.916940E-04  3.026214E-07  6.003999E-05
  3.965118E-04  3.101116E-07  6.134398E-05
  4.013889E-04  3.177873E-07  6.267729E-05
  4.063260E-04  3.256530E-07  6.404058E-05
  4.113238E-04  3.337133E-07  6.543452E-05
  4.163831E-04  3.419732E-07  6.685981E-05
  4.215046E-04  3.504374E-07  6.831714E-05
  4.266891E-04  3.591112E-07  6.980724E-05
  4.319374E-04  3.679997E-07  7.133085E-05
  4.372502E-04  3.771082E-07  7.288872E-05
  4.426284E-04  3.864421E-07  7.448163E-05
  4.480727E-04  3.960071E-07  7.611037E-05
  4.535840E-04  4.058088E-07  7.777575E-05
  4.591631E-04  4.158531E-07  7.947859E-05
  4.648108E-04  4.261460E-07  8.121975E-05
  4.705280E-04  4.366937E-07  8.300010E-05
  4.763155E-04  4.475024E-07  8.482051E-05
  4.821741E-04  4.585787E-07  8.668190E-05
  4.881049E-04  4.699291E-07  8.858519E-05
  4.941086E-04  4.815605E-07  9.053135E-05
  5.001861E-04  4.934798E-07  9.252134E-05
  5.063384E-04  5.056940E-07  9.455615E-05
  5.125664E-04  5.182106E-07  9.663681E-05
  5.188709E-04  5.310370E-07  9.876436E-05
  5.252530E-04  5.441809E-07  1.009399E-04
  5.317136E-04  5.576501E-07  1.031644E-04
  5.382537E-04  5.714527E-07  1.054391E-04
  5.448742E-04  5.855969E-07  1.077651E-04
  5.515762E-04  6.000912E-07  1.101436E-04
  5.583606E-04  6.149443E-07  1.125758E-04
  5.652284E-04  6.301650E-07  1.150629E-04
  5.721807E-04  6.457624E-07  1.176061E-04
  5.792185E-04  6.617459E-07  1.202068E-04
  5.863429E-04  6.781250E-07  1.228661E-04
  5.935550E-04  6.949095E-07  1.255856E-04
  6.008557E-04  7.121095E-07  1.283666E-04
  6.082462E-04  7.297352E-07  1.312104E-04
  6.157276E-04  7.477971E-07  1.341185E-04
  6.233011E-04  7.663061E-07  1.370924E-04
  6.309677E-04  7.852732E-07  1.401336E-04
  6.387286E-04  8.047098E-07  1.432436E-04
  6.465850E-04  8.246274E-07  1.464240E-04
  6.545379E-04  8.450381E-07  1.496765E-04
  6.625888E-04  8.659539E-07  1.530026E-04
  6.707386E-04  8.873875E-07  1.564041E-04
  6.789887E-04  9.093515E-07  1.598826E-04
  6.873402E-04  9.318592E-07  1.634400E-04
  6.957945E-04  9.549240E-07  1.670782E-04
  7.043528E-04  9.785597E-07  1.707988E-04
  7.130163E-04  1.002780E-06  1.746038E-04
  7.217864E-04  1.027601E-06  1.784953E-04
  7.306644E-04  1.053035E-06  1.824751E-04
  7.396516E-04  1.079099E-06  1.865452E-04
  7.487493E-04  1.105808E-06  1.907079E-04
  7.579589E-04  1.133179E-06  1.949651E-04
  7.672818E-04  1.161226E-06  1.993191E-04
  7.767194E-04  1.189968E-06  2.037722E-04
  7.862730E-04  1.219422E-06  2.083265E-04
  7.959442E-04  1.249604E-06  2.129845E-04
  8.057343E-04  1.280534E-06  2.177484E-04
  8.156448E-04  1.312229E-06  2.226209E-04
  8.256773E-04  1.344708E-06  2.276043E-04
  8.358331E-04  1.377992E-06  2.327012E-04
  8.461138E-04  1.412099E-06  2.379143E-04
  8.565210E-04  1.447050E-06  2.432462E-04
  8.670563E-04  1.482867E-06  2.486997E-04
  8.777210E-04  1.519570E-06  2.542776E-04
  8.885170E-04  1.557181E-06  2.599827E-04
  8.994458E-04  1.595724E-06  2.658181E-04
  9.105090E-04  1.635220E-06  2.717866E-04
  9.217082E-04  1.675694E-06  2.778915E-04
  9.330452E-04  1.717170E-06  2.841358E-04
  9.445217E-04  1.759673E-06  2.905228E-04
  9.561393E-04  1.803227E-06  2.970558E-04
  9.678998E-04  1.847859E-06  3.037382E-04
  9.798050E-04  1.893597E-06  3.105734E-04
  9.918566E-04  1.940466E-06  3.175649E-04
  1.004056E-03  1.988495E-06  3.247165E-04
  1.016406E-03  2.037713E-06  3.320317E-04
  1.028908E-03  2.088150E-06  3.395145E-04
  1.041564E-03  2.139835E-06  3.471686E-04
  1.054375E-03  2.192799E-06  3.549980E-04
  1.067344E-03  2.247074E-06  3.630069E-04
  1.080472E-03  2.302692E-06  3.711994E-04
  1.093762E-03  2.359687E-06  3.795796E-04
  1.107215E-03  2.418093E-06  3.881521E-04
  1.120834E-03  2.477944E-06  3.969213E-04
  1.134620E-03  2.539277E-06  4.058916E-04
  1.148576E-03  2.602128E-06  4.150679E-04
  1.162703E-03  2.666535E-06  4.244548E-04
  1.177005E-03  2.732536E-06  4.340573E-04
  1.191482E-03  2.800170E-06  4.438804E-04
  1.206137E-03  2.869478E-06  4.539292E-04
  1.220973E-03  2.940503E-06  4.642089E-04
  1.235991E-03  3.013284E-06  4.747249E-04
  1.251193E-03  3.087868E-06  4.854827E-04
  1.266583E-03  3.164297E-06  4.964880E-04
  1.282162E-03  3.242619E-06  5.077464E-04
  1.297932E-03  3.322879E-06  5.192638E-04
  1.313897E-03  3.405125E-06  5.310463E-04
  1.330058E-03  3.489407E-06  5.431001E-04
  1.346418E-03  3.575776E-06  5.554314E-04
  1.362979E-03  3.664282E-06  5.680467E-04
  1.379743E-03  3.754979E-06  5.809526E-04
  1.396714E-03  3.847921E-06  5.941559E-04
  1.413894E-03  3.943163E-06  6.076634E-04
  1.431285E-03  4.040763E-06  6.214823E-04
  1.448889E-03  4.140778E-06  6.356197E-04
  1.466711E-03  4.243269E-06  6.500832E-04
  1.484751E-03  4.348297E-06  6.648802E-04
  1.503014E-03  4.455925E-06  6.800186E-04
  1.521501E-03  4.566216E-06  6.955063E-04
  1.540215E-03  4.679238E-06  7.113513E-04
  1.559160E-03  4.795057E-06  7.275621E-04
  1.578338E-03  4.913743E-06  7.441471E-04
  1.597751E-03  5.035367E-06  7.611150E-04
  1.617403E-03  5.160001E-06  7.784748E-04
  1.637297E-03  5.287720E-06  7.962355E-04
  1.657436E-03  5.418600E-06  8.144064E-04
  1.677823E-03  5.552720E-06  8.329972E-04
  1.698460E-03  5.690159E-06  8.520175E-04
  1.719351E-03  5.831001E-06  8.714774E-04
  1.740499E-03  5.975329E-06  8.913871E-04
  1.761907E-03  6.123229E-06  9.117570E-04
  1.783579E-03  6.274790E-06  9.325979E-04
  1.805517E-03  6.430103E-06  9.539206E-04
  1.827724E-03  6.589260E-06  9.757364E-04
  1.850205E-03  6.752356E-06  9.980567E-04
  1.872963E-03  6.919489E-06  1.020893E-03
  1.896000E-03  7.090760E-06  1.044258E-03
  1.919321E-03  7.266270E-06  1.068164E-03
  1.942929E-03  7.446124E-06  1.092622E-03
  1.966827E-03  7.630430E-06  1.117647E-03
  1.991019E-03  7.819298E-06  1.143250E-03
  2.015508E-03  8.012841E-06  1.169446E-03
  2.040299E-03  8.211175E-06  1.196249E-03
  2.065395E-03  8.414418E-06  1.223671E-03
  2.090799E-03  8.622692E-06  1.251729E-03
  2.116516E-03  8.836121E-06  1.280436E-03
  2.142549E-03  9.054833E-06  1.309807E-03
  2.168903E-03  9.278959E-06  1.339859E-03
  2.195580E-03  9.508633E-06  1.370606E-03
  2.222586E-03  9.743991E-06  1.402065E-03
  2.249923E-03  9.985176E-06  1.434252E-03
  2.277598E-03  1.023233E-05  1.467185E-03
  2.305612E-03  1.048560E-05  1.500880E-03
  2.333971E-03  1.074514E-05  1.535356E-03
  2.362679E-03  1.101111E-05  1.570629E-03
  2.391740E-03  1.128366E-05  1.606720E-03
  2.421158E-03  1.156296E-05  1.643646E-03
  2.450938E-03  1.184917E-05  1.681427E-03
  2.481085E-03  1.214246E-05  1.720082E-03
  2.511602E-03  1.244302E-05  1.759633E-03
  2.542495E-03  1.275101E-05  1.800099E-03
  2.573768E-03  1.306663E-05  1.841502E-03
  2.605425E-03  1.339006E-05  1.883864E-03
  2.637472E-03  1.372150E-05  1.927206E-03
  2.669913E-03  1.406114E-05  1.971551E-03
  2.702753E-03  1.440919E-05  2.016923E-03
  2.735997E-03  1.476585E-05  2.063345E-03
  2.769649E-03  1.513134E-05  2.110841E-03
  2.803716E-03  1.550588E-05  2.159436E-03
  2.838202E-03  1.588969E-05  2.209156E-03
  2.873112E-03  1.628301E-05  2.260025E-03
  2.908451E-03  1.668605E-05  2.312072E-03
  2.944225E-03  1.709908E-05  2.365322E-03
  2.980439E-03  1.752233E-05  2.419804E-03
  3.017098E-03  1.795606E-05  2.475545E-03
  3.054208E-03  1.840052E-05  2.532576E-03
  3.091775E-03  1.885599E-05  2.590924E-03
  3.129804E-03  1.932273E-05  2.650622E-03
  3.168301E-03  1.980102E-05  2.711699E-03
  3.207271E-03  2.029116E-05  2.774187E-03
  3.246720E-03  2.079343E-05  2.838119E-03
  3.286655E-03  2.130813E-05  2.903527E-03
  3.327081E-03  2.183557E-05  2.970446E-03
  3.368004E-03  2.237607E-05  3.038910E-03
  3.409430E-03  2.292995E-05  3.108955E-03
  3.451366E-03  2.349754E-05  3.180616E-03
  3.493818E-03  2.407919E-05  3.253930E-03
  3.536792E-03  2.467523E-05  3.328936E-03
  3.580294E-03  2.528603E-05  3.405672E-03
  3.624332E-03  2.591194E-05  3.484176E-03
  3.668911E-03  2.655336E-05  3.564491E-03
  3.714039E-03  2.721065E-05  3.646656E-03
  3.759722E-03  2.788421E-05  3.730714E-03
  3.805966E-03  2.857445E-05  3.816709E-03
  3.852780E-03  2.928178E-05  3.904683E-03
  3.900169E-03  3.000661E-05  3.994682E-03
  3.948141E-03  3.074939E-05  4.086753E-03
  3.996703E-03  3.151056E-05  4.180941E-03
  4.045863E-03  3.229058E-05  4.277296E-03
  4.095627E-03  3.308990E-05  4.375865E-03
  4.146003E-03  3.390902E-05  4.476700E-03
  4.196999E-03  3.474841E-05  4.579851E-03
  4.248622E-03  3.560858E-05  4.685370E-03
  4.300880E-03  3.649005E-05  4.793312E-03
  4.353781E-03  3.739335E-05  4.903731E-03
  4.407332E-03  3.831900E-05  5.016683E-03
  4.461542E-03  3.926758E-05  5.132224E-03
  4.516419E-03  4.023963E-05  5.250414E-03
  4.571971E-03  4.123576E-05  5.371311E-03
  4.628206E-03  4.225655E-05  5.494976E-03
  4.685133E-03  4.330261E-05  5.621472E-03
  4.742761E-03  4.437457E-05  5.750862E-03
  4.801096E-03  4.547307E-05  5.883211E-03
  4.860150E-03  4.659877E-05  6.018585E-03
  4.919930E-03  4.775234E-05  6.157052E-03
  4.980445E-03  4.893447E-05  6.298680E-03
  5.041704E-03  5.014587E-05  6.443541E-03
  5.103717E-03  5.138727E-05  6.591706E-03
  5.166493E-03  5.265940E-05  6.743249E-03
  5.230041E-03  5.396304E-05  6.898245E-03
  5.294370E-03  5.529895E-05  7.056771E-03
  5.359491E-03  5.666794E-05  7.218905E-03
  5.425413E-03  5.807083E-05  7.384727E-03
  5.492146E-03  5.950845E-05  7.554319E-03
  5.559699E-03  6.098168E-05  7.727765E-03
  5.628083E-03  6.249138E-05  7.905148E-03
  5.697309E-03  6.403847E-05  8.086557E-03
  5.767386E-03  6.562387E-05  8.272079E-03
  5.838324E-03  6.724852E-05  8.461806E-03
  5.910136E-03  6.891341E-05  8.655830E-03
  5.982830E-03  7.061953E-05  8.854246E-03
  6.056419E-03  7.236789E-05  9.057148E-03
  6.130913E-03  7.415956E-05  9.264637E-03
  6.206323E-03  7.599559E-05  9.476812E-03
  6.282661E-03  7.787709E-05  9.693775E-03
  6.359938E-03  7.980519E-05  9.915631E-03
  6.438165E-03  8.178104E-05  1.014249E-02
  6.517355E-03  8.380582E-05  1.037445E-02
  6.597518E-03  8.588074E-05  1.061163E-02
  6.678668E-03  8.800706E-05  1.085415E-02
  6.760815E-03  9.018604E-05  1.110211E-02
  6.843973E-03  9.241898E-05  1.135564E-02
  6.928154E-03  9.470723E-05  1.161485E-02
  7.013370E-03  9.705216E-05  1.187987E-02
  7.099635E-03  9.945516E-05  1.215082E-02
  7.186960E-03  1.019177E-04  1.242784E-02
  7.275360E-03  1.044412E-04  1.271104E-02
  7.364847E-03  1.070272E-04  1.300057E-02
  7.455435E-03  1.096773E-04  1.329655E-02
  7.547136E-03  1.123931E-04  1.359913E-02
  7.639966E-03  1.151761E-04  1.390845E-02
  7.733938E-03  1.180280E-04  1.422464E-02
  7.829065E-03  1.209506E-04  1.454787E-02
  7.925363E-03  1.239456E-04  1.487826E-02
  8.022845E-03  1.270148E-04  1.521598E-02
  8.121526E-03  1.301600E-04  1.556118E-02
  8.221420E-03  1.333832E-04  1.591402E-02
  8.322544E-03  1.366862E-04  1.627465E-02
  8.424911E-03  1.400710E-04  1.664325E-02
  8.528538E-03  1.435397E-04  1.701997E-02
  8.633439E-03  1.470944E-04  1.740499E-02
  8.739630E-03  1.507371E-04  1.779849E-02
  8.847127E-03  1.544701E-04  1.820063E-02
  8.955947E-03  1.582956E-04  1.861159E-02
  9.066105E-03  1.622159E-04  1.903156E-02
  9.177618E-03  1.662333E-04  1.946073E-02
  9.290503E-03  1.703503E-04  1.989928E-02
  9.404776E-03  1.745693E-04  2.034741E-02
  9.520455E-03  1.788929E-04  2.080531E-02
  9.637556E-03  1.833236E-04  2.127319E-02
  9.756098E-03  1.878642E-04  2.175124E-02
  9.876098E-03  1.925173E-04  2.223967E-02
  9.997574E-03  1.972857E-04  2.273870E-02
  1.012054E-02  2.021723E-04  2.324854E-02
  1.024503E-02  2.071800E-04  2.376940E-02
  1.037104E-02  2.123119E-04  2.430151E-02
  1.049860E-02  2.175710E-04  2.484510E-02
  1.062774E-02  2.229605E-04  2.540039E-02
  1.075846E-02  2.284836E-04  2.596762E-02
  1.089079E-02  2.341436E-04  2.654702E-02
  1.102474E-02  2.399440E-04  2.713884E-02
  1.116035E-02  2.458882E-04  2.774332E-02
  1.129762E-02  2.519798E-04  2.836072E-02
  1.143658E-02  2.582224E-04  2.899128E-02
  1.157725E-02  2.646199E-04  2.963526E-02
  1.171965E-02  2.711760E-04  3.029293E-02
  1.186380E-02  2.778947E-04  3.096455E-02
  1.200973E-02  2.847801E-04  3.165040E-02
  1.215745E-02  2.918362E-04  3.235074E-02
  1.230699E-02  2.990674E-04  3.306586E-02
  1.245836E-02  3.064779E-04  3.379604E-02
  1.261160E-02  3.140723E-04  3.454157E-02
  1.276672E-02  3.218551E-04  3.530275E-02
  1.292375E-02  3.298310E-04  3.607986E-02
  1.308271E-02  3.380048E-04  3.687320E-02
  1.324363E-02  3.463814E-04  3.768310E-02
  1.340653E-02  3.549659E-04  3.850985E-02
  1.357143E-02  3.637635E-04  3.935377E-02
  1.373836E-02  3.727793E-04  4.021518E-02
  1.390734E-02  3.820190E-04  4.109440E-02
  1.407840E-02  3.914880E-04  4.199176E-02
  1.425156E-02  4.011921E-04  4.290760E-02
  1.442686E-02  4.111370E-04  4.384226E-02
  1.460431E-02  4.213289E-04  4.479606E-02
  1.478394E-02  4.317739E-04  4.576937E-02
  1.496578E-02  4.424782E-04  4.676253E-02
  1.514986E-02  4.534483E-04  4.777590E-02
  1.533621E-02  4.646909E-04  4.880984E-02
  1.552484E-02  4.762127E-04  4.986471E-02
  1.571580E-02  4.880208E-04  5.094088E-02
  1.590910E-02  5.001221E-04  5.203873E-02
  1.610478E-02  5.125242E-04  5.315864E-02
  1.630287E-02  5.252343E-04  5.430098E-02
  1.650340E-02  5.382603E-04  5.546615E-02
  1.670639E-02  5.516100E-04  5.665454E-02
  1.691188E-02  5.652915E-04  5.786654E-02
  1.711989E-02  5.793131E-04  5.910255E-02
  1.733047E-02  5.936833E-04  6.036298E-02
  1.754363E-02  6.084107E-04  6.164824E-02
  1.775942E-02  6.235043E-04  6.295873E-02
  1.797786E-02  6.389732E-04  6.429488E-02
  1.819899E-02  6.548269E-04  6.565711E-02
  1.842284E-02  6.710749E-04  6.704584E-02
  1.864944E-02  6.877270E-04  6.846149E-02
  1.887883E-02  7.047935E-04  6.990451E-02
  1.911103E-02  7.222846E-04  7.137532E-02
  1.934610E-02  7.402109E-04  7.287437E-02
  1.958406E-02  7.585835E-04  7.440209E-02
  1.982494E-02  7.774133E-04  7.595893E-02
  2.006879E-02  7.967119E-04  7.754535E-02
  2.031563E-02  8.164911E-04  7.916179E-02
  2.056552E-02  8.367628E-04  8.080871E-02
  2.081847E-02  8.575393E-04  8.248656E-02
  2.107454E-02  8.788334E-04  8.419580E-02
  2.133376E-02  9.006580E-04  8.593690E-02
  2.159616E-02  9.230264E-04  8.771031E-02
  2.186179E-02  9.459523E-04  8.951651E-02
  2.213069E-02  9.694496E-04  9.135597E-02
  2.240290E-02  9.935326E-04  9.322914E-02
  2.267846E-02  1.018216E-03  9.513650E-02
  2.295740E-02  1.043515E-03  9.707852E-02
  2.323978E-02  1.069445E-03  9.905568E-02
  2.352563E-02  1.096022E-03  1.010684E-01
  2.381499E-02  1.123263E-03  1.031173E-01
  2.410792E-02  1.151183E-03  1.052027E-01
  2.440445E-02  1.179799E-03  1.073251E-01
  2.470462E-02  1.209131E-03  1.094850E-01
  2.500849E-02  1.239194E-03  1.116828E-01
  2.531609E-02  1.270009E-03  1.139191E-01
  2.562748E-02  1.301594E-03  1.161943E-01
  2.594270E-02  1.333967E-03  1.185089E-01
  2.626179E-02  1.367150E-03  1.208633E-01
  2.658481E-02  1.401162E-03  1.232579E-01
  2.691181E-02  1.436025E-03  1.256934E-01
  2.724282E-02  1.471760E-03  1.281700E-01
  2.757791E-02  1.508388E-03  1.306882E-01
  2.791712E-02  1.545933E-03  1.332486E-01
  2.826050E-02  1.584418E-03  1.358514E-01
  2.860810E-02  1.623866E-03  1.384972E-01
  2.895998E-02  1.664302E-03  1.411864E-01
  2.931619E-02  1.705751E-03  1.439195E-01
  2.967678E-02  1.748239E-03  1.466967E-01
  3.004180E-02  1.791791E-03  1.495185E-01
  3.041131E-02  1.836436E-03  1.523854E-01
  3.078537E-02  1.882199E-03  1.552977E-01
  3.116403E-02  1.929111E-03  1.582558E-01
  3.154735E-02  1.977200E-03  1.612600E-01
  3.193538E-02  2.026496E-03  1.643107E-01
  3.232819E-02  2.077030E-03  1.674083E-01
  3.272583E-02  2.128833E-03  1.705531E-01
  3.312835E-02  2.181938E-03  1.737454E-01
  3.353583E-02  2.236377E-03  1.769855E-01
  3.394832E-02  2.292185E-03  1.802737E-01
  3.436589E-02  2.349397E-03  1.836103E-01
  3.478859E-02  2.408049E-03  1.869955E-01
  3.521649E-02  2.468177E-03  1.904296E-01
  3.564965E-02  2.529819E-03  1.939128E-01
  3.608814E-02  2.593014E-03  1.974454E-01
  3.653203E-02  2.657801E-03  2.010274E-01
  3.698137E-02  2.724222E-03  2.046591E-01
  3.743624E-02  2.792319E-03  2.083406E-01
  3.789671E-02  2.862133E-03  2.120721E-01
  3.836284E-02  2.933711E-03  2.158536E-01
  3.883470E-02  3.007096E-03  2.196851E-01
  3.931237E-02  3.082335E-03  2.235669E-01
  3.979591E-02  3.159477E-03  2.274988E-01
  4.028540E-02  3.238570E-03  2.314808E-01
  4.078091E-02  3.319664E-03  2.355130E-01
  4.128251E-02  3.402812E-03  2.395953E-01
  4.179029E-02  3.488066E-03  2.437275E-01
  4.230431E-02  3.575480E-03  2.479096E-01
  4.282465E-02  3.665112E-03  2.521413E-01
  4.335139E-02  3.757018E-03  2.564225E-01
  4.388462E-02  3.851258E-03  2.607529E-01
  4.442440E-02  3.947892E-03  2.651324E-01
  4.497082E-02  4.046982E-03  2.695605E-01
  4.552396E-02  4.148592E-03  2.740369E-01
  4.608390E-02  4.252789E-03  2.785612E-01
  4.665073E-02  4.359640E-03  2.831330E-01
  4.722454E-02  4.469213E-03  2.877518E-01
  4.780540E-02  4.581581E-03  2.924171E-01
  4.839341E-02  4.696817E-03  2.971283E-01
  4.898865E-02  4.814995E-03  3.018849E-01
  4.959121E-02  4.936194E-03  3.066861E-01
  5.020118E-02  5.060493E-03  3.115311E-01
  5.081865E-02  5.187972E-03  3.164194E-01
  5.144372E-02  5.318718E-03  3.213500E-01
  5.207648E-02  5.452815E-03  3.263220E-01
  5.271702E-02  5.590352E-03  3.313345E-01
  5.336544E-02  5.731422E-03  3.363866E-01
  5.402183E-02  5.876116E-03  3.414771E-01
  5.468630E-02  6.024532E-03  3.466050E-01
  5.535894E-02  6.176770E-03  3.517691E-01
  5.603986E-02  6.332930E-03  3.569681E-01
  5.672915E-02  6.493118E-03  3.622007E-01
  5.742692E-02  6.657441E-03  3.674656E-01
  5.813327E-02  6.826010E-03  3.727613E-01
  5.884831E-02  6.998940E-03  3.780863E-01
  5.957214E-02  7.176348E-03  3.834390E-01
  6.030488E-02  7.358354E-03  3.888178E-01
  6.104663E-02  7.545083E-03  3.942209E-01
  6.179750E-02  7.736662E-03  3.996465E-01
  6.255761E-02  7.933223E-03  4.050928E-01
  6.332707E-02  8.134901E-03  4.105577E-01
  6.410600E-02  8.341835E-03  4.160392E-01
  6.489450E-02  8.554170E-03  4.215353E-01
  6.569270E-02  8.772051E-03  4.270437E-01
  6.650072E-02  8.995632E-03  4.325620E-01
  6.731868E-02  9.225069E-03  4.380880E-01
  6.814670E-02  9.460522E-03  4.436192E-01
  6.898490E-02  9.702158E-03  4.491530E-01
  6.983342E-02  9.950147E-03  4.546867E-01
  7.069237E-02  1.020467E-02  4.602177E-01
  7.156189E-02  1.046589E-02  4.657432E-01
  7.244210E-02  1.073402E-02  4.712601E-01
  7.333314E-02  1.100924E-02  4.767656E-01
  7.423513E-02  1.129174E-02  4.822565E-01
  7.514822E-02  1.158173E-02  4.877297E-01
  7.607255E-02  1.187943E-02  4.931818E-01
  7.700824E-02  1.218505E-02  4.986094E-01
  7.795544E-02  1.249881E-02  5.040092E-01
  7.891429E-02  1.282094E-02  5.093774E-01
  7.988494E-02  1.315168E-02  5.147105E-01
  8.086752E-02  1.349128E-02  5.200047E-01
  8.186219E-02  1.383999E-02  5.252560E-01
  8.286910E-02  1.419807E-02  5.304606E-01
  8.388839E-02  1.456579E-02  5.356144E-01
  8.492022E-02  1.494342E-02  5.407131E-01
  8.596474E-02  1.533126E-02  5.457526E-01
  8.702210E-02  1.572959E-02  5.507284E-01
  8.809247E-02  1.613873E-02  5.556361E-01
  8.917601E-02  1.655898E-02  5.604711E-01
  9.027288E-02  1.699067E-02  5.652288E-01
  9.138323E-02  1.743415E-02  5.699044E-01
  9.250725E-02  1.788974E-02  5.744930E-01
  9.364509E-02  1.835782E-02  5.789897E-01
  9.479692E-02  1.883874E-02  5.833895E-01
  9.596292E-02  1.933290E-02  5.876871E-01
  9.714327E-02  1.984068E-02  5.918773E-01
  9.833813E-02  2.036250E-02  5.959548E-01
  9.954769E-02  2.089877E-02  5.999142E-01
  1.007721E-01  2.144992E-02  6.037500E-01
  1.020116E-01  2.201641E-02  6.074565E-01
  1.032664E-01  2.259870E-02  6.110282E-01
  1.045365E-01  2.319727E-02  6.144591E-01
  1.058223E-01  2.381262E-02  6.177435E-01
  1.071240E-01  2.444526E-02  6.208755E-01
  1.084416E-01  2.509572E-02  6.238491E-01
  1.097754E-01  2.576454E-02  6.266582E-01
  1.111256E-01  2.645230E-02  6.292967E-01
  1.124925E-01  2.715959E-02  6.317584E-01
  1.138762E-01  2.788701E-02  6.340372E-01
  1.152768E-01  2.863519E-02  6.361268E-01
  1.166947E-01  2.940478E-02  6.380207E-01
  1.181301E-01  3.019645E-02  6.397127E-01
  1.195831E-01  3.101091E-02  6.411964E-01
  1.210539E-01  3.184887E-02  6.424653E-01
  1.225429E-01  3.271108E-02  6.435130E-01
  1.240502E-01  3.359832E-02  6.443330E-01
  1.255760E-01  3.451139E-02  6.449189E-01
  1.271206E-01  3.545111E-02  6.452642E-01
  1.286842E-01  3.641835E-02  6.453624E-01
  1.302670E-01  3.741401E-02  6.452070E-01
  1.318693E-01  3.843899E-02  6.447915E-01
  1.334913E-01  3.949426E-02  6.441097E-01
  1.351332E-01  4.058082E-02  6.431550E-01
  1.367953E-01  4.169968E-02  6.419212E-01
  1.384779E-01  4.285192E-02  6.404018E-01
  1.401812E-01  4.403864E-02  6.385907E-01
  1.419054E-01  4.526098E-02  6.364817E-01
  1.436509E-01  4.652014E-02  6.340686E-01
  1.454178E-01  4.781733E-02  6.313455E-01
  1.472064E-01  4.915385E-02  6.283064E-01
  1.490171E-01  5.053100E-02  6.249454E-01
  1.508500E-01  5.195018E-02  6.212569E-01
  1.527054E-01  5.341279E-02  6.172351E-01
  1.545837E-01  5.492032E-02  6.128748E-01
  1.564851E-01  5.647430E-02  6.081703E-01
  1.584098E-01  5.807633E-02  6.031167E-01
  1.603583E-01  5.972804E-02  5.977089E-01
  1.623307E-01  6.143115E-02  5.919420E-01
  1.643274E-01  6.318743E-02  5.858113E-01
  1.663486E-01  6.499874E-02  5.793123E-01
  1.683947E-01  6.686697E-02  5.724408E-01
  1.704659E-01  6.879412E-02  5.651926E-01
  1.725627E-01  7.078224E-02  5.575639E-01
  1.746852E-01  7.283346E-02  5.495511E-01
  1.768338E-01  7.495001E-02  5.411508E-01
  1.790089E-01  7.713417E-02  5.323599E-01
  1.812107E-01  7.938834E-02  5.231755E-01
  1.834396E-01  8.171500E-02  5.135951E-01
  1.856959E-01  8.411669E-02  5.036164E-01
  1.879799E-01  8.659610E-02  4.932373E-01
  1.902921E-01  8.915598E-02  4.824563E-01
  1.926327E-01  9.179920E-02  4.712719E-01
  1.950021E-01  9.452873E-02  4.596831E-01
  1.974006E-01  9.734765E-02  4.476893E-01
  1.998286E-01  1.002592E-01  4.352901E-01
  2.022865E-01  1.032666E-01  4.224855E-01
  2.047746E-01  1.063733E-01  4.092761E-01
  2.072934E-01  1.095830E-01  3.956625E-01
  2.098431E-01  1.128992E-01  3.816459E-01
  2.124241E-01  1.163258E-01  3.672279E-01
  2.150370E-01  1.198669E-01  3.524106E-01
  2.176819E-01  1.235263E-01  3.371963E-01
  2.203594E-01  1.273085E-01  3.215879E-01
  2.230698E-01  1.312178E-01  3.055887E-01
  2.258136E-01  1.352588E-01  2.892023E-01
  2.285911E-01  1.394361E-01  2.724329E-01
  2.314028E-01  1.437547E-01  2.552853E-01
  2.342490E-01  1.482195E-01  2.377643E-01
  2.371303E-01  1.528357E-01  2.198757E-01
  2.400470E-01  1.576087E-01  2.016254E-01
  2.429995E-01  1.625441E-01  1.830199E-01
  2.459884E-01  1.676476E-01  1.640662E-01
  2.490141E-01  1.729250E-01  1.447718E-01
  2.520770E-01  1.783824E-01  1.251446E-01
  2.551775E-01  1.840261E-01  1.051929E-01
  2.583162E-01  1.898625E-01  8.492587E-02
  2.614935E-01  1.958982E-01  6.435273E-02
  2.647099E-01  2.021401E-01  4.348339E-02
  2.679658E-01  2.085950E-01  2.232824E-02
  2.712618E-01  2.152703E-01  8.981093E-04
  2.745983E-01  2.221732E-01 -2.079568E-02
  2.779759E-01  2.293112E-01 -4.274134E-02
  2.813950E-01  2.366921E-01 -6.492660E-02
  2.848561E-01  2.443236E-01 -8.733876E-02
  2.883598E-01  2.522138E-01 -1.099646E-01
  2.919067E-01  2.603709E-01 -1.327906E-01
  2.954971E-01  2.688031E-01 -1.558027E-01
  2.991317E-01  2.775189E-01 -1.789864E-01
  3.028111E-01  2.865268E-01 -2.023267E-01
  3.065356E-01  2.958354E-01 -2.258085E-01
  3.103060E-01  3.054534E-01 -2.494161E-01
  3.141228E-01  3.153896E-01 -2.731334E-01
  3.179865E-01  3.256528E-01 -2.969440E-01
  3.218977E-01  3.362518E-01 -3.208313E-01
  3.258571E-01  3.471953E-01 -3.447782E-01
  3.298651E-01  3.584922E-01 -3.687673E-01
  3.339225E-01  3.701510E-01 -3.927811E-01
  3.380297E-01  3.821802E-01 -4.168016E-01
  3.421875E-01  3.945882E-01 -4.408108E-01
  3.463964E-01  4.073831E-01 -4.647904E-01
  3.506570E-01  4.205728E-01 -4.887219E-01
  3.549701E-01  4.341647E-01 -5.125865E-01
  3.593363E-01  4.481660E-01 -5.363655E-01
  3.637561E-01  4.625834E-01 -5.600400E-01
  3.682303E-01  4.774230E-01 -5.835907E-01
  3.727595E-01  4.926904E-01 -6.069987E-01
  3.773445E-01  5.083905E-01 -6.302445E-01
  3.819858E-01  5.245273E-01 -6.533088E-01
  3.866842E-01  5.411042E-01 -6.761723E-01
  3.914404E-01  5.581234E-01 -6.988153E-01
  3.962552E-01  5.755863E-01 -7.212184E-01
  4.011291E-01  5.934929E-01 -7.433620E-01
  4.060630E-01  6.118421E-01 -7.652266E-01
  4.110576E-01  6.306314E-01 -7.867924E-01
  4.161136E-01  6.498568E-01 -8.080400E-01
  4.212318E-01  6.695125E-01 -8.289500E-01
  4.264129E-01  6.895913E-01 -8.495029E-01
  4.316578E-01  7.100839E-01 -8.696796E-01
  4.369672E-01  7.309791E-01 -8.894611E-01
  4.423419E-01  7.522634E-01 -9.088287E-01
  4.477827E-01  7.739213E-01 -9.277640E-01
  4.532904E-01  7.959347E-01 -9.462490E-01
  4.588659E-01  8.182831E-01 -9.642661E-01
  4.645099E-01  8.409434E-01 -9.817980E-01
  4.702234E-01  8.638896E-01 -9.988282E-01
  4.760072E-01  8.870931E-01 -1.015340E+00
  4.818621E-01  9.105221E-01 -1.031319E+00
  4.877890E-01  9.341419E-01 -1.046749E+00
  4.937888E-01  9.579148E-01 -1.061616E+00
  4.998624E-01  9.817996E-01 -1.075906E+00
  5.060107E-01  1.005752E+00 -1.089607E+00
  5.122346E-01  1.029726E+00 -1.102704E+00
  5.185351E-01  1.053669E+00 -1.115188E+00
  5.249131E-01  1.077528E+00 -1.127046E+00
  5.313695E-01  1.101247E+00 -1.138268E+00
  5.379053E-01  1.124766E+00 -1.148846E+00
  5.445216E-01  1.148023E+00 -1.158769E+00
  5.512192E-01  1.170951E+00 -1.168031E+00
  5.579992E-01  1.193484E+00 -1.176623E+00
  5.648626E-01  1.215552E+00 -1.184540E+00
  5.718104E-01  1.237083E+00 -1.191777E+00
  5.788437E-01  1.258004E+00 -1.198327E+00
  5.859634E-01  1.278240E+00 -1.204189E+00
  5.931708E-01  1.297715E+00 -1.209359E+00
  6.004668E-01  1.316353E+00 -1.213835E+00
  6.078525E-01  1.334077E+00 -1.217616E+00
  6.153291E-01  1.350809E+00 -1.220702E+00
  6.228977E-01  1.366473E+00 -1.223093E+00
  6.305593E-01  1.380993E+00 -1.224792E+00
  6.383152E-01  1.394292E+00 -1.225800E+00
  6.461665E-01  1.406298E+00 -1.226122E+00
  6.541143E-01  1.416938E+00 -1.225761E+00
  6.621599E-01  1.426144E+00 -1.224723E+00
  6.703045E-01  1.433849E+00 -1.223013E+00
  6.785492E-01  1.439994E+00 -1.220638E+00
  6.868954E-01  1.444521E+00 -1.217606E+00
  6.953442E-01  1.447380E+00 -1.213925E+00
  7.038969E-01  1.448528E+00 -1.209605E+00
  7.125549E-01  1.447929E+00 -1.204656E+00
  7.213193E-01  1.445554E+00 -1.199087E+00
  7.301915E-01  1.441383E+00 -1.192911E+00
  7.391729E-01  1.435406E+00 -1.186140E+00
  7.482647E-01  1.427621E+00 -1.178786E+00
  7.574683E-01  1.418036E+00 -1.170862E+00
  7.667852E-01  1.406668E+00 -1.162383E+00
  7.762167E-01  1.393546E+00 -1.153363E+00
  7.857641E-01  1.378706E+00 -1.143817E+00
  7.954290E-01  1.362196E+00 -1.133761E+00
  8.052128E-01  1.344072E+00 -1.123210E+00
  8.151169E-01  1.324400E+00 -1.112182E+00
  8.251429E-01  1.303254E+00 -1.100692E+00
  8.352921E-01  1.280717E+00 -1.088759E+00
  8.455662E-01  1.256878E+00 -1.076400E+00
  8.559667E-01  1.231835E+00 -1.063632E+00
  8.664951E-01  1.205691E+00 -1.050474E+00
  8.771530E-01  1.178552E+00 -1.036945E+00
  8.879419E-01  1.150532E+00 -1.023063E+00
  8.988636E-01  1.121745E+00 -1.008847E+00
  9.099196E-01  1.092308E+00 -9.943159E-01
  9.211117E-01  1.062341E+00 -9.794887E-01
  9.324413E-01  1.031961E+00 -9.643845E-01
  9.439104E-01  1.001286E+00 -9.490228E-01
  9.555205E-01  9.704325E-01 -9.334226E-01
  9.672734E-01  9.395123E-01 -9.176032E-01
  9.791708E-01  9.086346E-01 -9.015838E-01
  9.912146E-01  8.779036E-01 -8.853836E-01
  1.003407E+00  8.474181E-01 -8.690214E-01
  1.015748E+00  8.172709E-01 -8.525162E-01
  1.028242E+00  7.875481E-01 -8.358868E-01
  1.040890E+00  7.583286E-01 -8.191515E-01
  1.053692E+00  7.296838E-01 -8.023287E-01
  1.066653E+00  7.016775E-01 -7.854366E-01
  1.079773E+00  6.743652E-01 -7.684929E-01
  1.093054E+00  6.477947E-01 -7.515151E-01
  1.106499E+00  6.220055E-01 -7.345204E-01
  1.120108E+00  5.970294E-01 -7.175257E-01
  1.133886E+00  5.728904E-01 -7.005476E-01
  1.147833E+00  5.496048E-01 -6.836022E-01
  1.161951E+00  5.271822E-01 -6.667051E-01
  1.176243E+00  5.056248E-01 -6.498719E-01
  1.190711E+00  4.849291E-01 -6.331173E-01
  1.205356E+00  4.650852E-01 -6.164558E-01
  1.220182E+00  4.460781E-01 -5.999015E-01
  1.235191E+00  4.278876E-01 -5.834679E-01
  1.250383E+00  4.104894E-01 -5.671680E-01
  1.265763E+00  3.938551E-01 -5.510144E-01
  1.281332E+00  3.779532E-01 -5.350191E-01
  1.297092E+00  3.627492E-01 -5.191936E-01
  1.313047E+00  3.482063E-01 -5.035490E-01
  1.329197E+00  3.342861E-01 -4.880957E-01
  1.345546E+00  3.209488E-01 -4.728436E-01
  1.362096E+00  3.081540E-01 -4.578023E-01
  1.378850E+00  2.958612E-01 -4.429804E-01
  1.395810E+00  2.840303E-01 -4.283864E-01
  1.412979E+00  2.726224E-01 -4.140280E-01
  1.430358E+00  2.616001E-01 -3.999124E-01
  1.447952E+00  2.509284E-01 -3.860464E-01
  1.465761E+00  2.405749E-01 -3.724360E-01
  1.483790E+00  2.305103E-01 -3.590869E-01
  1.502041E+00  2.207093E-01 -3.460041E-01
  1.520516E+00  2.111502E-01 -3.331923E-01
  1.539218E+00  2.018155E-01 -3.206553E-01
  1.558151E+00  1.926920E-01 -3.083968E-01
  1.577316E+00  1.837709E-01 -2.964197E-01
  1.596717E+00  1.750472E-01 -2.847266E-01
  1.616357E+00  1.665201E-01 -2.733193E-01
  1.636238E+00  1.581922E-01 -2.621996E-01
  1.656363E+00  1.500692E-01 -2.513685E-01
  1.676737E+00  1.421593E-01 -2.408265E-01
  1.697361E+00  1.344725E-01 -2.305738E-01
  1.718238E+00  1.270199E-01 -2.206102E-01
  1.739372E+00  1.198133E-01 -2.109349E-01
  1.760767E+00  1.128640E-01 -2.015470E-01
  1.782424E+00  1.061826E-01 -1.924448E-01
  1.804348E+00  9.977790E-02 -1.836267E-01
  1.826541E+00  9.365702E-02 -1.750902E-01
  1.849008E+00  8.782453E-02 -1.668330E-01
  1.871751E+00  8.228229E-02 -1.588521E-01
  1.894773E+00  7.702937E-02 -1.511444E-01
  1.918079E+00  7.206193E-02 -1.437063E-01
  1.941671E+00  6.737340E-02 -1.365342E-01
  1.965554E+00  6.295470E-02 -1.296241E-01
  1.989730E+00  5.879460E-02 -1.229717E-01
  2.014204E+00  5.488024E-02 -1.165726E-01
  2.038979E+00  5.119772E-02 -1.104222E-01
  2.064058E+00  4.773273E-02 -1.045156E-01
  2.089446E+00  4.447121E-02 -9.884778E-02
  2.115146E+00  4.140003E-02 -9.341366E-02
  2.141162E+00  3.850746E-02 -8.820793E-02
  2.167499E+00  3.578346E-02 -8.322520E-02
  2.194159E+00  3.321970E-02 -7.845996E-02
  2.221147E+00  3.080894E-02 -7.390661E-02
  2.248467E+00  2.854432E-02 -6.955950E-02
  2.276123E+00  2.641921E-02 -6.541290E-02
  2.304120E+00  2.442708E-02 -6.146104E-02
  2.332460E+00  2.256159E-02 -5.769813E-02
  2.361150E+00  2.081655E-02 -5.411833E-02
  2.390192E+00  1.918595E-02 -5.071583E-02
  2.419591E+00  1.766396E-02 -4.748480E-02
  2.449352E+00  1.624490E-02 -4.441944E-02
  2.479479E+00  1.492329E-02 -4.151397E-02
  2.509977E+00  1.369384E-02 -3.876264E-02
  2.540849E+00  1.255141E-02 -3.615977E-02
  2.572102E+00  1.149109E-02 -3.369973E-02
  2.603739E+00  1.050811E-02 -3.137693E-02
  2.635765E+00  9.597924E-03 -2.918589E-02
  2.668185E+00  8.756139E-03 -2.712120E-02
  2.701003E+00  7.978560E-03 -2.517752E-02
  2.734226E+00  7.261170E-03 -2.334964E-02
  2.767857E+00  6.600131E-03 -2.163243E-02
  2.801901E+00  5.991779E-03 -2.002087E-02
  2.836365E+00  5.432627E-03 -1.851006E-02
  2.871252E+00  4.919355E-03 -1.709522E-02
  2.906568E+00  4.448811E-03 -1.577167E-02
  2.942319E+00  4.018005E-03 -1.453489E-02
  2.978510E+00  3.624107E-03 -1.338046E-02
  3.015145E+00  3.264439E-03 -1.230411E-02
  3.052232E+00  2.936474E-03 -1.130169E-02
  3.089774E+00  2.637831E-03 -1.036919E-02
  3.127778E+00  2.366267E-03 -9.502749E-03
  3.166250E+00  2.119675E-03 -8.698624E-03
  3.205195E+00  1.896080E-03 -7.953220E-03
  3.244619E+00  1.693629E-03 -7.263079E-03
  3.284528E+00  1.510592E-03 -6.624880E-03
  3.324927E+00  1.345351E-03 -6.035437E-03
  3.365824E+00  1.196399E-03 -5.491702E-03
  3.407224E+00  1.062335E-03 -4.990760E-03
  3.449132E+00  9.418548E-04 -4.529830E-03
  3.491557E+00  8.337499E-04 -4.106260E-03
  3.534503E+00  7.369012E-04 -3.717527E-03
  3.577977E+00  6.502743E-04 -3.361234E-03
  3.621986E+00  5.729145E-04 -3.035106E-03
  3.666537E+00  5.039424E-04 -2.736991E-03
  3.711635E+00  4.425495E-04 -2.464850E-03
  3.757288E+00  3.879934E-04 -2.216761E-03
  3.803503E+00  3.395940E-04 -1.990911E-03
  3.850286E+00  2.967294E-04 -1.785594E-03
  3.897645E+00  2.588317E-04 -1.599206E-03
  3.945586E+00  2.253834E-04 -1.430245E-03
  3.994116E+00  1.959139E-04 -1.277302E-03
  4.043244E+00  1.699959E-04 -1.139059E-03
  4.092976E+00  1.472423E-04 -1.014289E-03
  4.143319E+00  1.273028E-04 -9.018458E-04
  4.194282E+00  1.098616E-04 -8.006642E-04
  4.245872E+00  9.463384E-05 -7.097548E-04
  4.298096E+00  8.136357E-05 -6.282004E-04
  4.350963E+00  6.982109E-05 -5.551522E-04
  4.404480E+00  5.980072E-05 -4.898259E-04
  4.458655E+00  5.111862E-05 -4.314980E-04
  4.513496E+00  4.361083E-05 -3.795027E-04
  4.569012E+00  3.713143E-05 -3.332279E-04
  4.625211E+00  3.155079E-05 -2.921119E-04
  4.682101E+00  2.675403E-05 -2.556406E-04
  4.739691E+00  2.263953E-05 -2.233437E-04
  4.797989E+00  1.911762E-05 -1.947924E-04
  4.857004E+00  1.610931E-05 -1.695957E-04
  4.916745E+00  1.354519E-05 -1.473985E-04
  4.977221E+00  1.136440E-05 -1.278782E-04
  5.038441E+00  9.513704E-06 -1.107429E-04
  5.100414E+00  7.946610E-06 -9.572836E-05
  5.163149E+00  6.622642E-06 -8.259635E-05
  5.226656E+00  5.506623E-06 -7.113221E-05
  5.290944E+00  4.568057E-06 -6.114298E-05
  5.356022E+00  3.780569E-06 -5.245551E-05
  5.421901E+00  3.121399E-06 -4.491479E-05
  5.488591E+00  2.570958E-06 -3.838225E-05
  5.556101E+00  2.112424E-06 -3.273434E-05
  5.624441E+00  1.731388E-06 -2.786107E-05
  5.693621E+00  1.415537E-06 -2.366476E-05
  5.763653E+00  1.154379E-06 -2.005881E-05
  5.834546E+00  9.389920E-07 -1.696664E-05
  5.906311E+00  7.618122E-07 -1.432064E-05
  5.978958E+00  6.164424E-07 -1.206130E-05
  6.052499E+00  4.974868E-07 -1.013628E-05
  6.126945E+00  4.004062E-07 -8.499715E-06
  6.202307E+00  3.213925E-07 -7.111478E-06
  6.278595E+00  2.572598E-07 -5.936535E-06
  6.355822E+00  2.053499E-07 -4.944381E-06
  6.433998E+00  1.634515E-07 -4.108509E-06
  6.513136E+00  1.297298E-07 -3.405947E-06
  6.593248E+00  1.026673E-07 -2.816829E-06
  6.674345E+00  8.101221E-08 -2.324018E-06
  6.756439E+00  6.373522E-08 -1.912769E-06
  6.839544E+00  4.999234E-08 -1.570422E-06
  6.923670E+00  3.909368E-08 -1.286141E-06
  7.008831E+00  3.047704E-08 -1.050670E-06
  7.095040E+00  2.368568E-08 -8.561225E-07
  7.182309E+00  1.834972E-08 -6.957999E-07
  7.270651E+00  1.417057E-08 -5.640249E-07
  7.360080E+00  1.090792E-08 -4.559991E-07
  7.450609E+00  8.369069E-09 -3.676782E-07
  7.542252E+00  6.399933E-09 -2.956623E-07
  7.635021E+00  4.877749E-09 -2.371014E-07
  7.728932E+00  3.705030E-09 -1.896131E-07
  7.823998E+00  2.804623E-09 -1.512113E-07
  7.920233E+00  2.115678E-09 -1.202450E-07
  8.017652E+00  1.590373E-09 -9.534591E-08
  8.116269E+00  1.191254E-09 -7.538319E-08
  8.216099E+00  8.890917E-10 -5.942501E-08
  8.317157E+00  6.611610E-10 -4.670582E-08
  8.419458E+00  4.898543E-10 -3.659858E-08
  8.523018E+00  3.615817E-10 -2.859126E-08
  8.627851E+00  2.658925E-10 -2.226703E-08
  8.733973E+00  1.947807E-10 -1.728762E-08
  8.841401E+00  1.421366E-10 -1.337937E-08
  8.950150E+00  1.033156E-10 -1.032161E-08
  9.060237E+00  7.480058E-11 -7.936947E-09
  9.171678E+00  5.393892E-11 -6.083270E-09
  9.284490E+00  3.873795E-11 -4.647091E-09
  9.398689E+00  2.770682E-11 -3.538085E-09
  9.514293E+00  1.973471E-11 -2.684608E-09
  9.631319E+00  1.399738E-11 -2.030024E-09
  9.749784E+00  9.885813E-12 -1.529717E-09
  9.869706E+00  6.951927E-12 -1.148663E-09
  9.991104E+00  4.867459E-12 -8.594621E-10
  1.011399E+01  3.392974E-12 -6.407596E-10
  1.023840E+01  2.354597E-12 -4.759690E-10
  1.036433E+01  1.626621E-12 -3.522558E-10
  1.049181E+01  1.118578E-12 -2.597252E-10
  1.062086E+01  7.656522E-13 -1.907774E-10
  1.075150E+01  5.216242E-13 -1.395971E-10
  1.088374E+01  3.536875E-13 -1.017518E-10
  1.101761E+01  2.386669E-13 -7.387610E-11
  1.115313E+01  1.602690E-13 -5.342456E-11
  1.129031E+01  1.070942E-13 -3.847974E-11
  1.142918E+01  7.120567E-14 -2.760299E-11
  1.156976E+01  4.710524E-14 -1.971929E-11
  1.171207E+01  3.100292E-14 -1.402865E-11
  1.185613E+01  2.029960E-14 -9.938191E-12
  1.200196E+01  1.322197E-14 -7.010414E-12
  1.214958E+01  8.566442E-15 -4.923818E-12
  1.229902E+01  5.520418E-15 -3.443176E-12
  1.245030E+01  3.538195E-15 -2.397132E-12
  1.260344E+01  2.255282E-15 -1.661410E-12
  1.275846E+01  1.429550E-15 -1.146277E-12
  1.291539E+01  9.010472E-16 -7.872378E-13
  1.307425E+01  5.646961E-16 -5.381478E-13
  1.323506E+01  3.518601E-16 -3.661436E-13
  1.339785E+01  2.179625E-16 -2.479308E-13
  1.356264E+01  1.342192E-16 -1.670756E-13
  1.372947E+01  8.215651E-17 -1.120400E-13
  1.389834E+01  0.000000E+00 -7.476263E-14
  1.406929E+01  0.000000E+00 -4.963873E-14
  1.424234E+01  0.000000E+00 -3.279091E-14
  1.441752E+01  0.000000E+00 -2.155052E-14
  1.459486E+01  0.000000E+00 -1.629035E-13
  1.477437E+01  0.000000E+00 -1.095197E-13
  1.495610E+01  0.000000E+00 -7.326668E-14
  1.514006E+01  0.000000E+00 -4.876936E-14
  1.532628E+01  0.000000E+00 -3.229933E-14
  1.551479E+01  0.000000E+00  0.000000E+00
  1.570563E+01  0.000000E+00  0.000000E+00
  1.589880E+01  0.000000E+00  0.000000E+00
  1.609436E+01  0.000000E+00  0.000000E+00
  1.629232E+01  0.000000E+00  0.000000E+00
  1.649272E+01  0.000000E+00  0.000000E+00
  1.669558E+01  0.000000E+00  0.000000E+00
  1.690093E+01  0.000000E+00  0.000000E+00
  1.710881E+01  0.000000E+00  0.000000E+00
  1.731925E+01  0.000000E+00  0.000000E+00
  1.753228E+01  0.000000E+00  0.000000E+00
  1.774793E+01  0.000000E+00  0.000000E+00
  1.796622E+01  0.000000E+00  0.000000E+00
  1.818721E+01  0.000000E+00  0.000000E+00
  1.841091E+01  0.000000E+00  0.000000E+00
  1.863737E+01  0.000000E+00  0.000000E+00
  1.886661E+01  0.000000E+00  0.000000E+00
  1.909867E+01  0.000000E+00  0.000000E+00
  1.933358E+01  0.000000E+00  0.000000E+00
  1.957138E+01  0.000000E+00  0.000000E+00
  1.981211E+01  0.000000E+00  0.000000E+00
  2.005580E+01  0.000000E+00  0.000000E+00
  2.030249E+01  0.000000E+00  0.000000E+00
  2.055221E+01  0.000000E+00  0.000000E+00
  2.080500E+01  0.000000E+00  0.000000E+00
  2.106090E+01  0.000000E+00  0.000000E+00
  2.131995E+01  0.000000E+00  0.000000E+00
  2.158218E+01  0.000000E+00  0.000000E+00
  2.184764E+01  0.000000E+00  0.000000E+00
  2.211637E+01  0.000000E+00  0.000000E+00
  2.238840E+01  0.000000E+00  0.000000E+00
  2.266378E+01  0.000000E+00  0.000000E+00
  2.294254E+01  0.000000E+00  0.000000E+00
  2.322474E+01  0.000000E+00  0.000000E+00
  2.351040E+01  0.000000E+00  0.000000E+00
  2.379958E+01  0.000000E+00  0.000000E+00
  2.409231E+01  0.000000E+00  0.000000E+00
  2.438865E+01  0.000000E+00  0.000000E+00
  2.468863E+01  0.000000E+00  0.000000E+00
  2.499230E+01  0.000000E+00  0.000000E+00
  2.529971E+01  0.000000E+00  0.000000E+00
  2.561089E+01  0.000000E+00  0.000000E+00
  2.592591E+01  0.000000E+00  0.000000E+00
  2.624479E+01  0.000000E+00  0.000000E+00
  2.656761E+01  0.000000E+00  0.000000E+00
  2.689439E+01  0.000000E+00  0.000000E+00
  2.722519E+01  0.000000E+00  0.000000E+00
  2.756006E+01  0.000000E+00  0.000000E+00
  2.789905E+01  0.000000E+00  0.000000E+00
  2.824220E+01  0.000000E+00  0.000000E+00
  2.858958E+01  0.000000E+00  0.000000E+00
  2.894124E+01  0.000000E+00  0.000000E+00
  2.929721E+01  0.000000E+00  0.000000E+00
  2.965757E+01  0.000000E+00  0.000000E+00
  3.002236E+01  0.000000E+00  0.000000E+00
  3.039163E+01  0.000000E+00  0.000000E+00
  3.076545E+01  0.000000E+00  0.000000E+00
  3.114386E+01  0.000000E+00  0.000000E+00
  3.152693E+01  0.000000E+00  0.000000E+00
  3.191471E+01  0.000000E+00  0.000000E+00
  3.230727E+01  0.000000E+00  0.000000E+00
  3.270465E+01  0.000000E+00  0.000000E+00
  3.310691E+01  0.000000E+00  0.000000E+00
  3.351413E+01  0.000000E+00  0.000000E+00
  3.392635E+01  0.000000E+00  0.000000E+00
  3.434365E+01  0.000000E+00  0.000000E+00
  3.476607E+01  0.000000E+00  0.000000E+00
  3.519369E+01  0.000000E+00  0.000000E+00
  3.562658E+01  0.000000E+00  0.000000E+00
  3.606478E+01  0.000000E+00  0.000000E+00
  3.650838E+01  0.000000E+00  0.000000E+00
  3.695743E+01  0.000000E+00  0.000000E+00
  3.741201E+01  0.000000E+00  0.000000E+00
  3.787218E+01  0.000000E+00  0.000000E+00
  3.833801E+01  0.000000E+00  0.000000E+00
  3.880956E+01  0.000000E+00  0.000000E+00
  3.928692E+01  0.000000E+00  0.000000E+00
  3.977015E+01  0.000000E+00  0.000000E+00
  4.025932E+01  0.000000E+00  0.000000E+00
  4.075451E+01  0.000000E+00  0.000000E+00
  4.125579E+01  0.000000E+00  0.000000E+00
  4.176324E+01  0.000000E+00  0.000000E+00
  4.227693E+01  0.000000E+00  0.000000E+00
  4.279693E+01  0.000000E+00  0.000000E+00
  4.332334E+01  0.000000E+00  0.000000E+00
  4.385621E+01  0.000000E+00  0.000000E+00
  4.439564E+01  0.000000E+00  0.000000E+00
  4.494171E+01  0.000000E+00  0.000000E+00
  4.549449E+01  0.000000E+00  0.000000E+00
  4.605408E+01  0.000000E+00  0.000000E+00
  4.662054E+01  0.000000E+00  0.000000E+00
  4.719397E+01  0.000000E+00  0.000000E+00
  4.777446E+01  0.000000E+00  0.000000E+00
  4.836209E+01  0.000000E+00  0.000000E+00
  4.895694E+01  0.000000E+00  0.000000E+00
  4.955911E+01  0.000000E+00  0.000000E+00
  5.016869E+01  0.000000E+00  0.000000E+00
  5.078576E+01  0.000000E+00  0.000000E+00
  5.141043E+01  0.000000E+00  0.000000E+00
  5.204277E+01  0.000000E+00  0.000000E+00
  5.268290E+01  0.000000E+00  0.000000E+00
  5.333090E+01  0.000000E+00  0.000000E+00
  5.398687E+01  0.000000E+00  0.000000E+00
  5.465091E+01  0.000000E+00  0.000000E+00
  5.532311E+01  0.000000E+00  0.000000E+00
  5.600359E+01  0.000000E+00  0.000000E+00
  5.669243E+01  0.000000E+00  0.000000E+00
  5.738975E+01  0.000000E+00  0.000000E+00
  5.809564E+01  0.000000E+00  0.000000E+00
  5.881022E+01  0.000000E+00  0.000000E+00
  5.953359E+01  0.000000E+00  0.000000E+00
  6.026585E+01  0.000000E+00  0.000000E+00
  6.100712E+01  0.000000E+00  0.000000E+00
  6.175751E+01  0.000000E+00  0.000000E+00
  6.251712E+01  0.000000E+00  0.000000E+00
  6.328608E+01  0.000000E+00  0.000000E+00
  6.406450E+01  0.000000E+00  0.000000E+00
  6.485250E+01  0.000000E+00  0.000000E+00
  6.565018E+01  0.000000E+00  0.000000E+00
  6.645768E+01  0.000000E+00  0.000000E+00
  6.727511E+01  0.000000E+00  0.000000E+00
  6.810259E+01  0.000000E+00  0.000000E+00
  6.894026E+01  0.000000E+00  0.000000E+00
  6.978822E+01  0.000000E+00  0.000000E+00
  7.064662E+01  0.000000E+00  0.000000E+00
  7.151557E+01  0.000000E+00  0.000000E+00
  7.239521E+01  0.000000E+00  0.000000E+00
  7.328567E+01  0.000000E+00  0.000000E+00
  7.418709E+01  0.000000E+00  0.000000E+00
  7.509959E+01  0.000000E+00  0.000000E+00
  7.602331E+01  0.000000E+00  0.000000E+00
  7.695840E+01  0.000000E+00  0.000000E+00
  7.790499E+01  0.000000E+00  0.000000E+00
  7.886322E+01  0.000000E+00  0.000000E+00
  7.983324E+01  0.000000E+00  0.000000E+00
