  2.232143E-04  2.935600E+01
  2.259598E-04  2.935601E+01
  2.287391E-04  2.935603E+01
  2.315526E-04  2.935605E+01
  2.344007E-04  2.935611E+01
  2.372838E-04  2.935616E+01
  2.402024E-04  2.935622E+01
  2.431569E-04  2.935628E+01
  2.461478E-04  2.935635E+01
  2.491754E-04  2.935641E+01
  2.522402E-04  2.935647E+01
  2.553428E-04  2.935654E+01
  2.584835E-04  2.935660E+01
  2.616628E-04  2.935667E+01
  2.648813E-04  2.935674E+01
  2.681393E-04  2.935681E+01
  2.714375E-04  2.935688E+01
  2.747761E-04  2.935696E+01
  2.781559E-04  2.935703E+01
  2.815772E-04  2.935711E+01
  2.850406E-04  2.935719E+01
  2.885466E-04  2.935727E+01
  2.920957E-04  2.935735E+01
  2.956885E-04  2.935743E+01
  2.993255E-04  2.935751E+01
  3.030072E-04  2.935760E+01
  3.067342E-04  2.935769E+01
  3.105070E-04  2.935778E+01
  3.143262E-04  2.935787E+01
  3.181924E-04  2.935796E+01
  3.221062E-04  2.935805E+01
  3.260681E-04  2.935815E+01
  3.300787E-04  2.935825E+01
  3.341387E-04  2.935835E+01
  3.382486E-04  2.935845E+01
  3.424091E-04  2.935856E+01
  3.466207E-04  2.935866E+01
  3.508841E-04  2.935877E+01
  3.552000E-04  2.935889E+01
  3.595690E-04  2.935900E+01
  3.639917E-04  2.935912E+01
  3.684688E-04  2.935924E+01
  3.730009E-04  2.935936E+01
  3.775889E-04  2.935948E+01
  3.822332E-04  2.935961E+01
  3.869347E-04  2.935974E+01
  3.916940E-04  2.935987E+01
  3.965118E-04  2.936001E+01
  4.013889E-04  2.936015E+01
  4.063260E-04  2.936029E+01
  4.113238E-04  2.936043E+01
  4.163831E-04  2.936058E+01
  4.215046E-04  2.936073E+01
  4.266891E-04  2.936089E+01
  4.319374E-04  2.936105E+01
  4.372502E-04  2.936121E+01
  4.426284E-04  2.936138E+01
  4.480727E-04  2.936155E+01
  4.535840E-04  2.936172E+01
  4.591631E-04  2.936190E+01
  4.648108E-04  2.936208E+01
  4.705280E-04  2.936227E+01
  4.763155E-04  2.936246E+01
  4.821741E-04  2.936265E+01
  4.881049E-04  2.936285E+01
  4.941086E-04  2.936306E+01
  5.001861E-04  2.936327E+01
  5.063384E-04  2.936348E+01
  5.125664E-04  2.936370E+01
  5.188709E-04  2.936392E+01
  5.252530E-04  2.936415E+01
  5.317136E-04  2.936439E+01
  5.382537E-04  2.936463E+01
  5.448742E-04  2.936488E+01
  5.515762E-04  2.936513E+01
  5.583606E-04  2.936539E+01
  5.652284E-04  2.936565E+01
  5.721807E-04  2.936592E+01
  5.792185E-04  2.936620E+01
  5.863429E-04  2.936648E+01
  5.935550E-04  2.936677E+01
  6.008557E-04  2.936707E+01
  6.082462E-04  2.936738E+01
  6.157276E-04  2.936769E+01
  6.233011E-04  2.936801E+01
  6.309677E-04  2.936834E+01
  6.387286E-04  2.936867E+01
  6.465850E-04  2.936902E+01
  6.545379E-04  2.936937E+01
  6.625888E-04  2.936973E+01
  6.707386E-04  2.937010E+01
  6.789887E-04  2.937048E+01
  6.873402E-04  2.937086E+01
  6.957945E-04  2.937126E+01
  7.043528E-04  2.937167E+01
  7.130163E-04  2.937208E+01
  7.217864E-04  2.937251E+01
  7.306644E-04  2.937294E+01
  7.396516E-04  2.937339E+01
  7.487493E-04  2.937385E+01
  7.579589E-04  2.937432E+01
  7.672818E-04  2.937480E+01
  7.767194E-04  2.937529E+01
  7.862730E-04  2.937580E+01
  7.959442E-04  2.937631E+01
  8.057343E-04  2.937684E+01
  8.156448E-04  2.937738E+01
  8.256773E-04  2.937794E+01
  8.358331E-04  2.937851E+01
  8.461138E-04  2.937909E+01
  8.565210E-04  2.937969E+01
  8.670563E-04  2.938030E+01
  8.777210E-04  2.938092E+01
  8.885170E-04  2.938156E+01
  8.994458E-04  2.938222E+01
  9.105090E-04  2.938289E+01
  9.217082E-04  2.938358E+01
  9.330452E-04  2.938429E+01
  9.445217E-04  2.938501E+01
  9.561393E-04  2.938575E+01
  9.678998E-04  2.938651E+01
  9.798050E-04  2.938729E+01
  9.918566E-04  2.938809E+01
  1.004056E-03  2.938890E+01
  1.016406E-03  2.938974E+01
  1.028908E-03  2.939060E+01
  1.041564E-03  2.939147E+01
  1.054375E-03  2.939237E+01
  1.067344E-03  2.939329E+01
  1.080472E-03  2.939423E+01
  1.093762E-03  2.939520E+01
  1.107215E-03  2.939619E+01
  1.120834E-03  2.939720E+01
  1.134620E-03  2.939824E+01
  1.148576E-03  2.939930E+01
  1.162703E-03  2.940039E+01
  1.177005E-03  2.940151E+01
  1.191482E-03  2.940265E+01
  1.206137E-03  2.940382E+01
  1.220973E-03  2.940502E+01
  1.235991E-03  2.940625E+01
  1.251193E-03  2.940751E+01
  1.266583E-03  2.940880E+01
  1.282162E-03  2.941012E+01
  1.297932E-03  2.941147E+01
  1.313897E-03  2.941286E+01
  1.330058E-03  2.941428E+01
  1.346418E-03  2.941573E+01
  1.362979E-03  2.941722E+01
  1.379743E-03  2.941874E+01
  1.396714E-03  2.942030E+01
  1.413894E-03  2.942190E+01
  1.431285E-03  2.942354E+01
  1.448889E-03  2.942522E+01
  1.466711E-03  2.942694E+01
  1.484751E-03  2.942870E+01
  1.503014E-03  2.943050E+01
  1.521501E-03  2.943235E+01
  1.540215E-03  2.943424E+01
  1.559160E-03  2.943617E+01
  1.578338E-03  2.943816E+01
  1.597751E-03  2.944019E+01
  1.617403E-03  2.944227E+01
  1.637297E-03  2.944440E+01
  1.657436E-03  2.944658E+01
  1.677823E-03  2.944881E+01
  1.698460E-03  2.945110E+01
  1.719351E-03  2.945344E+01
  1.740499E-03  2.945584E+01
  1.761907E-03  2.945829E+01
  1.783579E-03  2.946081E+01
  1.805517E-03  2.946338E+01
  1.827724E-03  2.946602E+01
  1.850205E-03  2.946872E+01
  1.872963E-03  2.947149E+01
  1.896000E-03  2.947432E+01
  1.919321E-03  2.947721E+01
  1.942929E-03  2.948018E+01
  1.966827E-03  2.948322E+01
  1.991019E-03  2.948633E+01
  2.015508E-03  2.948951E+01
  2.040299E-03  2.949277E+01
  2.065395E-03  2.949611E+01
  2.090799E-03  2.949952E+01
  2.116516E-03  2.950302E+01
  2.142549E-03  2.950660E+01
  2.168903E-03  2.951026E+01
  2.195580E-03  2.951402E+01
  2.222586E-03  2.951785E+01
  2.249923E-03  2.952178E+01
  2.277598E-03  2.952580E+01
  2.305612E-03  2.952992E+01
  2.333971E-03  2.953413E+01
  2.362679E-03  2.953844E+01
  2.391740E-03  2.954286E+01
  2.421158E-03  2.954737E+01
  2.450938E-03  2.955199E+01
  2.481085E-03  2.955672E+01
  2.511602E-03  2.956156E+01
  2.542495E-03  2.956651E+01
  2.573768E-03  2.957157E+01
  2.605425E-03  2.957675E+01
  2.637472E-03  2.958206E+01
  2.669913E-03  2.958748E+01
  2.702753E-03  2.959303E+01
  2.735997E-03  2.959870E+01
  2.769649E-03  2.960451E+01
  2.803716E-03  2.961045E+01
  2.838202E-03  2.961652E+01
  2.873112E-03  2.962274E+01
  2.908451E-03  2.962909E+01
  2.944225E-03  2.963559E+01
  2.980439E-03  2.964223E+01
  3.017098E-03  2.964903E+01
  3.054208E-03  2.965598E+01
  3.091775E-03  2.966308E+01
  3.129804E-03  2.967034E+01
  3.168301E-03  2.967777E+01
  3.207271E-03  2.968536E+01
  3.246720E-03  2.969312E+01
  3.286655E-03  2.970105E+01
  3.327081E-03  2.970916E+01
  3.368004E-03  2.971745E+01
  3.409430E-03  2.972592E+01
  3.451366E-03  2.973457E+01
  3.493818E-03  2.974342E+01
  3.536792E-03  2.975245E+01
  3.580294E-03  2.976168E+01
  3.624332E-03  2.977111E+01
  3.668911E-03  2.978075E+01
  3.714039E-03  2.979059E+01
  3.759722E-03  2.980064E+01
  3.805966E-03  2.981090E+01
  3.852780E-03  2.982139E+01
  3.900169E-03  2.983209E+01
  3.948141E-03  2.984302E+01
  3.996703E-03  2.985418E+01
  4.045863E-03  2.986557E+01
  4.095627E-03  2.987719E+01
  4.146003E-03  2.988906E+01
  4.196999E-03  2.990117E+01
  4.248622E-03  2.991352E+01
  4.300880E-03  2.992613E+01
  4.353781E-03  2.993899E+01
  4.407332E-03  2.995211E+01
  4.461542E-03  2.996550E+01
  4.516419E-03  2.997914E+01
  4.571971E-03  2.999306E+01
  4.628206E-03  3.000725E+01
  4.685133E-03  3.002172E+01
  4.742761E-03  3.003646E+01
  4.801096E-03  3.005149E+01
  4.860150E-03  3.006681E+01
  4.919930E-03  3.008241E+01
  4.980445E-03  3.009831E+01
  5.041704E-03  3.011450E+01
  5.103717E-03  3.013099E+01
  5.166493E-03  3.014779E+01
  5.230041E-03  3.016489E+01
  5.294370E-03  3.018229E+01
  5.359491E-03  3.020001E+01
  5.425413E-03  3.021804E+01
  5.492146E-03  3.023638E+01
  5.559699E-03  3.025504E+01
  5.628083E-03  3.027402E+01
  5.697309E-03  3.029331E+01
  5.767386E-03  3.031293E+01
  5.838324E-03  3.033287E+01
  5.910136E-03  3.035314E+01
  5.982830E-03  3.037373E+01
  6.056419E-03  3.039464E+01
  6.130913E-03  3.041589E+01
  6.206323E-03  3.043745E+01
  6.282661E-03  3.045935E+01
  6.359938E-03  3.048157E+01
  6.438165E-03  3.050411E+01
  6.517355E-03  3.052698E+01
  6.597518E-03  3.055017E+01
  6.678668E-03  3.057367E+01
  6.760815E-03  3.059750E+01
  6.843973E-03  3.062164E+01
  6.928154E-03  3.064610E+01
  7.013370E-03  3.067086E+01
  7.099635E-03  3.069593E+01
  7.186960E-03  3.072130E+01
  7.275360E-03  3.074696E+01
  7.364847E-03  3.077292E+01
  7.455435E-03  3.079916E+01
  7.547136E-03  3.082567E+01
  7.639966E-03  3.085246E+01
  7.733938E-03  3.087952E+01
  7.829065E-03  3.090683E+01
  7.925363E-03  3.093438E+01
  8.022845E-03  3.096218E+01
  8.121526E-03  3.099020E+01
  8.221420E-03  3.101845E+01
  8.322544E-03  3.104690E+01
  8.424911E-03  3.107554E+01
  8.528538E-03  3.110437E+01
  8.633439E-03  3.113337E+01
  8.739630E-03  3.116253E+01
  8.847127E-03  3.119183E+01
  8.955947E-03  3.122125E+01
  9.066105E-03  3.125079E+01
  9.177618E-03  3.128042E+01
  9.290503E-03  3.131013E+01
  9.404776E-03  3.133990E+01
  9.520455E-03  3.136971E+01
  9.637556E-03  3.139954E+01
  9.756098E-03  3.142937E+01
  9.876098E-03  3.145919E+01
  9.997574E-03  3.148896E+01
  1.012054E-02  3.151867E+01
  1.024503E-02  3.154829E+01
  1.037104E-02  3.157780E+01
  1.049860E-02  3.160718E+01
  1.062774E-02  3.163640E+01
  1.075846E-02  3.166543E+01
  1.089079E-02  3.169426E+01
  1.102474E-02  3.172284E+01
  1.116035E-02  3.175116E+01
  1.129762E-02  3.177919E+01
  1.143658E-02  3.180690E+01
  1.157725E-02  3.183426E+01
  1.171965E-02  3.186123E+01
  1.186380E-02  3.188780E+01
  1.200973E-02  3.191393E+01
  1.215745E-02  3.193959E+01
  1.230699E-02  3.196474E+01
  1.245836E-02  3.198937E+01
  1.261160E-02  3.201344E+01
  1.276672E-02  3.203691E+01
  1.292375E-02  3.205976E+01
  1.308271E-02  3.208195E+01
  1.324363E-02  3.210345E+01
  1.340653E-02  3.212424E+01
  1.357143E-02  3.214428E+01
  1.373836E-02  3.216354E+01
  1.390734E-02  3.218199E+01
  1.407840E-02  3.219960E+01
  1.425156E-02  3.221635E+01
  1.442686E-02  3.223219E+01
  1.460431E-02  3.224711E+01
  1.478394E-02  3.226108E+01
  1.496578E-02  3.227407E+01
  1.514986E-02  3.228605E+01
  1.533621E-02  3.229700E+01
  1.552484E-02  3.230690E+01
  1.571580E-02  3.231571E+01
  1.590910E-02  3.232343E+01
  1.610478E-02  3.233003E+01
  1.630287E-02  3.233548E+01
  1.650340E-02  3.233978E+01
  1.670639E-02  3.234290E+01
  1.691188E-02  3.234483E+01
  1.711989E-02  3.234555E+01
  1.733047E-02  3.234506E+01
  1.754363E-02  3.234334E+01
  1.775942E-02  3.234038E+01
  1.797786E-02  3.233618E+01
  1.819899E-02  3.233073E+01
  1.842284E-02  3.232403E+01
  1.864944E-02  3.231607E+01
  1.887883E-02  3.230685E+01
  1.911103E-02  3.229638E+01
  1.934610E-02  3.228466E+01
  1.958406E-02  3.227170E+01
  1.982494E-02  3.225750E+01
  2.006879E-02  3.224207E+01
  2.031563E-02  3.222543E+01
  2.056552E-02  3.220759E+01
  2.081847E-02  3.218856E+01
  2.107454E-02  3.216836E+01
  2.133376E-02  3.214701E+01
  2.159616E-02  3.212453E+01
  2.186179E-02  3.210094E+01
  2.213069E-02  3.207628E+01
  2.240290E-02  3.205055E+01
  2.267846E-02  3.202380E+01
  2.295740E-02  3.199605E+01
  2.323978E-02  3.196733E+01
  2.352563E-02  3.193768E+01
  2.381499E-02  3.190712E+01
  2.410792E-02  3.187569E+01
  2.440445E-02  3.184343E+01
  2.470462E-02  3.181038E+01
  2.500849E-02  3.177657E+01
  2.531609E-02  3.174204E+01
  2.562748E-02  3.170683E+01
  2.594270E-02  3.167099E+01
  2.626179E-02  3.163454E+01
  2.658481E-02  3.159753E+01
  2.691181E-02  3.156001E+01
  2.724282E-02  3.152202E+01
  2.757791E-02  3.148359E+01
  2.791712E-02  3.144476E+01
  2.826050E-02  3.140559E+01
  2.860810E-02  3.136611E+01
  2.895998E-02  3.132635E+01
  2.931619E-02  3.128637E+01
  2.967678E-02  3.124620E+01
  3.004180E-02  3.120588E+01
  3.041131E-02  3.116545E+01
  3.078537E-02  3.112494E+01
  3.116403E-02  3.108439E+01
  3.154735E-02  3.104384E+01
  3.193538E-02  3.100332E+01
  3.232819E-02  3.096287E+01
  3.272583E-02  3.092251E+01
  3.312835E-02  3.088228E+01
  3.353583E-02  3.084220E+01
  3.394832E-02  3.080231E+01
  3.436589E-02  3.076263E+01
  3.478859E-02  3.072319E+01
  3.521649E-02  3.068401E+01
  3.564965E-02  3.064510E+01
  3.608814E-02  3.060650E+01
  3.653203E-02  3.056822E+01
  3.698137E-02  3.053028E+01
  3.743624E-02  3.049269E+01
  3.789671E-02  3.045547E+01
  3.836284E-02  3.041863E+01
  3.883470E-02  3.038218E+01
  3.931237E-02  3.034613E+01
  3.979591E-02  3.031049E+01
  4.028540E-02  3.027527E+01
  4.078091E-02  3.024046E+01
  4.128251E-02  3.020608E+01
  4.179029E-02  3.017212E+01
  4.230431E-02  3.013859E+01
  4.282465E-02  3.010548E+01
  4.335139E-02  3.007279E+01
  4.388462E-02  3.004052E+01
  4.442440E-02  3.000867E+01
  4.497082E-02  2.997722E+01
  4.552396E-02  2.994616E+01
  4.608390E-02  2.991550E+01
  4.665073E-02  2.988522E+01
  4.722454E-02  2.985530E+01
  4.780540E-02  2.982575E+01
  4.839341E-02  2.979653E+01
  4.898865E-02  2.976765E+01
  4.959121E-02  2.973908E+01
  5.020118E-02  2.971081E+01
  5.081865E-02  2.968282E+01
  5.144372E-02  2.965509E+01
  5.207648E-02  2.962761E+01
  5.271702E-02  2.960036E+01
  5.336544E-02  2.957331E+01
  5.402183E-02  2.954645E+01
  5.468630E-02  2.951975E+01
  5.535894E-02  2.949320E+01
  5.603986E-02  2.946676E+01
  5.672915E-02  2.944043E+01
  5.742692E-02  2.941416E+01
  5.813327E-02  2.938795E+01
  5.884831E-02  2.936176E+01
  5.957214E-02  2.933558E+01
  6.030488E-02  2.930936E+01
  6.104663E-02  2.928310E+01
  6.179750E-02  2.925676E+01
  6.255761E-02  2.923031E+01
  6.332707E-02  2.920374E+01
  6.410600E-02  2.917700E+01
  6.489450E-02  2.915008E+01
  6.569270E-02  2.912295E+01
  6.650072E-02  2.909557E+01
  6.731868E-02  2.906792E+01
  6.814670E-02  2.903997E+01
  6.898490E-02  2.901169E+01
  6.983342E-02  2.898305E+01
  7.069237E-02  2.895402E+01
  7.156189E-02  2.892457E+01
  7.244210E-02  2.889467E+01
  7.333314E-02  2.886428E+01
  7.423513E-02  2.883338E+01
  7.514822E-02  2.880193E+01
  7.607255E-02  2.876991E+01
  7.700824E-02  2.873727E+01
  7.795544E-02  2.870399E+01
  7.891429E-02  2.867003E+01
  7.988494E-02  2.863535E+01
  8.086752E-02  2.859993E+01
  8.186219E-02  2.856373E+01
  8.286910E-02  2.852671E+01
  8.388839E-02  2.848883E+01
  8.492022E-02  2.845006E+01
  8.596474E-02  2.841037E+01
  8.702210E-02  2.836971E+01
  8.809247E-02  2.832805E+01
  8.917601E-02  2.828534E+01
  9.027288E-02  2.824155E+01
  9.138323E-02  2.819664E+01
  9.250725E-02  2.815057E+01
  9.364509E-02  2.810329E+01
  9.479692E-02  2.805477E+01
  9.596292E-02  2.800495E+01
  9.714327E-02  2.795381E+01
  9.833813E-02  2.790128E+01
  9.954769E-02  2.784733E+01
  1.007721E-01  2.779192E+01
  1.020116E-01  2.773498E+01
  1.032664E-01  2.767649E+01
  1.045365E-01  2.761638E+01
  1.058223E-01  2.755461E+01
  1.071240E-01  2.749113E+01
  1.084416E-01  2.742588E+01
  1.097754E-01  2.735882E+01
  1.111256E-01  2.728989E+01
  1.124925E-01  2.721904E+01
  1.138762E-01  2.714622E+01
  1.152768E-01  2.707136E+01
  1.166947E-01  2.699441E+01
  1.181301E-01  2.691531E+01
  1.195831E-01  2.683401E+01
  1.210539E-01  2.675044E+01
  1.225429E-01  2.666454E+01
  1.240502E-01  2.657626E+01
  1.255760E-01  2.648552E+01
  1.271206E-01  2.639227E+01
  1.286842E-01  2.629643E+01
  1.302670E-01  2.619795E+01
  1.318693E-01  2.609676E+01
  1.334913E-01  2.599278E+01
  1.351332E-01  2.588596E+01
  1.367953E-01  2.577621E+01
  1.384779E-01  2.566348E+01
  1.401812E-01  2.554768E+01
  1.419054E-01  2.542875E+01
  1.436509E-01  2.530661E+01
  1.454178E-01  2.518119E+01
  1.472064E-01  2.505241E+01
  1.490171E-01  2.492019E+01
  1.508500E-01  2.478447E+01
  1.527054E-01  2.464515E+01
  1.545837E-01  2.450218E+01
  1.564851E-01  2.435545E+01
  1.584098E-01  2.420490E+01
  1.603583E-01  2.405045E+01
  1.623307E-01  2.389201E+01
  1.643274E-01  2.372950E+01
  1.663486E-01  2.356285E+01
  1.683947E-01  2.339197E+01
  1.704659E-01  2.321677E+01
  1.725627E-01  2.303718E+01
  1.746852E-01  2.285311E+01
  1.768338E-01  2.266449E+01
  1.790089E-01  2.247122E+01
  1.812107E-01  2.227322E+01
  1.834396E-01  2.207042E+01
  1.856959E-01  2.186273E+01
  1.879799E-01  2.165007E+01
  1.902921E-01  2.143236E+01
  1.926327E-01  2.120951E+01
  1.950021E-01  2.098145E+01
  1.974006E-01  2.074810E+01
  1.998286E-01  2.050938E+01
  2.022865E-01  2.026521E+01
  2.047746E-01  2.001552E+01
  2.072934E-01  1.976023E+01
  2.098431E-01  1.949927E+01
  2.124241E-01  1.923257E+01
  2.150370E-01  1.896005E+01
  2.176819E-01  1.868165E+01
  2.203594E-01  1.839730E+01
  2.230698E-01  1.810695E+01
  2.258136E-01  1.781052E+01
  2.285911E-01  1.750795E+01
  2.314028E-01  1.719920E+01
  2.342490E-01  1.688421E+01
  2.371303E-01  1.656293E+01
  2.400470E-01  1.623531E+01
  2.429995E-01  1.590131E+01
  2.459884E-01  1.556089E+01
  2.490141E-01  1.521401E+01
  2.520770E-01  1.486065E+01
  2.551775E-01  1.450078E+01
  2.583162E-01  1.413438E+01
  2.614935E-01  1.376143E+01
  2.647099E-01  1.338192E+01
  2.679658E-01  1.299585E+01
  2.712618E-01  1.260323E+01
  2.745983E-01  1.220406E+01
  2.779759E-01  1.179836E+01
  2.813950E-01  1.138617E+01
  2.848561E-01  1.096750E+01
  2.883598E-01  1.054241E+01
  2.919067E-01  1.011095E+01
  2.954971E-01  9.673185E+00
  2.991317E-01  9.229189E+00
  3.028111E-01  8.779051E+00
  3.065356E-01  8.322870E+00
  3.103060E-01  7.860761E+00
  3.141228E-01  7.392851E+00
  3.179865E-01  6.919285E+00
  3.218977E-01  6.440222E+00
  3.258571E-01  5.955839E+00
  3.298651E-01  5.466331E+00
  3.339225E-01  4.971912E+00
  3.380297E-01  4.472815E+00
  3.421875E-01  3.969295E+00
  3.463964E-01  3.461626E+00
  3.506570E-01  2.950105E+00
  3.549701E-01  2.435053E+00
  3.593363E-01  1.916813E+00
  3.637561E-01  1.395750E+00
  3.682303E-01  8.722554E-01
  3.727595E-01  3.467419E-01
  3.773445E-01 -1.803523E-01
  3.819858E-01 -7.085662E-01
  3.866842E-01 -1.237415E+00
  3.914404E-01 -1.766391E+00
  3.962552E-01 -2.294964E+00
  4.011291E-01 -2.822582E+00
  4.060630E-01 -3.348673E+00
  4.110576E-01 -3.872643E+00
  4.161136E-01 -4.393878E+00
  4.212318E-01 -4.911749E+00
  4.264129E-01 -5.425604E+00
  4.316578E-01 -5.934777E+00
  4.369672E-01 -6.438586E+00
  4.423419E-01 -6.936330E+00
  4.477827E-01 -7.427296E+00
  4.532904E-01 -7.910754E+00
  4.588659E-01 -8.385960E+00
  4.645099E-01 -8.852155E+00
  4.702234E-01 -9.308565E+00
  4.760072E-01 -9.754405E+00
  4.818621E-01 -1.018887E+01
  4.877890E-01 -1.061115E+01
  4.937888E-01 -1.102040E+01
  4.998624E-01 -1.141578E+01
  5.060107E-01 -1.179644E+01
  5.122346E-01 -1.216150E+01
  5.185351E-01 -1.251008E+01
  5.249131E-01 -1.284130E+01
  5.313695E-01 -1.315429E+01
  5.379053E-01 -1.344820E+01
  5.445216E-01 -1.372222E+01
  5.512192E-01 -1.397560E+01
  5.579992E-01 -1.420771E+01
  5.648626E-01 -1.441803E+01
  5.718104E-01 -1.460626E+01
  5.788437E-01 -1.477226E+01
  5.859634E-01 -1.491615E+01
  5.931708E-01 -1.503825E+01
  6.004668E-01 -1.513906E+01
  6.078525E-01 -1.521915E+01
  6.153291E-01 -1.527906E+01
  6.228977E-01 -1.531919E+01
  6.305593E-01 -1.533965E+01
  6.383152E-01 -1.534024E+01
  6.461665E-01 -1.532042E+01
  6.541143E-01 -1.527937E+01
  6.621599E-01 -1.521611E+01
  6.703045E-01 -1.512965E+01
  6.785492E-01 -1.501906E+01
  6.868954E-01 -1.488364E+01
  6.953442E-01 -1.472292E+01
  7.038969E-01 -1.453670E+01
  7.125549E-01 -1.432504E+01
  7.213193E-01 -1.408826E+01
  7.301915E-01 -1.382685E+01
  7.391729E-01 -1.354149E+01
  7.482647E-01 -1.323299E+01
  7.574683E-01 -1.290227E+01
  7.667852E-01 -1.255037E+01
  7.762167E-01 -1.217842E+01
  7.857641E-01 -1.178761E+01
  7.954290E-01 -1.137926E+01
  8.052128E-01 -1.095473E+01
  8.151169E-01 -1.051550E+01
  8.251429E-01 -1.006309E+01
  8.352921E-01 -9.599153E+00
  8.455662E-01 -9.125384E+00
  8.559667E-01 -8.643572E+00
  8.664951E-01 -8.155580E+00
  8.771530E-01 -7.663338E+00
  8.879419E-01 -7.168844E+00
  8.988636E-01 -6.674147E+00
  9.099196E-01 -6.181346E+00
  9.211117E-01 -5.692573E+00
  9.324413E-01 -5.209985E+00
  9.439104E-01 -4.735747E+00
  9.555205E-01 -4.272018E+00
  9.672734E-01 -3.820938E+00
  9.791708E-01 -3.384607E+00
  9.912146E-01 -2.965070E+00
  1.003407E+00 -2.564299E+00
  1.015748E+00 -2.184175E+00
  1.028242E+00 -1.826471E+00
  1.040890E+00 -1.492832E+00
  1.053692E+00 -1.184762E+00
  1.066653E+00 -9.036034E-01
  1.079773E+00 -6.505196E-01
  1.093054E+00 -4.264820E-01
  1.106499E+00 -2.322526E-01
  1.120108E+00 -6.836968E-02
  1.133886E+00  6.486508E-02
  1.147833E+00  1.673976E-01
  1.161951E+00  2.394295E-01
  1.176243E+00  2.814226E-01
  1.190711E+00  2.940988E-01
  1.205356E+00  2.784352E-01
  1.220182E+00  2.356544E-01
  1.235191E+00  1.672113E-01
  1.250383E+00  7.477958E-02
  1.265763E+00 -3.975959E-02
  1.281332E+00 -1.743208E-01
  1.297092E+00 -3.266073E-01
  1.313047E+00 -4.940920E-01
  1.329197E+00 -6.739919E-01
  1.345546E+00 -8.632437E-01
  1.362096E+00 -1.058495E+00
  1.378850E+00 -1.256121E+00
  1.395810E+00 -1.452277E+00
  1.412979E+00 -1.642980E+00
  1.430358E+00 -1.824214E+00
  1.447952E+00 -1.992045E+00
  1.465761E+00 -2.142728E+00
  1.483790E+00 -2.272806E+00
  1.502041E+00 -2.379197E+00
  1.520516E+00 -2.459269E+00
  1.539218E+00 -2.510922E+00
  1.558151E+00 -2.532661E+00
  1.577316E+00 -2.523673E+00
  1.596717E+00 -2.483899E+00
  1.616357E+00 -2.414086E+00
  1.636238E+00 -2.315819E+00
  1.656363E+00 -2.191528E+00
  1.676737E+00 -2.044456E+00
  1.697361E+00 -1.878601E+00
  1.718238E+00 -1.698631E+00
  1.739372E+00 -1.509770E+00
  1.760767E+00 -1.317659E+00
  1.782424E+00 -1.128200E+00
  1.804348E+00 -9.473725E-01
  1.826541E+00 -7.810217E-01
  1.849008E+00 -6.346259E-01
  1.871751E+00 -5.130316E-01
  1.894773E+00 -4.201608E-01
  1.918079E+00 -3.586936E-01
  1.941671E+00 -3.297327E-01
  1.965554E+00 -3.324725E-01
  1.989730E+00 -3.639183E-01
  2.014204E+00 -4.187241E-01
  2.038979E+00 -4.892451E-01
  2.064058E+00 -5.659111E-01
  2.089446E+00 -6.380342E-01
  2.115146E+00 -6.951737E-01
  2.141162E+00 -7.292082E-01
  2.167499E+00 -7.373049E-01
  2.194159E+00 -7.260352E-01
  2.221147E+00 -7.108701E-01
  2.248467E+00 -6.960425E-01
  2.276123E+00 -6.815411E-01
  2.304120E+00 -6.673546E-01
  2.332460E+00 -6.534726E-01
  2.361150E+00 -6.398849E-01
  2.390192E+00 -6.265820E-01
  2.419591E+00 -6.135543E-01
  2.449352E+00 -6.007930E-01
  2.479479E+00 -5.882894E-01
  2.509977E+00 -5.760353E-01
  2.540849E+00 -5.640228E-01
  2.572102E+00 -5.522444E-01
  2.603739E+00 -5.406928E-01
  2.635765E+00 -5.293614E-01
  2.668185E+00 -5.182438E-01
  2.701003E+00 -5.073343E-01
  2.734226E+00 -4.966272E-01
  2.767857E+00 -4.861180E-01
  2.801901E+00 -4.758021E-01
  2.836365E+00 -4.656756E-01
  2.871252E+00 -4.557354E-01
  2.906568E+00 -4.459787E-01
  2.942319E+00 -4.364034E-01
  2.978510E+00 -4.270080E-01
  3.015145E+00 -4.177915E-01
  3.052232E+00 -4.087534E-01
  3.089774E+00 -3.998939E-01
  3.127778E+00 -3.912135E-01
  3.166250E+00 -3.827129E-01
  3.205195E+00 -3.743935E-01
  3.244619E+00 -3.662567E-01
  3.284528E+00 -3.583044E-01
  3.324927E+00 -3.505380E-01
  3.365824E+00 -3.429593E-01
  3.407224E+00 -3.355699E-01
  3.449132E+00 -3.283713E-01
  3.491557E+00 -3.213643E-01
  3.534503E+00 -3.145497E-01
  3.577977E+00 -3.079278E-01
  3.621986E+00 -3.014980E-01
  3.666537E+00 -2.952595E-01
  3.711635E+00 -2.892108E-01
  3.757288E+00 -2.833494E-01
  3.803503E+00 -2.776725E-01
  3.850286E+00 -2.721763E-01
  3.897645E+00 -2.668563E-01
  3.945586E+00 -2.617077E-01
  3.994116E+00 -2.567245E-01
  4.043244E+00 -2.519004E-01
  4.092976E+00 -2.472285E-01
  4.143319E+00 -2.427014E-01
  4.194282E+00 -2.383110E-01
  4.245872E+00 -2.340493E-01
  4.298096E+00 -2.299078E-01
  4.350963E+00 -2.258775E-01
  4.404480E+00 -2.219498E-01
  4.458655E+00 -2.181159E-01
  4.513496E+00 -2.143670E-01
  4.569012E+00 -2.106946E-01
  4.625211E+00 -2.070905E-01
  4.682101E+00 -2.035468E-01
  4.739691E+00 -2.000560E-01
  4.797989E+00 -1.966114E-01
  4.857004E+00 -1.932065E-01
  4.916745E+00 -1.898359E-01
  4.977221E+00 -1.864944E-01
  5.038441E+00 -1.831779E-01
  5.100414E+00 -1.798830E-01
  5.163149E+00 -1.766069E-01
  5.226656E+00 -1.733476E-01
  5.290944E+00 -1.701038E-01
  5.356022E+00 -1.668749E-01
  5.421901E+00 -1.636608E-01
  5.488591E+00 -1.604623E-01
  5.556101E+00 -1.572802E-01
  5.624441E+00 -1.541163E-01
  5.693621E+00 -1.509724E-01
  5.763653E+00 -1.478505E-01
  5.834546E+00 -1.447534E-01
  5.906311E+00 -1.416836E-01
  5.978958E+00 -1.386437E-01
  6.052499E+00 -1.356366E-01
  6.126945E+00 -1.326649E-01
  6.202307E+00 -1.297316E-01
  6.278595E+00 -1.268392E-01
  6.355822E+00 -1.239901E-01
  6.433998E+00 -1.211866E-01
  6.513136E+00 -1.184311E-01
  6.593248E+00 -1.157253E-01
  6.674345E+00 -1.130711E-01
  6.756439E+00 -1.104700E-01
  6.839544E+00 -1.079233E-01
  6.923670E+00 -1.054323E-01
  7.008831E+00 -1.029976E-01
  7.095040E+00 -1.006200E-01
  7.182309E+00 -9.829984E-02
  7.270651E+00 -9.603761E-02
  7.360080E+00 -9.383333E-02
  7.450609E+00 -9.168691E-02
  7.542252E+00 -8.959817E-02
  7.635021E+00 -8.756671E-02
  7.728932E+00 -8.559197E-02
  7.823998E+00 -8.367330E-02
  7.920233E+00 -8.181008E-02
  8.017652E+00 -8.000136E-02
  8.116269E+00 -7.824633E-02
  8.216099E+00 -7.654389E-02
  8.317157E+00 -7.489299E-02
  8.419458E+00 -7.329259E-02
  8.523018E+00 -7.174145E-02
  8.627851E+00 -7.023836E-02
  8.733973E+00 -6.878212E-02
  8.841401E+00 -6.737144E-02
  8.950150E+00 -6.600510E-02
  9.060237E+00 -6.468170E-02
  9.171678E+00 -6.340011E-02
  9.284490E+00 -6.215894E-02
  9.398689E+00 -6.095685E-02
  9.514293E+00 -5.979269E-02
  9.631319E+00 -5.866507E-02
  9.749784E+00 -5.757274E-02
  9.869706E+00 -5.651448E-02
  9.991104E+00 -5.548911E-02
  1.011399E+01 -5.449534E-02
  1.023840E+01 -5.353207E-02
  1.036433E+01 -5.259818E-02
  1.049181E+01 -5.169243E-02
  1.062086E+01 -5.081379E-02
  1.075150E+01 -4.996129E-02
  1.088374E+01 -4.913369E-02
  1.101761E+01 -4.833012E-02
  1.115313E+01 -4.754949E-02
  1.129031E+01 -4.679104E-02
  1.142918E+01 -4.605367E-02
  1.156976E+01 -4.533660E-02
  1.171207E+01 -4.463905E-02
  1.185613E+01 -4.396000E-02
  1.200196E+01 -4.329877E-02
  1.214958E+01 -4.265455E-02
  1.229902E+01 -4.202674E-02
  1.245030E+01 -4.141453E-02
  1.260344E+01 -4.081720E-02
  1.275846E+01 -4.023434E-02
  1.291539E+01 -3.966503E-02
  1.307425E+01 -3.910895E-02
  1.323506E+01 -3.856536E-02
  1.339785E+01 -3.803374E-02
  1.356264E+01 -3.751375E-02
  1.372947E+01 -3.700474E-02
  1.389834E+01 -3.650627E-02
  1.406929E+01 -3.601798E-02
  1.424234E+01 -3.553940E-02
  1.441752E+01 -3.507017E-02
  1.459486E+01 -3.460991E-02
  1.477437E+01 -3.415823E-02
  1.495610E+01 -3.371475E-02
  1.514006E+01 -3.327935E-02
  1.532628E+01 -3.285152E-02
  1.551479E+01 -3.243104E-02
  1.570563E+01 -3.201779E-02
  1.589880E+01 -3.161130E-02
  1.609436E+01 -3.121144E-02
  1.629232E+01 -3.081802E-02
  1.649272E+01 -3.043078E-02
  1.669558E+01 -3.004951E-02
  1.690093E+01 -2.967402E-02
  1.710881E+01 -2.930419E-02
  1.731925E+01 -2.893988E-02
  1.753228E+01 -2.858074E-02
  1.774793E+01 -2.822683E-02
  1.796622E+01 -2.787796E-02
  1.818721E+01 -2.753398E-02
  1.841091E+01 -2.719474E-02
  1.863737E+01 -2.686015E-02
  1.886661E+01 -2.653010E-02
  1.909867E+01 -2.620449E-02
  1.933358E+01 -2.586174E-02
  1.957138E+01 -2.554750E-02
  1.981211E+01 -2.523709E-02
  2.005580E+01 -2.493045E-02
  2.030249E+01 -2.462753E-02
  2.055221E+01 -2.432829E-02
  2.080500E+01 -2.403269E-02
  2.106090E+01 -2.374068E-02
  2.131995E+01 -2.345222E-02
  2.158218E+01 -2.316725E-02
  2.184764E+01 -2.288576E-02
  2.211637E+01 -2.260768E-02
  2.238840E+01 -2.233300E-02
  2.266378E+01 -2.206163E-02
  2.294254E+01 -2.179357E-02
  2.322474E+01 -2.152877E-02
  2.351040E+01 -2.126718E-02
  2.379958E+01 -2.100878E-02
  2.409231E+01 -2.075350E-02
  2.438865E+01 -2.050134E-02
  2.468863E+01 -2.025224E-02
  2.499230E+01 -2.000616E-02
  2.529971E+01 -1.976307E-02
  2.561089E+01 -1.952294E-02
  2.592591E+01 -1.928573E-02
  2.624479E+01 -1.905139E-02
  2.656761E+01 -1.881992E-02
  2.689439E+01 -1.859124E-02
  2.722519E+01 -1.836535E-02
  2.756006E+01 -1.814220E-02
  2.789905E+01 -1.792176E-02
  2.824220E+01 -1.770400E-02
  2.858958E+01 -1.748889E-02
  2.894124E+01 -1.727639E-02
  2.929721E+01 -1.706647E-02
  2.965757E+01 -1.685910E-02
  3.002236E+01 -1.665426E-02
  3.039163E+01 -1.645190E-02
  3.076545E+01 -1.625199E-02
  3.114386E+01 -1.605453E-02
  3.152693E+01 -1.585945E-02
  3.191471E+01 -1.566675E-02
  3.230727E+01 -1.547639E-02
  3.270465E+01 -1.528834E-02
  3.310691E+01 -1.510259E-02
  3.351413E+01 -1.491908E-02
  3.392635E+01 -1.473781E-02
  3.434365E+01 -1.455873E-02
  3.476607E+01 -1.438183E-02
  3.519369E+01 -1.420709E-02
  3.562658E+01 -1.403446E-02
  3.606478E+01 -1.386394E-02
  3.650838E+01 -1.369549E-02
  3.695743E+01 -1.352907E-02
  3.741201E+01 -1.336469E-02
  3.787218E+01 -1.320231E-02
  3.833801E+01 -1.304189E-02
  3.880956E+01 -1.288342E-02
  3.928692E+01 -1.272689E-02
  3.977015E+01 -1.257225E-02
  4.025932E+01 -1.241948E-02
  4.075451E+01 -1.226858E-02
  4.125579E+01 -1.211951E-02
  4.176324E+01 -1.197225E-02
  4.227693E+01 -1.182678E-02
  4.279693E+01 -1.168308E-02
  4.332334E+01 -1.154112E-02
  4.385621E+01 -1.140090E-02
  4.439564E+01 -1.126236E-02
  4.494171E+01 -1.112552E-02
  4.549449E+01 -1.099034E-02
  4.605408E+01 -1.085681E-02
  4.662054E+01 -1.072489E-02
  4.719397E+01 -1.059457E-02
  4.777446E+01 -1.046584E-02
  4.836209E+01 -1.033868E-02
  4.895694E+01 -1.021306E-02
  4.955911E+01 -1.008896E-02
  5.016869E+01 -9.966374E-03
  5.078576E+01 -9.845277E-03
  5.141043E+01 -9.725651E-03
  5.204277E+01 -9.607482E-03
  5.268290E+01 -9.490748E-03
  5.333090E+01 -9.375429E-03
  5.398687E+01 -9.261510E-03
  5.465091E+01 -9.148975E-03
  5.532311E+01 -9.037814E-03
  5.600359E+01 -8.927997E-03
  5.669243E+01 -8.819520E-03
  5.738975E+01 -8.712360E-03
  5.809564E+01 -8.606497E-03
  5.881022E+01 -8.501925E-03
  5.953359E+01 -8.398622E-03
  6.026585E+01 -8.296576E-03
  6.100712E+01 -8.195763E-03
  6.175751E+01 -8.096179E-03
  6.251712E+01 -7.997806E-03
  6.328608E+01 -7.900627E-03
  6.406450E+01 -7.804632E-03
  6.485250E+01 -7.709803E-03
  6.565018E+01 -7.616124E-03
  6.645768E+01 -7.523588E-03
  6.727511E+01 -7.432167E-03
  6.810259E+01 -7.341869E-03
  6.894026E+01 -7.252658E-03
  6.978822E+01 -7.164529E-03
  7.064662E+01 -7.077484E-03
  7.151557E+01 -6.991488E-03
  7.239521E+01 -6.906531E-03
  7.328567E+01 -6.822618E-03
  7.418709E+01 -6.739716E-03
  7.509959E+01 -6.657830E-03
  7.602331E+01 -6.576929E-03
  7.695840E+01 -6.497014E-03
  7.790499E+01 -6.418075E-03
  7.886322E+01 -6.340095E-03
  7.983324E+01 -6.263060E-03
