  1.524390E-04  1.630777E-12  3.684823E-09
  1.562043E-04  1.754627E-12  3.923834E-09
  1.600625E-04  1.887882E-12  4.178332E-09
  1.640161E-04  2.031258E-12  4.449319E-09
  1.680673E-04  2.185523E-12  4.738356E-09
  1.722185E-04  2.351503E-12  5.047659E-09
  1.764723E-04  2.530089E-12  5.378297E-09
  1.808312E-04  2.722238E-12  5.731739E-09
  1.852977E-04  2.928979E-12  6.109502E-09
  1.898746E-04  3.151422E-12  6.513208E-09
  1.945645E-04  3.390758E-12  6.944593E-09
  1.993702E-04  3.648270E-12  7.405511E-09
  2.042947E-04  3.925340E-12  7.897948E-09
  2.093407E-04  4.223451E-12  8.424025E-09
  2.145114E-04  4.544203E-12  8.986010E-09
  2.198099E-04  4.889314E-12  9.586328E-09
  2.252392E-04  5.260635E-12  1.022757E-08
  2.308026E-04  5.660156E-12  1.091252E-08
  2.365034E-04  6.090019E-12  1.164412E-08
  2.423450E-04  6.552528E-12  1.242556E-08
  2.483310E-04  7.050162E-12  1.326021E-08
  2.544647E-04  7.585590E-12  1.415170E-08
  2.607500E-04  8.161680E-12  1.510391E-08
  2.671905E-04  8.781522E-12  1.612096E-08
  2.737902E-04  9.448439E-12  1.720729E-08
  2.805528E-04  1.016600E-11  1.836763E-08
  2.874824E-04  1.093807E-11  1.960704E-08
  2.945832E-04  1.176876E-11  2.093093E-08
  3.018594E-04  1.266254E-11  2.234508E-08
  3.093154E-04  1.362421E-11  2.385568E-08
  3.169555E-04  1.465890E-11  2.546935E-08
  3.247843E-04  1.577218E-11  2.719316E-08
  3.328064E-04  1.697000E-11  2.903467E-08
  3.410268E-04  1.825880E-11  3.100198E-08
  3.494501E-04  1.964547E-11  3.310374E-08
  3.580815E-04  2.113745E-11  3.534920E-08
  3.669262E-04  2.274275E-11  3.774826E-08
  3.759892E-04  2.446995E-11  4.031152E-08
  3.852762E-04  2.632833E-11  4.305030E-08
  3.947925E-04  2.832785E-11  4.597671E-08
  4.045439E-04  3.047922E-11  4.910373E-08
  4.145361E-04  3.279398E-11  5.244521E-08
  4.247751E-04  3.528453E-11  5.601600E-08
  4.352671E-04  3.796423E-11  5.983197E-08
  4.460182E-04  4.084744E-11  6.391010E-08
  4.570348E-04  4.394961E-11  6.826857E-08
  4.683236E-04  4.728739E-11  7.292683E-08
  4.798912E-04  5.087865E-11  7.790569E-08
  4.917445E-04  5.474265E-11  8.322742E-08
  5.038906E-04  5.890010E-11  8.891586E-08
  5.163367E-04  6.337330E-11  9.499652E-08
  5.290902E-04  6.818621E-11  1.014967E-07
  5.421587E-04  7.336464E-11  1.084456E-07
  5.555500E-04  7.893635E-11  1.158746E-07
  5.692721E-04  8.493121E-11  1.238171E-07
  5.833331E-04  9.138134E-11  1.323089E-07
  5.977415E-04  9.832134E-11  1.413885E-07
  6.125057E-04  1.057884E-10  1.510969E-07
  6.276346E-04  1.138225E-10  1.614782E-07
  6.431372E-04  1.224669E-10  1.725794E-07
  6.590226E-04  1.317677E-10  1.844509E-07
  6.753005E-04  1.417748E-10  1.971468E-07
  6.919804E-04  1.525420E-10  2.107248E-07
  7.090723E-04  1.641268E-10  2.252470E-07
  7.265864E-04  1.765915E-10  2.407795E-07
  7.445331E-04  1.900029E-10  2.573935E-07
  7.629231E-04  2.044327E-10  2.751650E-07
  7.817673E-04  2.199584E-10  2.941754E-07
  8.010769E-04  2.366633E-10  3.145121E-07
  8.208635E-04  2.546368E-10  3.362684E-07
  8.411389E-04  2.739753E-10  3.595445E-07
  8.619150E-04  2.947825E-10  3.844476E-07
  8.832043E-04  3.171699E-10  4.110926E-07
  9.050194E-04  3.412576E-10  4.396027E-07
  9.273734E-04  3.671746E-10  4.701095E-07
  9.502795E-04  3.950598E-10  5.027544E-07
  9.737514E-04  4.250628E-10  5.376888E-07
  9.978031E-04  4.573445E-10  5.750747E-07
  1.022449E-03  4.920777E-10  6.150859E-07
  1.047703E-03  5.294489E-10  6.579086E-07
  1.073582E-03  5.696582E-10  7.037423E-07
  1.100099E-03  6.129212E-10  7.528006E-07
  1.127272E-03  6.594698E-10  8.053127E-07
  1.155115E-03  7.095537E-10  8.615240E-07
  1.183646E-03  7.634411E-10  9.216975E-07
  1.212883E-03  8.214211E-10  9.861151E-07
  1.242841E-03  8.838045E-10  1.055079E-06
  1.273539E-03  9.509256E-10  1.128913E-06
  1.304995E-03  1.023144E-09  1.207964E-06
  1.337229E-03  1.100848E-09  1.292603E-06
  1.370258E-03  1.184452E-09  1.383231E-06
  1.404104E-03  1.274406E-09  1.480273E-06
  1.438785E-03  1.371192E-09  1.584187E-06
  1.474323E-03  1.475328E-09  1.695465E-06
  1.510739E-03  1.587373E-09  1.814633E-06
  1.548054E-03  1.707927E-09  1.942254E-06
  1.586291E-03  1.837637E-09  2.078933E-06
  1.625472E-03  1.977198E-09  2.225317E-06
  1.665621E-03  2.127358E-09  2.382102E-06
  1.706762E-03  2.288921E-09  2.550032E-06
  1.748919E-03  2.462756E-09  2.729904E-06
  1.792118E-03  2.649792E-09  2.922574E-06
  1.836383E-03  2.851032E-09  3.128959E-06
  1.881742E-03  3.067557E-09  3.350042E-06
  1.928221E-03  3.300525E-09  3.586876E-06
  1.975848E-03  3.551187E-09  3.840592E-06
  2.024651E-03  3.820885E-09  4.112398E-06
  2.074660E-03  4.111066E-09  4.403595E-06
  2.125904E-03  4.423285E-09  4.715571E-06
  2.178414E-03  4.759217E-09  5.049820E-06
  2.232221E-03  5.120661E-09  5.407938E-06
  2.287357E-03  5.509555E-09  5.791640E-06
  2.343854E-03  5.927985E-09  6.202763E-06
  2.401748E-03  6.378193E-09  6.643274E-06
  2.461071E-03  6.862593E-09  7.115284E-06
  2.521859E-03  7.383782E-09  7.621056E-06
  2.584149E-03  7.944553E-09  8.163012E-06
  2.647978E-03  8.547913E-09  8.743753E-06
  2.713383E-03  9.197097E-09  9.366062E-06
  2.780403E-03  9.895585E-09  1.003293E-05
  2.849079E-03  1.064712E-08  1.074754E-05
  2.919451E-03  1.145573E-08  1.151334E-05
  2.991562E-03  1.232576E-08  1.233399E-05
  3.065453E-03  1.326186E-08  1.321344E-05
  3.141170E-03  1.426906E-08  1.415590E-05
  3.218757E-03  1.535275E-08  1.516590E-05
  3.298260E-03  1.651874E-08  1.624828E-05
  3.379727E-03  1.777329E-08  1.740823E-05
  3.463207E-03  1.912312E-08  1.865131E-05
  3.548748E-03  2.057547E-08  1.998350E-05
  3.636402E-03  2.213812E-08  2.141117E-05
  3.726221E-03  2.381946E-08  2.294116E-05
  3.818259E-03  2.562849E-08  2.458081E-05
  3.912570E-03  2.757491E-08  2.633796E-05
  4.009210E-03  2.966916E-08  2.822103E-05
  4.108238E-03  3.192247E-08  3.023903E-05
  4.209711E-03  3.434692E-08  3.240160E-05
  4.313691E-03  3.695550E-08  3.471908E-05
  4.420239E-03  3.976221E-08  3.720253E-05
  4.529419E-03  4.278209E-08  3.986381E-05
  4.641296E-03  4.603132E-08  4.271560E-05
  4.755936E-03  4.952734E-08  4.577150E-05
  4.873407E-03  5.328889E-08  4.904604E-05
  4.993780E-03  5.733613E-08  5.255481E-05
  5.117127E-03  6.169077E-08  5.631447E-05
  5.243520E-03  6.637615E-08  6.034286E-05
  5.373035E-03  7.141739E-08  6.465910E-05
  5.505749E-03  7.684153E-08  6.928361E-05
  5.641741E-03  8.267766E-08  7.423828E-05
  5.781092E-03  8.895705E-08  7.954649E-05
  5.923885E-03  9.571339E-08  8.523331E-05
  6.070205E-03  1.029829E-07  9.132551E-05
  6.220139E-03  1.108046E-07  9.785175E-05
  6.373776E-03  1.192203E-07  1.048427E-04
  6.531208E-03  1.282753E-07  1.123311E-04
  6.692529E-03  1.380181E-07  1.203520E-04
  6.857835E-03  1.485009E-07  1.289430E-04
  7.027223E-03  1.597799E-07  1.381440E-04
  7.200796E-03  1.719157E-07  1.479980E-04
  7.378655E-03  1.849733E-07  1.585507E-04
  7.560908E-03  1.990228E-07  1.698510E-04
  7.747662E-03  2.141394E-07  1.819512E-04
  7.939030E-03  2.304043E-07  1.949073E-04
  8.135124E-03  2.479048E-07  2.087788E-04
  8.336061E-03  2.667346E-07  2.236296E-04
  8.541962E-03  2.869947E-07  2.395276E-04
  8.752948E-03  3.087940E-07  2.565457E-04
  8.969146E-03  3.322492E-07  2.747613E-04
  9.190684E-03  3.574862E-07  2.942574E-04
  9.417694E-03  3.846404E-07  3.151224E-04
  9.650311E-03  4.138575E-07  3.374506E-04
  9.888674E-03  4.452942E-07  3.613427E-04
  1.013292E-02  4.791191E-07  3.869061E-04
  1.038321E-02  5.155138E-07  4.142553E-04
  1.063967E-02  5.546736E-07  4.435125E-04
  1.090247E-02  5.968085E-07  4.748077E-04
  1.117176E-02  6.421448E-07  5.082798E-04
  1.144771E-02  6.909255E-07  5.440766E-04
  1.173046E-02  7.434127E-07  5.823558E-04
  1.202021E-02  7.998880E-07  6.232851E-04
  1.231711E-02  8.606544E-07  6.670432E-04
  1.262134E-02  9.260383E-07  7.138205E-04
  1.293309E-02  9.963905E-07  7.638194E-04
  1.325253E-02  1.072089E-06  8.172556E-04
  1.357987E-02  1.153540E-06  8.743583E-04
  1.391529E-02  1.241180E-06  9.353715E-04
  1.425900E-02  1.335482E-06  1.000555E-03
  1.461120E-02  1.436950E-06  1.070183E-03
  1.497209E-02  1.546130E-06  1.144550E-03
  1.534191E-02  1.663609E-06  1.223967E-03
  1.572085E-02  1.790017E-06  1.308765E-03
  1.610916E-02  1.926033E-06  1.399294E-03
  1.650705E-02  2.072390E-06  1.495927E-03
  1.691478E-02  2.229872E-06  1.599060E-03
  1.733257E-02  2.399327E-06  1.709112E-03
  1.776069E-02  2.581665E-06  1.826527E-03
  1.819937E-02  2.777866E-06  1.951778E-03
  1.864890E-02  2.988987E-06  2.085364E-03
  1.910953E-02  3.216161E-06  2.227813E-03
  1.958153E-02  3.460611E-06  2.379686E-03
  2.006520E-02  3.723652E-06  2.541576E-03
  2.056081E-02  4.006699E-06  2.714110E-03
  2.106866E-02  4.311276E-06  2.897950E-03
  2.158905E-02  4.639021E-06  3.093800E-03
  2.212230E-02  4.991699E-06  3.302398E-03
  2.266872E-02  5.371210E-06  3.524527E-03
  2.322864E-02  5.779596E-06  3.761012E-03
  2.380239E-02  6.219059E-06  4.012725E-03
  2.439031E-02  6.691965E-06  4.280583E-03
  2.499275E-02  7.200864E-06  4.565556E-03
  2.561007E-02  7.748498E-06  4.868661E-03
  2.624264E-02  8.337822E-06  5.190973E-03
  2.689083E-02  8.972013E-06  5.533620E-03
  2.755504E-02  9.654493E-06  5.897790E-03
  2.823564E-02  1.038895E-05  6.284730E-03
  2.893307E-02  1.117933E-05  6.695750E-03
  2.964771E-02  1.202993E-05  7.132225E-03
  3.038001E-02  1.294532E-05  7.595598E-03
  3.113040E-02  1.393047E-05  8.087379E-03
  3.189932E-02  1.499068E-05  8.609150E-03
  3.268723E-02  1.613170E-05  9.162568E-03
  3.349461E-02  1.735970E-05  9.749363E-03
  3.432192E-02  1.868133E-05  1.037135E-02
  3.516967E-02  2.010374E-05  1.103040E-02
  3.603836E-02  2.163463E-05  1.172850E-02
  3.692851E-02  2.328232E-05  1.246770E-02
  3.784065E-02  2.505572E-05  1.325012E-02
  3.877531E-02  2.696447E-05  1.407800E-02
  3.973306E-02  2.901892E-05  1.495363E-02
  4.071447E-02  3.123023E-05  1.587942E-02
  4.172011E-02  3.361043E-05  1.685785E-02
  4.275060E-02  3.617246E-05  1.789147E-02
  4.380654E-02  3.893027E-05  1.898296E-02
  4.488856E-02  4.189887E-05  2.013505E-02
  4.599731E-02  4.509444E-05  2.135057E-02
  4.713344E-02  4.853443E-05  2.263243E-02
  4.829764E-02  5.223760E-05  2.398364E-02
  4.949059E-02  5.622419E-05  2.540727E-02
  5.071301E-02  6.051602E-05  2.690646E-02
  5.196562E-02  6.513656E-05  2.848445E-02
  5.324917E-02  7.011115E-05  3.014452E-02
  5.456443E-02  7.546707E-05  3.189003E-02
  5.591217E-02  8.123374E-05  3.372438E-02
  5.729320E-02  8.744287E-05  3.565103E-02
  5.870834E-02  9.412863E-05  3.767348E-02
  6.015844E-02  1.013279E-04  3.979525E-02
  6.164435E-02  1.090803E-04  4.201988E-02
  6.316696E-02  1.174289E-04  4.435092E-02
  6.472719E-02  1.264197E-04  4.679191E-02
  6.632595E-02  1.361026E-04  4.934637E-02
  6.796420E-02  1.465315E-04  5.201778E-02
  6.964292E-02  1.577642E-04  5.480958E-02
  7.136310E-02  1.698634E-04  5.772511E-02
  7.312576E-02  1.828966E-04  6.076764E-02
  7.493197E-02  1.969367E-04  6.394033E-02
  7.678279E-02  2.120624E-04  6.724618E-02
  7.867933E-02  2.283587E-04  7.068805E-02
  8.062271E-02  2.459171E-04  7.426860E-02
  8.261409E-02  2.648369E-04  7.799030E-02
  8.465465E-02  2.852250E-04  8.185535E-02
  8.674562E-02  3.071969E-04  8.586570E-02
  8.888824E-02  3.308775E-04  9.002298E-02
  9.108378E-02  3.564018E-04  9.432850E-02
  9.333355E-02  3.839157E-04  9.878319E-02
  9.563889E-02  4.135769E-04  1.033876E-01
  9.800117E-02  4.455559E-04  1.081417E-01
  1.004218E-01  4.800372E-04  1.130452E-01
  1.029022E-01  5.172204E-04  1.180971E-01
  1.054439E-01  5.573214E-04  1.232960E-01
  1.080484E-01  6.005739E-04  1.286396E-01
  1.107172E-01  6.472311E-04  1.341254E-01
  1.134519E-01  6.975670E-04  1.397498E-01
  1.162541E-01  7.518784E-04  1.455086E-01
  1.191256E-01  8.104869E-04  1.513970E-01
  1.220680E-01  8.737413E-04  1.574091E-01
  1.250831E-01  9.420194E-04  1.635383E-01
  1.281726E-01  1.015731E-03  1.697771E-01
  1.313385E-01  1.095321E-03  1.761171E-01
  1.345826E-01  1.181272E-03  1.825488E-01
  1.379068E-01  1.274107E-03  1.890617E-01
  1.413131E-01  1.374396E-03  1.956445E-01
  1.448035E-01  1.482755E-03  2.022845E-01
  1.483801E-01  1.599857E-03  2.089681E-01
  1.520451E-01  1.726430E-03  2.156807E-01
  1.558006E-01  1.863269E-03  2.224063E-01
  1.596489E-01  2.011236E-03  2.291280E-01
  1.635922E-01  2.171271E-03  2.358277E-01
  1.676330E-01  2.344394E-03  2.424861E-01
  1.717735E-01  2.531720E-03  2.490829E-01
  1.760163E-01  2.734462E-03  2.555967E-01
  1.803639E-01  2.953939E-03  2.620049E-01
  1.848189E-01  3.191592E-03  2.682840E-01
  1.893839E-01  3.448992E-03  2.744094E-01
  1.940617E-01  3.727853E-03  2.803556E-01
  1.988550E-01  4.030043E-03  2.860962E-01
  2.037668E-01  4.357603E-03  2.916040E-01
  2.087998E-01  4.712761E-03  2.968510E-01
  2.139572E-01  5.097952E-03  3.018084E-01
  2.192419E-01  5.515834E-03  3.064468E-01
  2.246572E-01  5.969314E-03  3.107360E-01
  2.302062E-01  6.461568E-03  3.146454E-01
  2.358923E-01  6.996069E-03  3.181440E-01
  2.417188E-01  7.576615E-03  3.212001E-01
  2.476893E-01  8.207360E-03  3.237819E-01
  2.538072E-01  8.892849E-03  3.258575E-01
  2.600763E-01  9.638051E-03  3.273950E-01
  2.665001E-01  1.044841E-02  3.283629E-01
  2.730827E-01  1.132986E-02  3.287301E-01
  2.798278E-01  1.228892E-02  3.284665E-01
  2.867396E-01  1.333271E-02  3.275424E-01
  2.938221E-01  1.446900E-02  3.259298E-01
  3.010795E-01  1.570630E-02  3.236014E-01
  3.085161E-01  1.705391E-02  3.205319E-01
  3.161365E-01  1.852198E-02  3.166971E-01
  3.239450E-01  2.012160E-02  3.120748E-01
  3.319465E-01  2.186485E-02  3.066449E-01
  3.401456E-01  2.376491E-02  3.003890E-01
  3.485472E-01  2.583615E-02  2.932913E-01
  3.571563E-01  2.809417E-02  2.853382E-01
  3.659780E-01  3.055594E-02  2.765188E-01
  3.750177E-01  3.323986E-02  2.668245E-01
  3.842806E-01  3.616588E-02  2.562498E-01
  3.937724E-01  3.935554E-02  2.447919E-01
  4.034985E-01  4.283211E-02  2.324509E-01
  4.134649E-01  4.662061E-02  2.192302E-01
  4.236775E-01  5.074791E-02  2.051358E-01
  4.341424E-01  5.524275E-02  1.901774E-01
  4.448657E-01  6.013577E-02  1.743675E-01
  4.558539E-01  6.545950E-02  1.577221E-01
  4.671135E-01  7.124833E-02  1.402605E-01
  4.786512E-01  7.753838E-02  1.220051E-01
  4.904738E-01  8.436740E-02  1.029818E-01
  5.025885E-01  9.177451E-02  8.321975E-02
  5.150025E-01  9.979995E-02  6.275140E-02
  5.277230E-01  1.084846E-01  4.161240E-02
  5.407578E-01  1.178697E-01  1.984157E-02
  5.541145E-01  1.279959E-01 -2.519198E-03
  5.678011E-01  1.389028E-01 -2.542505E-02
  5.818258E-01  1.506281E-01 -4.882830E-02
  5.961969E-01  1.632064E-01 -7.267862E-02
  6.109230E-01  1.766680E-01 -9.692315E-02
  6.260128E-01  1.910381E-01 -1.215068E-01
  6.414753E-01  2.063349E-01 -1.463723E-01
  6.573197E-01  2.225684E-01 -1.714606E-01
  6.735555E-01  2.397387E-01 -1.967113E-01
  6.901924E-01  2.578350E-01 -2.220625E-01
  7.072401E-01  2.768335E-01 -2.474516E-01
  7.247089E-01  2.966964E-01 -2.728154E-01
  7.426093E-01  3.173708E-01 -2.980905E-01
  7.609517E-01  3.387879E-01 -3.232130E-01
  7.797472E-01  3.608628E-01 -3.481188E-01
  7.990070E-01  3.834945E-01 -3.727431E-01
  8.187424E-01  4.065664E-01 -3.970196E-01
  8.389654E-01  4.299475E-01 -4.208811E-01
  8.596878E-01  4.534938E-01 -4.442589E-01
  8.809221E-01  4.770497E-01 -4.670838E-01
  9.026809E-01  5.004496E-01 -4.892868E-01
  9.249771E-01  5.235194E-01 -5.108004E-01
  9.478240E-01  5.460794E-01 -5.315592E-01
  9.712353E-01  5.679474E-01 -5.515006E-01
  9.952248E-01  5.889436E-01 -5.705656E-01
  1.019807E+00  6.088956E-01 -5.886985E-01
  1.044996E+00  6.276450E-01 -6.058481E-01
  1.070807E+00  6.450528E-01 -6.219672E-01
  1.097256E+00  6.610046E-01 -6.370134E-01
  1.124359E+00  6.754150E-01 -6.509492E-01
  1.152130E+00  6.882294E-01 -6.637423E-01
  1.180588E+00  6.994254E-01 -6.753658E-01
  1.209748E+00  7.090122E-01 -6.857981E-01
  1.239629E+00  7.170280E-01 -6.950233E-01
  1.270248E+00  7.235365E-01 -7.030311E-01
  1.301623E+00  7.286213E-01 -7.098167E-01
  1.333773E+00  7.323798E-01 -7.153806E-01
  1.366718E+00  7.349162E-01 -7.197285E-01
  1.400475E+00  7.363342E-01 -7.228713E-01
  1.435067E+00  7.367295E-01 -7.248246E-01
  1.470513E+00  7.361834E-01 -7.256086E-01
  1.506835E+00  7.347578E-01 -7.252477E-01
  1.544054E+00  7.324915E-01 -7.237702E-01
  1.582192E+00  7.293989E-01 -7.212081E-01
  1.621272E+00  7.254718E-01 -7.175968E-01
  1.661318E+00  7.206831E-01 -7.129744E-01
  1.702352E+00  7.149942E-01 -7.073816E-01
  1.744400E+00  7.083636E-01 -7.008615E-01
  1.787487E+00  7.007584E-01 -6.934589E-01
  1.831638E+00  6.921640E-01 -6.852201E-01
  1.876879E+00  6.825944E-01 -6.761924E-01
  1.923238E+00  6.720979E-01 -6.664242E-01
  1.970742E+00  6.607585E-01 -6.559640E-01
  2.019419E+00  6.486910E-01 -6.448607E-01
  2.069299E+00  6.360299E-01 -6.331628E-01
  2.120411E+00  6.229120E-01 -6.209187E-01
  2.172785E+00  6.094572E-01 -6.081759E-01
  2.226453E+00  5.957510E-01 -5.949812E-01
  2.281446E+00  5.818319E-01 -5.813801E-01
  2.337798E+00  5.676965E-01 -5.674172E-01
  2.395541E+00  5.533196E-01 -5.531355E-01
  2.454711E+00  5.386955E-01 -5.385764E-01
  2.515343E+00  5.238482E-01 -5.237797E-01
  2.577472E+00  5.088125E-01 -5.087837E-01
  2.641135E+00  4.936234E-01 -4.936247E-01
  2.706371E+00  4.783142E-01 -4.783375E-01
  2.773219E+00  4.629166E-01 -4.629550E-01
  2.841717E+00  4.474607E-01 -4.475088E-01
  2.911908E+00  4.319756E-01 -4.320290E-01
  2.983832E+00  4.164891E-01 -4.165446E-01
  3.057532E+00  4.010283E-01 -4.010834E-01
  3.133053E+00  3.856194E-01 -3.856726E-01
  3.210440E+00  3.702883E-01 -3.703385E-01
  3.289738E+00  3.550603E-01 -3.551071E-01
  3.370994E+00  3.399608E-01 -3.400039E-01
  3.454258E+00  3.250147E-01 -3.250543E-01
  3.539578E+00  3.102470E-01 -3.102833E-01
  3.627005E+00  2.956824E-01 -2.957157E-01
  3.716593E+00  2.813457E-01 -2.813764E-01
  3.808392E+00  2.672609E-01 -2.672894E-01
  3.902460E+00  2.534520E-01 -2.534785E-01
  3.998850E+00  2.399419E-01 -2.399667E-01
  4.097622E+00  2.267528E-01 -2.267761E-01
  4.198833E+00  2.139055E-01 -2.139275E-01
  4.302544E+00  2.014192E-01 -2.014399E-01
  4.408817E+00  1.893112E-01 -1.893307E-01
  4.517715E+00  1.775971E-01 -1.776155E-01
  4.629303E+00  1.662899E-01 -1.663071E-01
  4.743646E+00  1.554002E-01 -1.554163E-01
  4.860815E+00  1.449365E-01 -1.449515E-01
  4.980877E+00  1.349047E-01 -1.349186E-01
  5.103904E+00  1.253084E-01 -1.253212E-01
  5.229971E+00  1.161488E-01 -1.161606E-01
  5.359151E+00  1.074254E-01 -1.074362E-01
  5.491522E+00  9.913574E-02 -9.914560E-02
  5.627163E+00  9.127563E-02 -9.128459E-02
  5.766154E+00  8.383955E-02 -8.384765E-02
  5.908578E+00  7.682074E-02 -7.682804E-02
  6.054519E+00  7.021135E-02 -7.021790E-02
  6.204066E+00  6.400264E-02 -6.400850E-02
  6.357306E+00  5.818505E-02 -5.819027E-02
  6.514332E+00  5.274829E-02 -5.275293E-02
  6.675236E+00  4.768142E-02 -4.768553E-02
  6.840114E+00  4.297283E-02 -4.297646E-02
  7.009065E+00  3.861033E-02 -3.861352E-02
  7.182189E+00  3.458114E-02 -3.458393E-02
  7.359589E+00  3.087188E-02 -3.087432E-02
  7.541371E+00  2.746870E-02 -2.747082E-02
  7.727643E+00  2.435722E-02 -2.435907E-02
  7.918516E+00  2.152270E-02 -2.152430E-02
  8.114103E+00  1.895004E-02 -1.895142E-02
  8.314521E+00  1.662392E-02 -1.662511E-02
  8.519890E+00  1.452890E-02 -1.452992E-02
  8.730331E+00  1.264951E-02 -1.265040E-02
  8.945970E+00  1.097041E-02 -1.097117E-02
  9.166936E+00  9.476457E-03 -9.477100E-03
  9.393359E+00  8.152825E-03 -8.153372E-03
  9.625375E+00  6.985126E-03 -6.985590E-03
  9.863122E+00  5.959481E-03 -5.959874E-03
  1.010674E+01  5.062605E-03 -5.062936E-03
  1.035638E+01  4.281866E-03 -4.282145E-03
  1.061218E+01  3.605345E-03 -3.605579E-03
  1.087430E+01  3.021866E-03 -3.022061E-03
  1.114290E+01  2.521022E-03 -2.521185E-03
  1.141813E+01  2.093190E-03 -2.093324E-03
  1.170015E+01  1.729524E-03 -1.729635E-03
  1.198915E+01  1.421951E-03 -1.422043E-03
  1.228528E+01  1.163150E-03 -1.163225E-03
  1.258873E+01  9.465208E-04 -9.465823E-04
  1.289967E+01  7.661567E-04 -7.662067E-04
  1.321829E+01  6.168014E-04 -6.168419E-04
  1.354478E+01  4.938090E-04 -4.938416E-04
  1.387934E+01  3.930994E-04 -3.931255E-04
  1.422216E+01  3.111124E-04 -3.111332E-04
  1.457344E+01  2.447619E-04 -2.447784E-04
  1.493341E+01  1.913904E-04 -1.914034E-04
  1.530226E+01  1.487244E-04 -1.487346E-04
  1.568023E+01  1.148324E-04 -1.148403E-04
  1.606753E+01  8.808433E-05 -8.809048E-05
  1.646440E+01  6.711430E-05 -6.711904E-05
  1.687107E+01  5.078574E-05 -5.078936E-05
  1.728778E+01  3.815968E-05 -3.816243E-05
  1.771479E+01  2.846608E-05 -2.846816E-05
  1.815235E+01  2.107815E-05 -2.107970E-05
  1.860071E+01  1.548954E-05 -1.549070E-05
  1.906015E+01  1.129440E-05 -1.129525E-05
  1.953093E+01  8.169994E-06 -8.170617E-06
  2.001335E+01  5.861743E-06 -5.862195E-06
  2.050768E+01  4.170507E-06 -4.170833E-06
  2.101422E+01  2.941820E-06 -2.942053E-06
  2.153327E+01  2.056904E-06 -2.057069E-06
  2.206514E+01  1.425234E-06 -1.425350E-06
  2.261015E+01  9.784339E-07 -9.785145E-07
  2.316862E+01  6.653477E-07 -6.654033E-07
  2.374088E+01  4.480594E-07 -4.480974E-07
  2.432728E+01  2.987350E-07 -2.987607E-07
  2.492817E+01  1.971471E-07 -1.971643E-07
  2.554389E+01  1.287466E-07 -1.287580E-07
  2.617483E+01  8.317768E-08 -8.318515E-08
  2.682135E+01  5.314780E-08 -5.315265E-08
  2.748383E+01  3.357763E-08 -3.358073E-08
  2.816268E+01  2.096894E-08 -2.097090E-08
  2.885830E+01  1.294010E-08 -1.294132E-08
  2.957110E+01  7.888653E-09 -7.889385E-09
  3.030151E+01  4.749414E-09 -4.749821E-09
  3.104996E+01  2.823011E-09 -2.823211E-09
  3.181689E+01  1.656182E-09 -1.656151E-09
  3.260277E+01  0.000000E+00 -9.585256E-10
  3.340806E+01  0.000000E+00 -5.471445E-10
  3.423324E+01  0.000000E+00 -3.079423E-10
  3.507880E+01  0.000000E+00 -2.424426E-03
  3.594524E+01  0.000000E+00 -1.940629E-03
  3.683309E+01  0.000000E+00 -1.542143E-03
  3.774287E+01  0.000000E+00 -1.216403E-03
  3.867512E+01  0.000000E+00 -9.521832E-04
  3.963039E+01  0.000000E+00 -7.395579E-04
  4.060926E+01  0.000000E+00 -5.698340E-04
  4.161231E+01  0.000000E+00 -4.354746E-04
  4.264013E+01  0.000000E+00 -3.300103E-04
  4.369335E+01  0.000000E+00 -2.479429E-04
  4.477257E+01  0.000000E+00 -1.846473E-04
  4.587845E+01  0.000000E+00 -1.362718E-04
  4.701165E+01  0.000000E+00 -9.964234E-05
  4.817284E+01  0.000000E+00 -7.216996E-05
  4.936271E+01  0.000000E+00 -5.176564E-05
  5.058197E+01  0.000000E+00 -3.676159E-05
  5.183134E+01  0.000000E+00 -2.584087E-05
  5.311158E+01  0.000000E+00 -1.797505E-05
  5.442343E+01  0.000000E+00 -1.237001E-05
  5.576769E+01  0.000000E+00 -8.419593E-06
  5.714515E+01  0.000000E+00 -5.666499E-06
  5.855664E+01  0.000000E+00 -3.769810E-06
  6.000299E+01  0.000000E+00 -2.478454E-06
  6.148506E+01  0.000000E+00 -1.609801E-06
  6.300374E+01  0.000000E+00 -1.032679E-06
  6.455994E+01  0.000000E+00 -6.540850E-07
  6.615457E+01  0.000000E+00 -4.089451E-07
  6.778858E+01  0.000000E+00 -2.523310E-07
  6.946296E+01  0.000000E+00 -1.536825E-07
  7.117870E+01  0.000000E+00  0.000000E+00
  7.293681E+01  0.000000E+00  0.000000E+00
  7.473835E+01  0.000000E+00  0.000000E+00
  7.658439E+01  0.000000E+00  0.000000E+00
